Date,Province,Daily_Case,Daily_Death,Daily_Recovered,Active_Case,Cumulative_Case,Cumulative_Recovered,Cumulative_Death,Cumulative_Active_Case
01/03/2020,DKI JAKARTA,2,0,0,2,2,0,0,2
02/03/2020,DKI JAKARTA,2,0,0,2,4,0,0,4
03/03/2020,DKI JAKARTA,2,0,0,2,6,0,0,6
04/03/2020,DKI JAKARTA,2,0,0,2,8,0,0,8
05/03/2020,DKI JAKARTA,0,1,0,-1,8,0,1,7
06/03/2020,DKI JAKARTA,0,0,0,0,8,0,1,7
07/03/2020,DKI JAKARTA,0,2,0,-2,8,0,3,5
08/03/2020,DKI JAKARTA,0,0,0,0,8,0,3,5
09/03/2020,DKI JAKARTA,0,1,0,-1,8,0,4,4
10/03/2020,DKI JAKARTA,0,0,0,0,8,0,4,4
11/03/2020,DKI JAKARTA,0,0,0,0,8,0,4,4
12/03/2020,DKI JAKARTA,2,1,4,-3,10,4,5,1
13/03/2020,DKI JAKARTA,4,1,3,0,14,7,6,1
14/03/2020,DKI JAKARTA,2,1,1,0,16,8,7,1
15/03/2020,DKI JAKARTA,8,3,0,5,24,8,10,6
16/03/2020,DKI JAKARTA,2,3,0,-1,26,8,13,5
17/03/2020,DKI JAKARTA,2,1,0,1,28,8,14,6
18/03/2020,DKI JAKARTA,1,1,0,0,29,8,15,6
19/03/2020,DKI JAKARTA,2,0,1,1,31,9,15,7
20/03/2020,DKI JAKARTA,5,3,1,1,36,10,18,8
21/03/2020,DKI JAKARTA,8,3,6,-1,44,16,21,7
22/03/2020,DKI JAKARTA,2,0,3,-1,46,19,21,6
23/03/2020,DKI JAKARTA,0,0,0,0,46,19,21,6
24/03/2020,DKI JAKARTA,16,19,3,-6,62,22,40,0
25/03/2020,DKI JAKARTA,1,1,0,0,63,22,41,0
26/03/2020,DKI JAKARTA,57,2,0,55,120,22,43,55
27/03/2020,DKI JAKARTA,74,7,6,61,194,28,50,116
28/03/2020,DKI JAKARTA,48,9,9,30,242,37,59,146
29/03/2020,DKI JAKARTA,52,10,0,42,294,37,69,188
30/03/2020,DKI JAKARTA,33,7,0,26,327,37,76,214
31/03/2020,DKI JAKARTA,44,10,0,34,371,37,86,248
01/04/2020,DKI JAKARTA,59,1,0,58,430,37,87,306
02/04/2020,DKI JAKARTA,70,5,2,63,500,39,92,369
03/04/2020,DKI JAKARTA,71,6,2,63,571,41,98,432
04/04/2020,DKI JAKARTA,57,8,5,44,628,46,106,476
05/04/2020,DKI JAKARTA,87,11,2,74,715,48,117,550
06/04/2020,DKI JAKARTA,103,7,7,89,818,55,124,639
07/04/2020,DKI JAKARTA,113,14,3,96,931,58,138,735
08/04/2020,DKI JAKARTA,90,8,5,77,1021,63,146,812
09/04/2020,DKI JAKARTA,228,34,5,189,1249,68,180,1001
10/04/2020,DKI JAKARTA,53,11,4,38,1302,72,191,1039
11/04/2020,DKI JAKARTA,190,10,7,173,1492,79,201,1212
12/04/2020,DKI JAKARTA,156,33,37,86,1648,116,234,1298
13/04/2020,DKI JAKARTA,135,7,1,127,1783,117,241,1425
14/04/2020,DKI JAKARTA,122,10,0,112,1905,117,251,1537
15/04/2020,DKI JAKARTA,143,9,20,114,2048,137,260,1651
16/04/2020,DKI JAKARTA,174,1,0,173,2222,137,261,1824
17/04/2020,DKI JAKARTA,170,7,35,128,2392,172,268,1952
18/04/2020,DKI JAKARTA,101,7,1,93,2493,173,275,2045
19/04/2020,DKI JAKARTA,113,3,25,85,2606,198,278,2130
20/04/2020,DKI JAKARTA,74,5,7,62,2680,205,283,2192
21/04/2020,DKI JAKARTA,183,2,59,122,2863,264,285,2314
22/04/2020,DKI JAKARTA,110,1,8,101,2973,272,286,2415
23/04/2020,DKI JAKARTA,122,0,4,118,3095,276,286,2533
24/04/2020,DKI JAKARTA,78,0,1,77,3173,277,286,2610
25/04/2020,DKI JAKARTA,78,19,7,52,3251,284,305,2662
26/04/2020,DKI JAKARTA,104,7,1,96,3355,285,312,2758
27/04/2020,DKI JAKARTA,66,13,1,52,3421,286,325,2810
28/04/2020,DKI JAKARTA,124,4,22,98,3545,308,329,2908
29/04/2020,DKI JAKARTA,110,0,75,35,3655,383,329,2943
30/04/2020,DKI JAKARTA,106,0,46,60,3761,429,329,3003
01/05/2020,DKI JAKARTA,135,4,2,129,3896,431,333,3132
02/05/2020,DKI JAKARTA,92,17,24,51,3988,455,350,3183
03/05/2020,DKI JAKARTA,129,5,112,12,4117,567,355,3195
04/05/2020,DKI JAKARTA,80,8,3,69,4197,570,363,3264
05/05/2020,DKI JAKARTA,132,1,66,65,4329,636,364,3329
06/05/2020,DKI JAKARTA,106,5,37,64,4435,673,369,3393
07/05/2020,DKI JAKARTA,82,8,4,70,4517,677,377,3463
08/05/2020,DKI JAKARTA,96,1,0,95,4613,677,378,3558
09/05/2020,DKI JAKARTA,98,3,5,90,4711,682,381,3648
10/05/2020,DKI JAKARTA,125,6,49,70,4836,731,387,3718
11/05/2020,DKI JAKARTA,81,6,9,66,4917,740,393,3784
12/05/2020,DKI JAKARTA,96,2,108,-14,5013,848,395,3770
13/05/2020,DKI JAKARTA,180,6,96,78,5193,944,401,3848
14/05/2020,DKI JAKARTA,135,2,134,-1,5328,1078,403,3847
15/05/2020,DKI JAKARTA,86,7,106,-27,5414,1184,410,3820
16/05/2020,DKI JAKARTA,101,0,18,83,5515,1202,410,3903
17/05/2020,DKI JAKARTA,127,3,11,113,5642,1213,413,4016
18/05/2020,DKI JAKARTA,79,0,0,79,5721,1213,413,4095
19/05/2020,DKI JAKARTA,94,7,21,66,5815,1234,420,4161
20/05/2020,DKI JAKARTA,84,1,3,80,5899,1237,421,4241
21/05/2020,DKI JAKARTA,70,8,130,-68,5969,1367,429,4173
22/05/2020,DKI JAKARTA,106,29,55,22,6075,1422,458,4195
23/05/2020,DKI JAKARTA,111,1,54,56,6186,1476,459,4251
24/05/2020,DKI JAKARTA,112,0,20,92,6298,1496,459,4343
25/05/2020,DKI JAKARTA,76,0,65,11,6374,1561,459,4354
26/05/2020,DKI JAKARTA,87,0,13,74,6461,1574,459,4428
27/05/2020,DKI JAKARTA,109,8,16,85,6570,1590,467,4513
28/05/2020,DKI JAKARTA,100,0,20,80,6670,1610,467,4593
29/05/2020,DKI JAKARTA,125,0,38,87,6795,1648,467,4680
30/05/2020,DKI JAKARTA,108,7,255,-154,6903,1903,474,4526
31/05/2020,DKI JAKARTA,113,1,70,42,7016,1973,475,4568
01/06/2020,DKI JAKARTA,157,2,185,-30,7173,2158,477,4538
02/06/2020,DKI JAKARTA,59,0,120,-61,7232,2278,477,4477
03/06/2020,DKI JAKARTA,91,5,181,-95,7323,2459,482,4382
04/06/2020,DKI JAKARTA,109,0,21,88,7432,2480,482,4470
05/06/2020,DKI JAKARTA,70,1,138,-69,7502,2618,483,4401
06/06/2020,DKI JAKARTA,117,0,86,31,7619,2704,483,4432
07/06/2020,DKI JAKARTA,168,4,287,-123,7787,2991,487,4309
08/06/2020,DKI JAKARTA,90,0,75,15,7877,3066,487,4324
09/06/2020,DKI JAKARTA,239,4,163,72,8116,3229,491,4396
10/06/2020,DKI JAKARTA,166,2,141,23,8282,3370,493,4419
11/06/2020,DKI JAKARTA,131,1,147,-17,8413,3517,494,4402
12/06/2020,DKI JAKARTA,92,4,118,-30,8505,3635,498,4372
13/06/2020,DKI JAKARTA,121,8,58,55,8626,3693,506,4427
14/06/2020,DKI JAKARTA,118,9,246,-137,8744,3939,515,4290
15/06/2020,DKI JAKARTA,141,2,111,28,8885,4050,517,4318
16/06/2020,DKI JAKARTA,97,0,132,-35,8982,4182,517,4283
17/06/2020,DKI JAKARTA,122,5,115,2,9104,4297,522,4285
18/06/2020,DKI JAKARTA,171,30,130,11,9275,4427,552,4296
19/06/2020,DKI JAKARTA,133,1,126,6,9408,4553,553,4302
20/06/2020,DKI JAKARTA,189,8,123,58,9597,4676,561,4360
21/06/2020,DKI JAKARTA,141,1,234,-94,9738,4910,562,4266
22/06/2020,DKI JAKARTA,123,0,75,48,9861,4985,562,4314
23/06/2020,DKI JAKARTA,160,8,109,43,10021,5094,570,4357
24/06/2020,DKI JAKARTA,152,8,97,47,10173,5191,578,4404
25/06/2020,DKI JAKARTA,181,9,220,-48,10354,5411,587,4356
26/06/2020,DKI JAKARTA,197,4,0,193,10551,5411,591,4549
27/06/2020,DKI JAKARTA,192,8,68,116,10743,5479,599,4665
28/06/2020,DKI JAKARTA,132,1,255,-124,10875,5734,600,4541
29/06/2020,DKI JAKARTA,122,0,252,-130,10997,5986,600,4411
30/06/2020,DKI JAKARTA,182,8,394,-220,11179,6380,608,4191
01/07/2020,DKI JAKARTA,215,0,168,47,11394,6548,608,4238
02/07/2020,DKI JAKARTA,200,6,192,2,11594,6740,614,4240
03/07/2020,DKI JAKARTA,140,5,240,-105,11734,6980,619,4135
04/07/2020,DKI JAKARTA,218,0,268,-50,11952,7248,619,4085
05/07/2020,DKI JAKARTA,255,5,286,-36,12207,7534,624,4049
06/07/2020,DKI JAKARTA,221,0,374,-153,12428,7908,624,3896
07/07/2020,DKI JAKARTA,193,12,242,-61,12621,8150,636,3835
08/07/2020,DKI JAKARTA,350,6,147,197,12971,8297,642,4032
09/07/2020,DKI JAKARTA,277,6,223,48,13248,8520,648,4080
10/07/2020,DKI JAKARTA,252,0,180,72,13500,8700,648,4152
11/07/2020,DKI JAKARTA,383,10,215,158,13883,8915,658,4310
12/07/2020,DKI JAKARTA,395,10,159,226,14278,9074,668,4536
13/07/2020,DKI JAKARTA,281,7,208,66,14559,9282,675,4602
14/07/2020,DKI JAKARTA,266,4,120,142,14825,9402,679,4744
15/07/2020,DKI JAKARTA,251,5,197,49,15076,9599,684,4793
16/07/2020,DKI JAKARTA,309,8,135,166,15385,9734,692,4959
17/07/2020,DKI JAKARTA,257,6,139,112,15642,9873,698,5071
18/07/2020,DKI JAKARTA,339,8,121,210,15981,9994,706,5281
19/07/2020,DKI JAKARTA,319,9,327,-17,16300,10321,715,5264
20/07/2020,DKI JAKARTA,381,9,155,217,16681,10476,724,5481
21/07/2020,DKI JAKARTA,432,8,266,158,17113,10742,732,5639
22/07/2020,DKI JAKARTA,387,5,367,15,17500,11109,737,5654
23/07/2020,DKI JAKARTA,462,2,168,292,17962,11277,739,5946
24/07/2020,DKI JAKARTA,293,4,270,19,18255,11547,743,5965
25/07/2020,DKI JAKARTA,369,0,175,194,18624,11722,743,6159
26/07/2020,DKI JAKARTA,384,4,161,219,19008,11883,747,6378
27/07/2020,DKI JAKARTA,501,10,112,379,19509,11995,757,6757
28/07/2020,DKI JAKARTA,409,16,374,19,19918,12369,773,6776
29/07/2020,DKI JAKARTA,617,14,250,353,20535,12619,787,7129
30/07/2020,DKI JAKARTA,397,19,188,190,20932,12807,806,7319
31/07/2020,DKI JAKARTA,430,14,405,11,21362,13212,820,7330
01/08/2020,DKI JAKARTA,368,12,680,-324,21730,13892,832,7006
02/08/2020,DKI JAKARTA,377,0,141,236,22107,14033,832,7242
03/08/2020,DKI JAKARTA,472,16,134,322,22579,14167,848,7564
04/08/2020,DKI JAKARTA,410,14,224,172,22989,14391,862,7736
05/08/2020,DKI JAKARTA,354,14,379,-39,23343,14770,876,7697
06/08/2020,DKI JAKARTA,556,13,248,295,23899,15018,889,7992
07/08/2020,DKI JAKARTA,665,12,196,457,24564,15214,901,8449
08/08/2020,DKI JAKARTA,686,11,509,166,25250,15723,912,8615
09/08/2020,DKI JAKARTA,440,6,560,-126,25690,16283,918,8489
10/08/2020,DKI JAKARTA,433,2,179,252,26123,16462,920,8741
11/08/2020,DKI JAKARTA,462,12,184,266,26585,16646,932,9007
12/08/2020,DKI JAKARTA,529,15,822,-308,27114,17468,947,8699
13/08/2020,DKI JAKARTA,608,11,400,197,27722,17868,958,8896
14/08/2020,DKI JAKARTA,538,4,694,-160,28260,18562,962,8736
15/08/2020,DKI JAKARTA,583,6,527,50,28843,19089,968,8786
16/08/2020,DKI JAKARTA,518,1,654,-137,29361,19743,969,8649
17/08/2020,DKI JAKARTA,552,14,209,329,29913,19952,983,8978
18/08/2020,DKI JAKARTA,513,19,589,-95,30426,20541,1002,8883
19/08/2020,DKI JAKARTA,551,18,570,-37,30977,21111,1020,8846
20/08/2020,DKI JAKARTA,594,16,729,-151,31571,21840,1036,8695
21/08/2020,DKI JAKARTA,657,16,435,206,32228,22275,1052,8901
22/08/2020,DKI JAKARTA,588,17,653,-82,32816,22928,1069,8819
23/08/2020,DKI JAKARTA,614,17,693,-96,33430,23621,1086,8723
24/08/2020,DKI JAKARTA,633,16,1901,-1284,34063,25522,1102,7439
25/08/2020,DKI JAKARTA,638,15,526,97,34701,26048,1117,7536
26/08/2020,DKI JAKARTA,713,7,764,-58,35414,26812,1124,7478
27/08/2020,DKI JAKARTA,760,11,1539,-790,36174,28351,1135,6688
28/08/2020,DKI JAKARTA,869,10,880,-21,37043,29231,1145,6667
29/08/2020,DKI JAKARTA,861,18,600,243,37904,29831,1163,6910
30/08/2020,DKI JAKARTA,1094,9,368,717,38998,30199,1172,7627
31/08/2020,DKI JAKARTA,1049,14,402,633,40047,30601,1186,8260
01/09/2020,DKI JAKARTA,901,17,737,147,40948,31338,1203,8407
02/09/2020,DKI JAKARTA,1054,17,479,558,42002,31817,1220,8965
03/09/2020,DKI JAKARTA,1359,15,702,642,43361,32519,1235,9607
04/09/2020,DKI JAKARTA,880,6,823,51,44241,33342,1241,9658
05/09/2020,DKI JAKARTA,877,14,731,132,45118,34073,1255,9790
06/09/2020,DKI JAKARTA,1176,10,805,361,46294,34878,1265,10151
07/09/2020,DKI JAKARTA,1046,22,662,362,47340,35540,1287,10513
08/09/2020,DKI JAKARTA,1014,21,931,62,48354,36471,1308,10575
09/09/2020,DKI JAKARTA,1004,17,844,143,49358,37315,1325,10718
10/09/2020,DKI JAKARTA,1274,17,1008,249,50632,38323,1342,10967
11/09/2020,DKI JAKARTA,964,17,904,43,51596,39227,1359,11010
12/09/2020,DKI JAKARTA,1205,18,665,522,52801,39892,1377,11532
13/09/2020,DKI JAKARTA,1380,5,957,418,54181,40849,1382,11950
14/09/2020,DKI JAKARTA,879,27,1511,-659,55060,42360,1409,11291
15/09/2020,DKI JAKARTA,1076,33,982,61,56136,43342,1442,11352
16/09/2020,DKI JAKARTA,1294,31,1146,117,57430,44488,1473,11469
17/09/2020,DKI JAKARTA,1113,14,748,351,58543,45236,1487,11820
18/09/2020,DKI JAKARTA,1258,22,1036,200,59801,46272,1509,12020
19/09/2020,DKI JAKARTA,988,10,1032,-54,60789,47304,1519,11966
20/09/2020,DKI JAKARTA,1138,14,1069,55,61927,48373,1533,12021
21/09/2020,DKI JAKARTA,1352,29,1294,29,63279,49667,1562,12050
22/09/2020,DKI JAKARTA,1236,30,849,357,64515,50516,1592,12407
23/09/2020,DKI JAKARTA,1135,28,1105,2,65650,51621,1620,12409
24/09/2020,DKI JAKARTA,1044,20,1162,-138,66694,52783,1640,12271
25/09/2020,DKI JAKARTA,1171,13,1626,-468,67865,54409,1653,11803
26/09/2020,DKI JAKARTA,1323,12,764,547,69188,55173,1665,12350
27/09/2020,DKI JAKARTA,1217,13,1294,-90,70405,56467,1678,12260
28/09/2020,DKI JAKARTA,898,9,1331,-442,71303,57798,1687,11818
29/09/2020,DKI JAKARTA,1238,21,1121,96,72541,58919,1708,11914
30/09/2020,DKI JAKARTA,1159,13,1452,-306,73700,60371,1721,11608
01/10/2020,DKI JAKARTA,1253,6,1118,129,74953,61489,1727,11737
02/10/2020,DKI JAKARTA,1198,3,675,520,76151,62164,1730,12257
03/10/2020,DKI JAKARTA,1265,4,1190,71,77416,63354,1734,12328
04/10/2020,DKI JAKARTA,1398,13,1031,354,78814,64385,1747,12682
05/10/2020,DKI JAKARTA,1022,16,980,26,79836,65365,1763,12708
06/10/2020,DKI JAKARTA,1106,31,1016,59,80942,66381,1794,12767
07/10/2020,DKI JAKARTA,1211,15,987,209,82153,67368,1809,12976
08/10/2020,DKI JAKARTA,1182,17,1047,118,83335,68415,1826,13094
09/10/2020,DKI JAKARTA,943,21,849,73,84278,69264,1847,13167
10/10/2020,DKI JAKARTA,1259,16,1284,-41,85537,70548,1863,13126
11/10/2020,DKI JAKARTA,1389,18,1062,309,86926,71610,1881,13435
12/10/2020,DKI JAKARTA,1211,25,1113,73,88137,72723,1906,13508
13/10/2020,DKI JAKARTA,1054,19,1101,-66,89191,73824,1925,13442
14/10/2020,DKI JAKARTA,1038,17,1203,-182,90229,75027,1942,13260
15/10/2020,DKI JAKARTA,1072,20,1050,2,91301,76077,1962,13262
16/10/2020,DKI JAKARTA,1045,24,982,39,92346,77059,1986,13301
17/10/2020,DKI JAKARTA,974,23,1108,-157,93320,78167,2009,13144
18/10/2020,DKI JAKARTA,971,17,1080,-126,94291,79247,2026,13018
19/10/2020,DKI JAKARTA,926,14,1128,-216,95217,80375,2040,12802
20/10/2020,DKI JAKARTA,964,22,837,105,96181,81212,2062,12907
21/10/2020,DKI JAKARTA,1000,21,1073,-94,97181,82285,2083,12813
22/10/2020,DKI JAKARTA,989,16,1157,-184,98170,83442,2099,12629
23/10/2020,DKI JAKARTA,952,21,1093,-162,99122,84535,2120,12467
24/10/2020,DKI JAKARTA,1062,20,1157,-115,100184,85692,2140,12352
25/10/2020,DKI JAKARTA,771,18,1231,-478,100955,86923,2158,11874
26/10/2020,DKI JAKARTA,906,13,1185,-292,101861,88108,2171,11582
27/10/2020,DKI JAKARTA,781,11,1130,-360,102642,89238,2182,11222
28/10/2020,DKI JAKARTA,844,17,1060,-233,103486,90298,2199,10989
29/10/2020,DKI JAKARTA,713,14,1084,-385,104199,91382,2213,10604
30/10/2020,DKI JAKARTA,612,14,1081,-483,104811,92463,2227,10121
31/10/2020,DKI JAKARTA,750,19,1047,-316,105561,93510,2246,9805
01/11/2020,DKI JAKARTA,608,19,1474,-885,106169,94984,2265,8920
02/11/2020,DKI JAKARTA,1024,18,1058,-52,107193,96042,2283,8868
03/11/2020,DKI JAKARTA,617,10,1025,-418,107810,97067,2293,8450
04/11/2020,DKI JAKARTA,768,14,940,-186,108578,98007,2307,8264
05/11/2020,DKI JAKARTA,797,15,974,-192,109375,98981,2322,8072
06/11/2020,DKI JAKARTA,672,18,1028,-374,110047,100009,2340,7698
07/11/2020,DKI JAKARTA,1118,11,987,120,111165,100996,2351,7818
08/11/2020,DKI JAKARTA,826,8,984,-166,111991,101980,2359,7652
09/11/2020,DKI JAKARTA,716,12,1131,-427,112707,103111,2371,7225
10/11/2020,DKI JAKARTA,1013,13,1257,-257,113720,104368,2384,6968
11/11/2020,DKI JAKARTA,587,13,959,-385,114307,105327,2397,6583
12/11/2020,DKI JAKARTA,831,11,1072,-252,115138,106399,2408,6331
13/11/2020,DKI JAKARTA,1033,10,13,1010,116171,106412,2418,7341
14/11/2020,DKI JAKARTA,1255,5,11,1239,117426,106423,2423,8580
15/11/2020,DKI JAKARTA,1164,2,23,1139,118590,106446,2425,9719
16/11/2020,DKI JAKARTA,1006,2,867,137,119596,107313,2427,9856
17/11/2020,DKI JAKARTA,1037,36,825,176,120633,108138,2463,10032
18/11/2020,DKI JAKARTA,1148,11,2193,-1056,121781,110331,2474,8976
19/11/2020,DKI JAKARTA,1186,14,2671,-1499,122967,113002,2488,7477
20/11/2020,DKI JAKARTA,1240,0,569,671,124207,113571,2488,8148
21/11/2020,DKI JAKARTA,1579,15,1085,479,125786,114656,2503,8627
22/11/2020,DKI JAKARTA,1342,16,1070,256,127128,115726,2519,8883
23/11/2020,DKI JAKARTA,1009,3,1052,-46,128137,116778,2522,8837
24/11/2020,DKI JAKARTA,1015,19,1089,-93,129152,117867,2541,8744
25/11/2020,DKI JAKARTA,1273,17,1090,166,130425,118957,2558,8910
26/11/2020,DKI JAKARTA,1064,14,1134,-84,131489,120091,2572,8826
27/11/2020,DKI JAKARTA,1436,15,838,583,132925,120929,2587,9409
28/11/2020,DKI JAKARTA,1370,15,1232,123,134295,122161,2602,9532
29/11/2020,DKI JAKARTA,1431,19,820,592,135726,122981,2621,10124
30/11/2020,DKI JAKARTA,1099,25,910,164,136825,123891,2646,10288
01/12/2020,DKI JAKARTA,1058,23,1042,-7,137883,124933,2669,10281
02/12/2020,DKI JAKARTA,1166,23,1063,80,139049,125996,2692,10361
03/12/2020,DKI JAKARTA,1153,34,1073,46,140202,127069,2726,10407
04/12/2020,DKI JAKARTA,1032,23,928,81,141234,127997,2749,10488
05/12/2020,DKI JAKARTA,1360,23,1031,306,142594,129028,2772,10794
06/12/2020,DKI JAKARTA,1331,23,1040,268,143925,130068,2795,11062
07/12/2020,DKI JAKARTA,1466,24,944,498,145391,131012,2819,11560
08/12/2020,DKI JAKARTA,1194,21,1203,-30,146585,132215,2840,11530
09/12/2020,DKI JAKARTA,1217,18,1073,126,147802,133288,2858,11656
10/12/2020,DKI JAKARTA,1180,18,1046,116,148982,134334,2876,11772
11/12/2020,DKI JAKARTA,1232,4,1096,132,150214,135430,2880,11904
12/12/2020,DKI JAKARTA,951,17,923,11,151165,136353,2897,11915
13/12/2020,DKI JAKARTA,1298,16,1112,170,152463,137465,2913,12085
14/12/2020,DKI JAKARTA,1506,17,1471,18,153969,138936,2930,12103
15/12/2020,DKI JAKARTA,1116,22,1136,-42,155085,140072,2952,12061
16/12/2020,DKI JAKARTA,1221,22,1142,57,156306,141214,2974,12118
17/12/2020,DKI JAKARTA,1690,20,1372,298,157996,142586,2994,12416
18/12/2020,DKI JAKARTA,1587,19,1234,334,159583,143820,3013,12750
19/12/2020,DKI JAKARTA,1899,20,1097,782,161482,144917,3033,13532
20/12/2020,DKI JAKARTA,1592,19,1874,-301,163074,146791,3052,13231
21/12/2020,DKI JAKARTA,1466,15,1368,83,164540,148159,3067,13314
22/12/2020,DKI JAKARTA,1311,14,1374,-77,165851,149533,3081,13237
23/12/2020,DKI JAKARTA,1954,15,1444,495,167805,150977,3096,13732
24/12/2020,DKI JAKARTA,1933,16,1341,576,169738,152318,3112,14308
25/12/2020,DKI JAKARTA,2096,21,1727,348,171834,154045,3133,14656
26/12/2020,DKI JAKARTA,2058,14,2552,-508,173892,156597,3147,14148
27/12/2020,DKI JAKARTA,1997,22,1824,151,175889,158421,3169,14299
28/12/2020,DKI JAKARTA,1678,21,1713,-56,177567,160134,3190,14243
29/12/2020,DKI JAKARTA,2056,18,1002,1036,179623,161136,3208,15279
30/12/2020,DKI JAKARTA,2053,21,1567,465,181676,162703,3229,15744
31/12/2020,DKI JAKARTA,2022,21,1968,33,183698,164671,3250,15777
01/01/2021,DKI JAKARTA,1956,20,1643,293,185654,166314,3270,16070
02/01/2021,DKI JAKARTA,1894,26,2280,-412,187548,168594,3296,15658
03/01/2021,DKI JAKARTA,1658,10,1691,-43,189206,170285,3306,15615
04/01/2021,DKI JAKARTA,1832,21,2527,-716,191038,172812,3327,14899
05/01/2021,DKI JAKARTA,1824,19,1339,466,192862,174151,3346,15365
06/01/2021,DKI JAKARTA,2402,16,1095,1291,195264,175246,3362,16656
07/01/2021,DKI JAKARTA,2398,21,1446,931,197662,176692,3383,17587
08/01/2021,DKI JAKARTA,2959,24,2690,245,200621,179382,3407,17832
09/01/2021,DKI JAKARTA,2753,27,2118,608,203374,181500,3434,18440
10/01/2021,DKI JAKARTA,2711,31,2898,-218,206085,184398,3465,18222
11/01/2021,DKI JAKARTA,2461,31,2510,-80,208546,186908,3496,18142
12/01/2021,DKI JAKARTA,2669,34,1657,978,211215,188565,3530,19120
13/01/2021,DKI JAKARTA,3476,45,2952,479,214691,191517,3575,19599
14/01/2021,DKI JAKARTA,3165,43,2075,1047,217856,193592,3618,20646
15/01/2021,DKI JAKARTA,2541,35,2490,16,220397,196082,3653,20662
16/01/2021,DKI JAKARTA,3536,32,1772,1732,223933,197854,3685,22394
17/01/2021,DKI JAKARTA,3395,33,3776,-414,227328,201630,3718,21980
18/01/2021,DKI JAKARTA,2361,36,2801,-476,229689,204431,3754,21504
19/01/2021,DKI JAKARTA,2563,40,2500,23,232252,206931,3794,21527
20/01/2021,DKI JAKARTA,3786,33,3770,-17,236038,210701,3827,21510
21/01/2021,DKI JAKARTA,3151,30,2570,551,239189,213271,3857,22061
22/01/2021,DKI JAKARTA,3791,41,2169,1581,242980,215440,3898,23642
23/01/2021,DKI JAKARTA,3285,31,3492,-238,246265,218932,3929,23404
24/01/2021,DKI JAKARTA,3512,39,2328,1145,249777,221260,3968,24549
25/01/2021,DKI JAKARTA,2451,43,2504,-96,252228,223764,4011,24453
26/01/2021,DKI JAKARTA,2313,46,2939,-672,254541,226703,4057,23781
27/01/2021,DKI JAKARTA,1836,34,2970,-1168,256377,229673,4091,22613
28/01/2021,DKI JAKARTA,2889,40,2731,118,259266,232404,4131,22731
29/01/2021,DKI JAKARTA,3448,44,2428,976,262714,234832,4175,23707
30/01/2021,DKI JAKARTA,3491,30,3565,-104,266205,238397,4205,23603
31/01/2021,DKI JAKARTA,3474,42,3355,77,269679,241752,4247,23680
01/02/2021,DKI JAKARTA,3614,45,2352,1217,273293,244104,4292,24897
02/02/2021,DKI JAKARTA,3362,44,4577,-1259,276655,248681,4336,23638
03/02/2021,DKI JAKARTA,3567,44,1391,2132,280222,250072,4380,25770
04/02/2021,DKI JAKARTA,3632,40,3963,-371,283854,254035,4420,25399
05/02/2021,DKI JAKARTA,3340,45,2475,820,287194,256510,4465,26219
06/02/2021,DKI JAKARTA,2379,44,4434,-2099,289573,260944,4509,24120
07/02/2021,DKI JAKARTA,4212,45,4305,-138,293785,265249,4554,23982
08/02/2021,DKI JAKARTA,3142,43,3417,-318,296927,268666,4597,23664
09/02/2021,DKI JAKARTA,3437,57,2786,594,300364,271452,4654,24258
10/02/2021,DKI JAKARTA,3308,43,3245,20,303672,274697,4697,24278
11/02/2021,DKI JAKARTA,2513,51,4097,-1635,306185,278794,4748,22643
12/02/2021,DKI JAKARTA,3807,50,5636,-1879,309992,284430,4798,20764
13/02/2021,DKI JAKARTA,3017,53,5010,-2046,313009,289440,4851,18718
14/02/2021,DKI JAKARTA,2497,48,3977,-1528,315506,293417,4899,17190
15/02/2021,DKI JAKARTA,1879,42,2081,-244,317385,295498,4941,16946
16/02/2021,DKI JAKARTA,1861,62,1580,219,319246,297078,5003,17165
17/02/2021,DKI JAKARTA,1446,31,2591,-1176,320692,299669,5034,15989
18/02/2021,DKI JAKARTA,373,35,2717,-2379,321065,302386,5069,13610
19/02/2021,DKI JAKARTA,1920,6,2758,-844,322985,305144,5075,12766
20/02/2021,DKI JAKARTA,2872,40,2490,342,325857,307634,5115,13108
21/02/2021,DKI JAKARTA,2725,55,2681,-11,328582,310315,5170,13097
22/02/2021,DKI JAKARTA,2466,40,2305,121,331048,312620,5210,13218
23/02/2021,DKI JAKARTA,782,45,2052,-1315,331830,314672,5255,11903
24/02/2021,DKI JAKARTA,782,35,1857,-1110,332612,316529,5290,10793
25/02/2021,DKI JAKARTA,1581,56,2656,-1131,334193,319185,5346,9662
26/02/2021,DKI JAKARTA,1662,42,1864,-244,335855,321049,5388,9418
27/02/2021,DKI JAKARTA,1736,44,1163,529,337591,322212,5432,9947
28/02/2021,DKI JAKARTA,2098,43,891,1164,339689,323103,5475,11111
01/03/2021,DKI JAKARTA,2058,52,3134,-1128,341747,326237,5527,9983
02/03/2021,DKI JAKARTA,577,36,2165,-1624,342324,328402,5563,8359
03/03/2021,DKI JAKARTA,1437,38,2487,-1088,343761,330889,5601,7271
04/03/2021,DKI JAKARTA,2009,46,1750,213,345770,332639,5647,7484
05/03/2021,DKI JAKARTA,1160,45,1290,-175,346930,333929,5692,7309
06/03/2021,DKI JAKARTA,1615,44,1568,3,348545,335497,5736,7312
07/03/2021,DKI JAKARTA,1835,45,1765,25,350380,337262,5781,7337
08/03/2021,DKI JAKARTA,1783,48,1675,60,352163,338937,5829,7397
09/03/2021,DKI JAKARTA,867,45,1643,-821,353030,340580,5874,6576
10/03/2021,DKI JAKARTA,1046,45,1477,-476,354076,342057,5919,6100
11/03/2021,DKI JAKARTA,1754,25,980,749,355830,343037,5944,6849
12/03/2021,DKI JAKARTA,1872,50,1263,559,357702,344300,5994,7408
13/03/2021,DKI JAKARTA,1034,10,577,447,358736,344877,6004,7855
14/03/2021,DKI JAKARTA,1204,36,2367,-1199,359940,347244,6040,6656
15/03/2021,DKI JAKARTA,1555,35,1676,-156,361495,348920,6075,6500
16/03/2021,DKI JAKARTA,835,20,1491,-676,362330,350411,6095,5824
17/03/2021,DKI JAKARTA,1330,3,1183,144,363660,351594,6098,5968
18/03/2021,DKI JAKARTA,1719,20,1168,531,365379,352762,6118,6499
19/03/2021,DKI JAKARTA,1588,24,1175,389,366967,353937,6142,6888
20/03/2021,DKI JAKARTA,1935,22,1184,729,368902,355121,6164,7617
21/03/2021,DKI JAKARTA,1638,23,1884,-269,370540,357005,6187,7348
22/03/2021,DKI JAKARTA,1474,8,1715,-249,372014,358720,6195,7099
23/03/2021,DKI JAKARTA,816,11,1691,-886,372830,360411,6206,6213
24/03/2021,DKI JAKARTA,890,11,1986,-1107,373720,362397,6217,5106
25/03/2021,DKI JAKARTA,1727,12,490,1225,375447,362887,6229,6331
26/03/2021,DKI JAKARTA,1381,11,897,473,376828,363784,6240,6804
27/03/2021,DKI JAKARTA,1354,18,599,737,378182,364383,6258,7541
28/03/2021,DKI JAKARTA,1470,23,1175,272,379652,365558,6281,7813
29/03/2021,DKI JAKARTA,1014,22,1079,-87,380666,366637,6303,7726
30/03/2021,DKI JAKARTA,384,21,1087,-724,381050,367724,6324,7002
31/03/2021,DKI JAKARTA,965,0,1073,-108,382015,368797,6324,6894
01/04/2021,DKI JAKARTA,1337,18,988,331,383352,369785,6342,7225
02/04/2021,DKI JAKARTA,1240,7,1292,-59,384592,371077,6349,7166
03/04/2021,DKI JAKARTA,1098,4,600,494,385690,371677,6353,7660
04/04/2021,DKI JAKARTA,736,6,1600,-870,386426,373277,6359,6790
05/04/2021,DKI JAKARTA,523,4,1187,-668,386949,374464,6363,6122
06/04/2021,DKI JAKARTA,487,4,587,-104,387436,375051,6367,6018
07/04/2021,DKI JAKARTA,862,9,695,158,388298,375746,6376,6176
08/04/2021,DKI JAKARTA,1238,4,485,749,389536,376231,6380,6925
09/04/2021,DKI JAKARTA,1013,10,623,380,390549,376854,6390,7305
10/04/2021,DKI JAKARTA,977,7,856,114,391526,377710,6397,7419
11/04/2021,DKI JAKARTA,1031,7,1396,-372,392557,379106,6404,7047
12/04/2021,DKI JAKARTA,692,7,1357,-672,393249,380463,6411,6375
13/04/2021,DKI JAKARTA,828,6,900,-78,394077,381363,6417,6297
14/04/2021,DKI JAKARTA,661,7,614,40,394738,381977,6424,6337
15/04/2021,DKI JAKARTA,1330,6,690,634,396068,382667,6430,6971
16/04/2021,DKI JAKARTA,980,18,871,91,397048,383538,6448,7062
17/04/2021,DKI JAKARTA,1037,18,999,20,398085,384537,6466,7082
18/04/2021,DKI JAKARTA,950,13,987,-50,399035,385524,6479,7032
19/04/2021,DKI JAKARTA,973,14,971,-12,400008,386495,6493,7020
20/04/2021,DKI JAKARTA,460,14,897,-451,400468,387392,6507,6569
21/04/2021,DKI JAKARTA,602,12,573,17,401070,387965,6519,6586
22/04/2021,DKI JAKARTA,1266,11,652,603,402336,388617,6530,7189
23/04/2021,DKI JAKARTA,884,18,721,145,403220,389338,6548,7334
24/04/2021,DKI JAKARTA,907,12,885,10,404127,390223,6560,7344
25/04/2021,DKI JAKARTA,896,14,962,-80,405023,391185,6574,7264
26/04/2021,DKI JAKARTA,748,14,1339,-605,405771,392524,6588,6659
27/04/2021,DKI JAKARTA,394,17,600,-223,406165,393124,6605,6436
28/04/2021,DKI JAKARTA,639,14,682,-57,406804,393806,6619,6379
29/04/2021,DKI JAKARTA,987,23,480,484,407791,394286,6642,6863
30/04/2021,DKI JAKARTA,789,4,539,246,408580,394825,6646,7109
01/05/2021,DKI JAKARTA,926,15,793,118,409506,395618,6661,7227
02/05/2021,DKI JAKARTA,854,10,984,-140,410360,396602,6671,7087
03/05/2021,DKI JAKARTA,757,20,687,50,411117,397289,6691,7137
04/05/2021,DKI JAKARTA,416,18,586,-188,411533,397875,6709,6949
05/05/2021,DKI JAKARTA,845,12,687,146,412378,398562,6721,7095
06/05/2021,DKI JAKARTA,906,21,566,319,413284,399128,6742,7414
07/05/2021,DKI JAKARTA,783,20,595,168,414067,399723,6762,7582
08/05/2021,DKI JAKARTA,732,26,584,122,414799,400307,6788,7704
09/05/2021,DKI JAKARTA,809,16,690,103,415608,400997,6804,7807
10/05/2021,DKI JAKARTA,694,22,607,65,416302,401604,6826,7872
11/05/2021,DKI JAKARTA,406,20,667,-281,416708,402271,6846,7591
12/05/2021,DKI JAKARTA,656,13,674,-31,417364,402945,6859,7560
13/05/2021,DKI JAKARTA,785,15,585,185,418149,403530,6874,7745
14/05/2021,DKI JAKARTA,632,16,547,69,418781,404077,6890,7814
15/05/2021,DKI JAKARTA,227,15,573,-361,419008,404650,6905,7453
16/05/2021,DKI JAKARTA,161,18,593,-450,419169,405243,6923,7003
17/05/2021,DKI JAKARTA,421,25,0,396,419590,405243,6948,7399
18/05/2021,DKI JAKARTA,219,15,194,10,419809,405437,6963,7409
19/05/2021,DKI JAKARTA,611,19,197,395,420420,405634,6982,7804
20/05/2021,DKI JAKARTA,895,20,96,779,421315,405730,7002,8583
21/05/2021,DKI JAKARTA,856,16,100,740,422171,405830,7018,9323
22/05/2021,DKI JAKARTA,932,12,397,523,423103,406227,7030,9846
23/05/2021,DKI JAKARTA,867,12,340,515,423970,406567,7042,10361
24/05/2021,DKI JAKARTA,819,10,302,507,424789,406869,7052,10868
25/05/2021,DKI JAKARTA,384,14,506,-136,425173,407375,7066,10732
26/05/2021,DKI JAKARTA,617,11,516,90,425790,407891,7077,10822
27/05/2021,DKI JAKARTA,940,18,586,336,426730,408477,7095,11158
28/05/2021,DKI JAKARTA,602,19,908,-325,427332,409385,7114,10833
29/05/2021,DKI JAKARTA,898,12,998,-112,428230,410383,7126,10721
30/05/2021,DKI JAKARTA,1064,13,1004,47,429294,411387,7139,10768
31/05/2021,DKI JAKARTA,726,19,581,126,430020,411968,7158,10894
01/06/2021,DKI JAKARTA,519,11,509,-1,430539,412477,7169,10893
02/06/2021,DKI JAKARTA,602,20,587,-5,431141,413064,7189,10888
03/06/2021,DKI JAKARTA,715,21,501,193,431856,413565,7210,11081
04/06/2021,DKI JAKARTA,906,20,815,71,432762,414380,7230,11152
05/06/2021,DKI JAKARTA,1317,22,828,467,434079,415208,7252,11619
06/06/2021,DKI JAKARTA,1019,20,884,115,435098,416092,7272,11734
07/06/2021,DKI JAKARTA,1197,20,874,303,436295,416966,7292,12037
08/06/2021,DKI JAKARTA,755,20,948,-213,437050,417914,7312,11824
09/06/2021,DKI JAKARTA,1376,14,1112,250,438426,419026,7326,12074
10/06/2021,DKI JAKARTA,2091,25,1105,961,440517,420131,7351,13035
11/06/2021,DKI JAKARTA,2293,21,1182,1090,442810,421313,7372,14125
12/06/2021,DKI JAKARTA,2455,19,746,1690,445265,422059,7391,15815
13/06/2021,DKI JAKARTA,2769,19,935,1815,448034,422994,7410,17630
02/03/2020,JAWA BARAT,3,0,0,3,3,0,0,3
03/03/2020,JAWA BARAT,1,1,0,0,4,0,1,3
04/03/2020,JAWA BARAT,1,0,0,1,5,0,1,4
05/03/2020,JAWA BARAT,1,0,0,1,6,0,1,5
06/03/2020,JAWA BARAT,1,0,0,1,7,0,1,6
07/03/2020,JAWA BARAT,0,0,0,0,7,0,1,6
08/03/2020,JAWA BARAT,0,0,0,0,7,0,1,6
09/03/2020,JAWA BARAT,0,0,0,0,7,0,1,6
10/03/2020,JAWA BARAT,0,0,0,0,7,0,1,6
11/03/2020,JAWA BARAT,0,1,0,-1,7,0,2,5
12/03/2020,JAWA BARAT,1,0,0,1,8,0,2,6
13/03/2020,JAWA BARAT,4,0,4,0,12,4,2,6
14/03/2020,JAWA BARAT,0,0,0,0,12,4,2,6
15/03/2020,JAWA BARAT,0,0,0,0,12,4,2,6
16/03/2020,JAWA BARAT,1,0,0,1,13,4,2,7
17/03/2020,JAWA BARAT,11,0,0,11,24,4,2,18
18/03/2020,JAWA BARAT,5,1,1,3,29,5,3,21
19/03/2020,JAWA BARAT,7,1,0,6,36,5,4,27
20/03/2020,JAWA BARAT,20,3,0,17,56,5,7,44
21/03/2020,JAWA BARAT,5,0,0,5,61,5,7,49
22/03/2020,JAWA BARAT,3,3,0,0,64,5,10,49
23/03/2020,JAWA BARAT,6,4,0,2,70,5,14,51
24/03/2020,JAWA BARAT,2,2,1,-1,72,6,16,50
25/03/2020,JAWA BARAT,5,0,1,4,77,7,16,54
26/03/2020,JAWA BARAT,8,0,0,8,85,7,16,62
27/03/2020,JAWA BARAT,27,4,0,23,112,7,20,85
28/03/2020,JAWA BARAT,23,2,1,20,135,8,22,105
29/03/2020,JAWA BARAT,33,2,1,30,168,9,24,135
30/03/2020,JAWA BARAT,26,2,3,21,194,12,26,156
31/03/2020,JAWA BARAT,9,0,3,6,203,15,26,162
01/04/2020,JAWA BARAT,36,1,0,35,239,15,27,197
02/04/2020,JAWA BARAT,24,4,1,19,263,16,31,216
03/04/2020,JAWA BARAT,2,1,3,-2,265,19,32,214
04/04/2020,JAWA BARAT,24,2,0,22,289,19,34,236
05/04/2020,JAWA BARAT,10,0,1,9,299,20,34,245
06/04/2020,JAWA BARAT,20,2,1,17,319,21,36,262
07/04/2020,JAWA BARAT,79,2,3,74,398,24,38,336
08/04/2020,JAWA BARAT,24,5,1,18,422,25,43,354
09/04/2020,JAWA BARAT,22,5,1,16,444,26,48,370
10/04/2020,JAWA BARAT,10,0,1,9,454,27,48,379
11/04/2020,JAWA BARAT,45,1,1,43,499,28,49,422
12/04/2020,JAWA BARAT,35,4,3,28,534,31,53,450
13/04/2020,JAWA BARAT,76,10,3,63,610,34,63,513
14/04/2020,JAWA BARAT,6,1,1,4,616,35,64,517
15/04/2020,JAWA BARAT,38,3,1,34,654,36,67,551
16/04/2020,JAWA BARAT,23,1,6,16,677,42,68,567
17/04/2020,JAWA BARAT,61,3,16,42,738,58,71,609
18/04/2020,JAWA BARAT,19,0,2,17,757,60,71,626
19/04/2020,JAWA BARAT,54,1,12,41,811,72,72,667
20/04/2020,JAWA BARAT,27,3,4,20,838,76,75,687
21/04/2020,JAWA BARAT,19,5,19,-5,857,95,80,682
22/04/2020,JAWA BARAT,8,3,3,2,865,98,83,684
23/04/2020,JAWA BARAT,29,3,9,17,894,107,86,701
24/04/2020,JAWA BARAT,74,2,3,69,968,110,88,770
25/04/2020,JAWA BARAT,47,0,4,43,1015,114,88,813
26/04/2020,JAWA BARAT,12,0,1,11,1027,115,88,824
27/04/2020,JAWA BARAT,38,1,3,34,1065,118,89,858
28/04/2020,JAWA BARAT,19,1,6,12,1084,124,90,870
29/04/2020,JAWA BARAT,40,0,7,33,1124,131,90,903
30/04/2020,JAWA BARAT,5,4,31,-30,1129,162,94,873
01/05/2020,JAWA BARAT,4,5,3,-4,1133,165,99,869
02/05/2020,JAWA BARAT,36,1,2,33,1169,167,100,902
03/05/2020,JAWA BARAT,14,1,7,6,1183,174,101,908
04/05/2020,JAWA BARAT,182,3,7,172,1365,181,104,1080
05/05/2020,JAWA BARAT,52,1,10,41,1417,191,105,1121
06/05/2020,JAWA BARAT,21,3,8,10,1438,199,108,1131
07/05/2020,JAWA BARAT,53,0,6,47,1491,205,108,1178
08/05/2020,JAWA BARAT,30,2,0,28,1521,205,110,1206
09/05/2020,JAWA BARAT,29,3,19,7,1550,224,113,1213
10/05/2020,JAWA BARAT,0,0,2,-2,1550,226,113,1211
11/05/2020,JAWA BARAT,54,3,11,40,1604,237,116,1251
12/05/2020,JAWA BARAT,54,0,4,50,1658,241,116,1301
13/05/2020,JAWA BARAT,8,0,27,-19,1666,268,116,1282
14/05/2020,JAWA BARAT,11,1,7,3,1677,275,117,1285
15/05/2020,JAWA BARAT,33,1,18,14,1710,293,118,1299
16/05/2020,JAWA BARAT,24,0,3,21,1734,296,118,1320
17/05/2020,JAWA BARAT,32,3,57,-28,1766,353,121,1292
18/05/2020,JAWA BARAT,22,9,74,-61,1788,427,130,1231
19/05/2020,JAWA BARAT,24,1,14,9,1812,441,131,1240
20/05/2020,JAWA BARAT,143,0,2,141,1955,443,131,1381
21/05/2020,JAWA BARAT,68,0,11,57,2023,454,131,1438
22/05/2020,JAWA BARAT,38,2,13,23,2061,467,133,1461
23/05/2020,JAWA BARAT,55,2,40,13,2116,507,135,1474
24/05/2020,JAWA BARAT,49,1,11,37,2165,518,136,1511
25/05/2020,JAWA BARAT,18,0,4,14,2183,522,136,1525
26/05/2020,JAWA BARAT,15,9,21,-15,2198,543,145,1510
27/05/2020,JAWA BARAT,25,5,32,-12,2223,575,150,1498
28/05/2020,JAWA BARAT,26,0,45,-19,2249,620,150,1479
29/05/2020,JAWA BARAT,40,1,6,33,2289,626,151,1512
30/05/2020,JAWA BARAT,20,2,32,-14,2309,658,153,1498
31/05/2020,JAWA BARAT,38,0,8,30,2347,666,153,1528
01/06/2020,JAWA BARAT,41,0,8,33,2388,674,153,1561
02/06/2020,JAWA BARAT,18,7,36,-25,2406,710,160,1536
03/06/2020,JAWA BARAT,4,3,55,-54,2410,765,163,1482
04/06/2020,JAWA BARAT,8,1,20,-13,2418,785,164,1469
05/06/2020,JAWA BARAT,15,3,47,-35,2433,832,167,1434
06/06/2020,JAWA BARAT,13,0,16,-3,2446,848,167,1431
07/06/2020,JAWA BARAT,34,0,106,-72,2480,954,167,1359
08/06/2020,JAWA BARAT,24,3,68,-47,2504,1022,170,1312
09/06/2020,JAWA BARAT,29,0,12,17,2533,1034,170,1329
10/06/2020,JAWA BARAT,49,0,38,11,2582,1072,170,1340
11/06/2020,JAWA BARAT,47,0,20,27,2629,1092,170,1367
12/06/2020,JAWA BARAT,15,0,47,-32,2644,1139,170,1335
13/06/2020,JAWA BARAT,12,0,36,-24,2656,1175,170,1311
14/06/2020,JAWA BARAT,15,0,39,-24,2671,1214,170,1287
15/06/2020,JAWA BARAT,24,1,7,16,2695,1221,171,1303
16/06/2020,JAWA BARAT,37,0,12,25,2732,1233,171,1328
17/06/2020,JAWA BARAT,43,7,28,8,2775,1261,178,1336
18/06/2020,JAWA BARAT,51,2,54,-5,2826,1315,180,1331
19/06/2020,JAWA BARAT,63,0,29,34,2889,1344,180,1365
20/06/2020,JAWA BARAT,19,0,1,18,2908,1345,180,1383
21/06/2020,JAWA BARAT,22,0,2,20,2930,1347,180,1403
22/06/2020,JAWA BARAT,18,0,24,-6,2948,1371,180,1397
23/06/2020,JAWA BARAT,32,0,30,2,2980,1401,180,1399
24/06/2020,JAWA BARAT,46,0,8,38,3026,1409,180,1437
25/06/2020,JAWA BARAT,41,2,57,-18,3067,1466,182,1419
26/06/2020,JAWA BARAT,35,2,109,-76,3102,1575,184,1343
27/06/2020,JAWA BARAT,49,0,14,35,3151,1589,184,1378
28/06/2020,JAWA BARAT,26,0,9,17,3177,1598,184,1395
29/06/2020,JAWA BARAT,42,0,3,39,3219,1601,184,1434
30/06/2020,JAWA BARAT,75,1,84,-10,3294,1685,185,1424
01/07/2020,JAWA BARAT,58,0,15,43,3352,1700,185,1467
02/07/2020,JAWA BARAT,65,0,45,20,3417,1745,185,1487
03/07/2020,JAWA BARAT,32,0,4,28,3449,1749,185,1515
04/07/2020,JAWA BARAT,86,0,23,63,3535,1772,185,1578
05/07/2020,JAWA BARAT,108,0,16,92,3643,1788,185,1670
06/07/2020,JAWA BARAT,129,1,22,106,3772,1810,186,1776
07/07/2020,JAWA BARAT,81,2,44,35,3853,1854,188,1811
08/07/2020,JAWA BARAT,95,2,25,68,3948,1879,190,1879
09/07/2020,JAWA BARAT,964,4,28,932,4912,1907,194,2811
10/07/2020,JAWA BARAT,108,0,33,75,5020,1940,194,2886
11/07/2020,JAWA BARAT,73,1,29,43,5093,1969,195,2929
12/07/2020,JAWA BARAT,44,0,9,35,5137,1978,195,2964
13/07/2020,JAWA BARAT,87,0,19,68,5224,1997,195,3032
14/07/2020,JAWA BARAT,77,1,34,42,5301,2031,196,3074
15/07/2020,JAWA BARAT,74,1,145,-72,5375,2176,197,3002
16/07/2020,JAWA BARAT,40,0,18,22,5415,2194,197,3024
17/07/2020,JAWA BARAT,51,1,33,17,5466,2227,198,3041
18/07/2020,JAWA BARAT,58,1,18,39,5524,2245,199,3080
19/07/2020,JAWA BARAT,24,0,4,20,5548,2249,199,3100
20/07/2020,JAWA BARAT,59,0,96,-37,5607,2345,199,3063
21/07/2020,JAWA BARAT,65,4,32,29,5672,2377,203,3092
22/07/2020,JAWA BARAT,32,0,23,9,5704,2400,203,3101
23/07/2020,JAWA BARAT,63,1,13,49,5767,2413,204,3150
24/07/2020,JAWA BARAT,89,0,19,70,5856,2432,204,3220
25/07/2020,JAWA BARAT,72,0,32,40,5928,2464,204,3260
26/07/2020,JAWA BARAT,50,0,23,27,5978,2487,204,3287
27/07/2020,JAWA BARAT,57,0,406,-349,6035,2893,204,2938
28/07/2020,JAWA BARAT,132,0,606,-474,6167,3499,204,2464
29/07/2020,JAWA BARAT,97,2,48,47,6264,3547,206,2511
30/07/2020,JAWA BARAT,141,2,333,-194,6405,3880,208,2317
31/07/2020,JAWA BARAT,69,0,17,52,6474,3897,208,2369
01/08/2020,JAWA BARAT,59,0,19,40,6533,3916,208,2409
02/08/2020,JAWA BARAT,57,0,7,50,6590,3923,208,2459
03/08/2020,JAWA BARAT,53,0,47,6,6643,3970,208,2465
04/08/2020,JAWA BARAT,93,5,170,-82,6736,4140,213,2383
05/08/2020,JAWA BARAT,124,0,9,115,6860,4149,213,2498
06/08/2020,JAWA BARAT,82,1,32,49,6942,4181,214,2547
07/08/2020,JAWA BARAT,151,4,62,85,7093,4243,218,2632
08/08/2020,JAWA BARAT,241,3,40,198,7334,4283,221,2830
09/08/2020,JAWA BARAT,176,4,66,106,7510,4349,225,2936
10/08/2020,JAWA BARAT,33,0,27,6,7543,4376,225,2942
11/08/2020,JAWA BARAT,92,4,39,49,7635,4415,229,2991
12/08/2020,JAWA BARAT,106,1,70,35,7741,4485,230,3026
13/08/2020,JAWA BARAT,110,1,17,92,7851,4502,231,3118
14/08/2020,JAWA BARAT,362,1,21,340,8213,4523,232,3458
15/08/2020,JAWA BARAT,227,0,36,191,8440,4559,232,3649
16/08/2020,JAWA BARAT,78,2,41,35,8518,4600,234,3684
17/08/2020,JAWA BARAT,44,1,45,-2,8562,4645,235,3682
18/08/2020,JAWA BARAT,45,0,18,27,8607,4663,235,3709
19/08/2020,JAWA BARAT,103,5,50,48,8710,4713,240,3757
20/08/2020,JAWA BARAT,197,2,72,123,8907,4785,242,3880
21/08/2020,JAWA BARAT,93,8,119,-34,9000,4904,250,3846
22/08/2020,JAWA BARAT,153,6,178,-31,9153,5082,256,3815
23/08/2020,JAWA BARAT,68,1,507,-440,9221,5589,257,3375
24/08/2020,JAWA BARAT,132,2,207,-77,9353,5796,259,3298
25/08/2020,JAWA BARAT,256,1,6,249,9609,5802,260,3547
26/08/2020,JAWA BARAT,176,0,30,146,9785,5832,260,3693
27/08/2020,JAWA BARAT,153,0,89,64,9938,5921,260,3757
28/08/2020,JAWA BARAT,557,2,64,491,10495,5985,262,4248
29/08/2020,JAWA BARAT,285,0,8,277,10780,5993,262,4525
30/08/2020,JAWA BARAT,101,0,25,76,10881,6018,262,4601
31/08/2020,JAWA BARAT,146,8,57,81,11027,6075,270,4682
01/09/2020,JAWA BARAT,213,1,47,165,11240,6122,271,4847
02/09/2020,JAWA BARAT,202,1,138,63,11442,6260,272,4910
03/09/2020,JAWA BARAT,236,4,30,202,11678,6290,276,5112
04/09/2020,JAWA BARAT,381,1,83,297,12059,6373,277,5409
05/09/2020,JAWA BARAT,218,0,45,173,12277,6418,277,5582
06/09/2020,JAWA BARAT,171,0,53,118,12448,6471,277,5700
07/09/2020,JAWA BARAT,202,0,88,114,12650,6559,277,5814
08/09/2020,JAWA BARAT,333,2,76,255,12983,6635,279,6069
09/09/2020,JAWA BARAT,284,4,47,233,13267,6682,283,6302
10/09/2020,JAWA BARAT,333,0,111,222,13600,6793,283,6524
11/09/2020,JAWA BARAT,271,7,285,-21,13871,7078,290,6503
12/09/2020,JAWA BARAT,288,1,328,-41,14159,7406,291,6462
13/09/2020,JAWA BARAT,161,5,192,-36,14320,7598,296,6426
14/09/2020,JAWA BARAT,206,0,167,39,14526,7765,296,6465
15/09/2020,JAWA BARAT,354,7,250,97,14880,8015,303,6562
16/09/2020,JAWA BARAT,299,1,207,91,15179,8222,304,6653
17/09/2020,JAWA BARAT,355,4,331,20,15534,8553,308,6673
18/09/2020,JAWA BARAT,347,3,284,60,15881,8837,311,6733
19/09/2020,JAWA BARAT,457,0,552,-95,16338,9389,311,6638
20/09/2020,JAWA BARAT,423,6,402,15,16761,9791,317,6653
21/09/2020,JAWA BARAT,689,2,249,438,17450,10040,319,7091
22/09/2020,JAWA BARAT,600,10,595,-5,18050,10635,329,7086
23/09/2020,JAWA BARAT,512,14,170,328,18562,10805,343,7414
24/09/2020,JAWA BARAT,793,12,252,529,19355,11057,355,7943
25/09/2020,JAWA BARAT,729,13,821,-105,20084,11878,368,7838
26/09/2020,JAWA BARAT,391,16,621,-246,20475,12499,384,7592
27/09/2020,JAWA BARAT,435,2,238,195,20910,12737,386,7787
28/09/2020,JAWA BARAT,492,1,295,196,21402,13032,387,7983
29/09/2020,JAWA BARAT,316,15,113,188,21718,13145,402,8171
30/09/2020,JAWA BARAT,431,15,372,44,22149,13517,417,8215
01/10/2020,JAWA BARAT,577,16,131,430,22726,13648,433,8645
02/10/2020,JAWA BARAT,536,15,186,335,23262,13834,448,8980
03/10/2020,JAWA BARAT,354,15,96,243,23616,13930,463,9223
04/10/2020,JAWA BARAT,246,16,78,152,23862,14008,479,9375
05/10/2020,JAWA BARAT,500,15,792,-307,24362,14800,494,9068
06/10/2020,JAWA BARAT,508,17,205,286,24870,15005,511,9354
07/10/2020,JAWA BARAT,751,13,505,233,25621,15510,524,9587
08/10/2020,JAWA BARAT,591,4,325,262,26212,15835,528,9849
09/10/2020,JAWA BARAT,499,2,550,-53,26711,16385,530,9796
10/10/2020,JAWA BARAT,268,2,390,-124,26979,16775,532,9672
11/10/2020,JAWA BARAT,206,0,553,-347,27185,17328,532,9325
12/10/2020,JAWA BARAT,297,9,238,50,27482,17566,541,9375
13/10/2020,JAWA BARAT,567,0,566,1,28049,18132,541,9376
14/10/2020,JAWA BARAT,444,12,526,-94,28493,18658,553,9282
15/10/2020,JAWA BARAT,599,9,312,278,29092,18970,562,9560
16/10/2020,JAWA BARAT,426,0,384,42,29518,19354,562,9602
17/10/2020,JAWA BARAT,503,0,440,63,30021,19794,562,9665
18/10/2020,JAWA BARAT,211,0,346,-135,30232,20140,562,9530
19/10/2020,JAWA BARAT,515,21,342,152,30747,20482,583,9682
20/10/2020,JAWA BARAT,470,20,211,239,31217,20693,603,9921
21/10/2020,JAWA BARAT,633,16,548,69,31850,21241,619,9990
22/10/2020,JAWA BARAT,722,23,333,366,32572,21574,642,10356
23/10/2020,JAWA BARAT,513,11,318,184,33085,21892,653,10540
24/10/2020,JAWA BARAT,439,19,652,-232,33524,22544,672,10308
25/10/2020,JAWA BARAT,356,11,464,-119,33880,23008,683,10189
26/10/2020,JAWA BARAT,441,14,441,-14,34321,23449,697,10175
27/10/2020,JAWA BARAT,395,14,556,-175,34716,24005,711,10000
28/10/2020,JAWA BARAT,407,7,372,28,35123,24377,718,10028
29/10/2020,JAWA BARAT,458,0,490,-32,35581,24867,718,9996
30/10/2020,JAWA BARAT,321,4,350,-33,35902,25217,722,9963
31/10/2020,JAWA BARAT,422,1,290,131,36324,25507,723,10094
01/11/2020,JAWA BARAT,244,2,625,-383,36568,26132,725,9711
02/11/2020,JAWA BARAT,334,11,385,-62,36902,26517,736,9649
03/11/2020,JAWA BARAT,482,5,392,85,37384,26909,741,9734
04/11/2020,JAWA BARAT,525,16,282,227,37909,27191,757,9961
05/11/2020,JAWA BARAT,639,9,396,234,38548,27587,766,10195
06/11/2020,JAWA BARAT,587,0,462,125,39135,28049,766,10320
07/11/2020,JAWA BARAT,477,0,458,19,39612,28507,766,10339
08/11/2020,JAWA BARAT,479,1,622,-144,40091,29129,767,10195
09/11/2020,JAWA BARAT,330,3,915,-588,40421,30044,770,9607
10/11/2020,JAWA BARAT,748,6,899,-157,41169,30943,776,9450
11/11/2020,JAWA BARAT,668,5,435,228,41837,31378,781,9678
12/11/2020,JAWA BARAT,734,21,628,85,42571,32006,802,9763
13/11/2020,JAWA BARAT,800,5,396,399,43371,32402,807,10162
14/11/2020,JAWA BARAT,808,2,474,332,44179,32876,809,10494
15/11/2020,JAWA BARAT,308,0,995,-687,44487,33871,809,9807
16/11/2020,JAWA BARAT,558,19,654,-115,45045,34525,828,9692
17/11/2020,JAWA BARAT,646,23,906,-283,45691,35431,851,9409
18/11/2020,JAWA BARAT,367,4,884,-521,46058,36315,855,8888
19/11/2020,JAWA BARAT,397,8,636,-247,46455,36951,863,8641
20/11/2020,JAWA BARAT,872,1,102,769,47327,37053,864,9410
21/11/2020,JAWA BARAT,364,0,626,-262,47691,37679,864,9148
22/11/2020,JAWA BARAT,374,0,153,221,48065,37832,864,9369
23/11/2020,JAWA BARAT,602,0,928,-326,48667,38760,864,9043
24/11/2020,JAWA BARAT,299,4,452,-157,48966,39212,868,8886
25/11/2020,JAWA BARAT,741,7,717,17,49707,39929,875,8903
26/11/2020,JAWA BARAT,775,4,831,-60,50482,40760,879,8843
27/11/2020,JAWA BARAT,699,5,735,-41,51181,41495,884,8802
28/11/2020,JAWA BARAT,367,5,1020,-658,51548,42515,889,8144
29/11/2020,JAWA BARAT,228,9,891,-672,51776,43406,898,7472
30/11/2020,JAWA BARAT,741,12,727,2,52517,44133,910,7474
01/12/2020,JAWA BARAT,878,12,846,20,53395,44979,922,7494
02/12/2020,JAWA BARAT,764,4,335,425,54159,45314,926,7919
03/12/2020,JAWA BARAT,1648,22,851,775,55807,46165,948,8694
04/12/2020,JAWA BARAT,992,2,814,176,56799,46979,950,8870
05/12/2020,JAWA BARAT,1086,2,592,492,57885,47571,952,9362
06/12/2020,JAWA BARAT,1388,7,1203,178,59273,48774,959,9540
07/12/2020,JAWA BARAT,1171,8,1216,-53,60444,49990,967,9487
08/12/2020,JAWA BARAT,731,6,533,192,61175,50523,973,9679
09/12/2020,JAWA BARAT,908,20,545,343,62083,51068,993,10022
10/12/2020,JAWA BARAT,960,33,691,236,63043,51759,1026,10258
11/12/2020,JAWA BARAT,1029,20,926,83,64072,52685,1046,10341
12/12/2020,JAWA BARAT,1283,2,910,371,65355,53595,1048,10712
13/12/2020,JAWA BARAT,855,5,629,221,66210,54224,1053,10933
14/12/2020,JAWA BARAT,600,14,817,-231,66810,55041,1067,10702
15/12/2020,JAWA BARAT,1256,6,1175,75,68066,56216,1073,10777
16/12/2020,JAWA BARAT,1434,4,1018,412,69500,57234,1077,11189
17/12/2020,JAWA BARAT,1277,13,897,367,70777,58131,1090,11556
18/12/2020,JAWA BARAT,987,1,831,155,71764,58962,1091,11711
19/12/2020,JAWA BARAT,1132,1,736,395,72896,59698,1092,12106
20/12/2020,JAWA BARAT,1052,1,1186,-135,73948,60884,1093,11971
21/12/2020,JAWA BARAT,716,4,629,83,74664,61513,1097,12054
22/12/2020,JAWA BARAT,925,3,771,151,75589,62284,1100,12205
23/12/2020,JAWA BARAT,903,2,940,-39,76492,63224,1102,12166
24/12/2020,JAWA BARAT,702,10,516,176,77194,63740,1112,12342
25/12/2020,JAWA BARAT,903,0,716,187,78097,64456,1112,12529
26/12/2020,JAWA BARAT,601,0,676,-75,78698,65132,1112,12454
27/12/2020,JAWA BARAT,892,43,1172,-323,79590,66304,1155,12131
28/12/2020,JAWA BARAT,403,0,828,-425,79993,67132,1155,11706
29/12/2020,JAWA BARAT,1329,2,1156,171,81322,68288,1157,11877
30/12/2020,JAWA BARAT,1233,2,1181,50,82555,69469,1159,11927
31/12/2020,JAWA BARAT,1024,11,1245,-232,83579,70714,1170,11695
01/01/2021,JAWA BARAT,1504,3,1205,296,85083,71919,1173,11991
02/01/2021,JAWA BARAT,1167,1,914,252,86250,72833,1174,12243
03/01/2021,JAWA BARAT,1232,2,1114,116,87482,73947,1176,12359
04/01/2021,JAWA BARAT,1079,2,1041,36,88561,74988,1178,12395
05/01/2021,JAWA BARAT,1100,8,1081,11,89661,76069,1186,12406
06/01/2021,JAWA BARAT,1470,11,1362,97,91131,77431,1197,12503
07/01/2021,JAWA BARAT,1416,2,1203,211,92547,78634,1199,12714
08/01/2021,JAWA BARAT,1823,4,911,908,94370,79545,1203,13622
09/01/2021,JAWA BARAT,1731,6,1176,549,96101,80721,1209,14171
10/01/2021,JAWA BARAT,1467,8,949,510,97568,81670,1217,14681
11/01/2021,JAWA BARAT,1475,11,1059,405,99043,82729,1228,15086
12/01/2021,JAWA BARAT,1540,15,965,560,100583,83694,1243,15646
13/01/2021,JAWA BARAT,1755,11,1059,685,102338,84753,1254,16331
14/01/2021,JAWA BARAT,2202,11,1348,843,104540,86101,1265,17174
15/01/2021,JAWA BARAT,3095,27,1091,1977,107635,87192,1292,19151
16/01/2021,JAWA BARAT,3460,42,2142,1276,111095,89334,1334,20427
17/01/2021,JAWA BARAT,1491,11,1581,-101,112586,90915,1345,20326
18/01/2021,JAWA BARAT,1486,28,1624,-166,114072,92539,1373,20160
19/01/2021,JAWA BARAT,1684,24,1361,299,115756,93900,1397,20459
20/01/2021,JAWA BARAT,1814,13,1489,312,117570,95389,1410,20771
21/01/2021,JAWA BARAT,1228,73,1593,-438,118798,96982,1483,20333
22/01/2021,JAWA BARAT,2441,8,1360,1073,121239,98342,1491,21406
23/01/2021,JAWA BARAT,1809,16,2116,-323,123048,100458,1507,21083
24/01/2021,JAWA BARAT,2328,8,1765,555,125376,102223,1515,21638
25/01/2021,JAWA BARAT,2022,2,1232,788,127398,103455,1517,22426
26/01/2021,JAWA BARAT,3925,13,2246,1666,131323,105701,1530,24092
27/01/2021,JAWA BARAT,3198,105,1796,1297,134521,107497,1635,25389
28/01/2021,JAWA BARAT,4534,163,2288,2083,139055,109785,1798,27472
29/01/2021,JAWA BARAT,3834,5,2235,1594,142889,112020,1803,29066
30/01/2021,JAWA BARAT,4601,28,2661,1912,147490,114681,1831,30978
31/01/2021,JAWA BARAT,2848,62,2459,327,150338,117140,1893,31305
01/02/2021,JAWA BARAT,2969,5,2544,420,153307,119684,1898,31725
02/02/2021,JAWA BARAT,2068,78,2308,-318,155375,121992,1976,31407
03/02/2021,JAWA BARAT,2241,10,1891,340,157616,123883,1986,31747
04/02/2021,JAWA BARAT,2020,17,2361,-358,159636,126244,2003,31389
05/02/2021,JAWA BARAT,2117,28,2674,-585,161753,128918,2031,30804
06/02/2021,JAWA BARAT,3971,4,3114,853,165724,132032,2035,31657
07/02/2021,JAWA BARAT,1987,2,2084,-99,167711,134116,2037,31558
08/02/2021,JAWA BARAT,1498,12,3219,-1733,169209,137335,2049,29825
09/02/2021,JAWA BARAT,776,17,2127,-1368,169985,139462,2066,28457
10/02/2021,JAWA BARAT,661,16,1059,-414,170646,140521,2082,28043
11/02/2021,JAWA BARAT,1060,18,1127,-85,171706,141648,2100,27958
12/02/2021,JAWA BARAT,683,5,1582,-904,172389,143230,2105,27054
13/02/2021,JAWA BARAT,1736,2,2483,-749,174125,145713,2107,26305
14/02/2021,JAWA BARAT,881,6,1684,-809,175006,147397,2113,25496
15/02/2021,JAWA BARAT,947,5,1266,-324,175953,148663,2118,25172
16/02/2021,JAWA BARAT,4032,14,2100,1918,179985,150763,2132,27090
17/02/2021,JAWA BARAT,4333,3,2703,1627,184318,153466,2135,28717
18/02/2021,JAWA BARAT,4210,9,3344,857,188528,156810,2144,29574
19/02/2021,JAWA BARAT,3846,25,2553,1268,192374,159363,2169,30842
20/02/2021,JAWA BARAT,974,5,1528,-559,193348,160891,2174,30283
21/02/2021,JAWA BARAT,1021,4,1622,-605,194369,162513,2178,29678
22/02/2021,JAWA BARAT,3812,16,2830,966,198181,165343,2194,30644
23/02/2021,JAWA BARAT,4334,23,2048,2263,202515,167391,2217,32907
24/02/2021,JAWA BARAT,2192,7,1376,809,204707,168767,2224,33716
25/02/2021,JAWA BARAT,2544,73,1086,1385,207251,169853,2297,35101
26/02/2021,JAWA BARAT,2314,7,867,1440,209565,170720,2304,36541
27/02/2021,JAWA BARAT,876,5,651,220,210441,171371,2309,36761
28/02/2021,JAWA BARAT,771,51,535,185,211212,171906,2360,36946
01/03/2021,JAWA BARAT,1662,4,1692,-34,212874,173598,2364,36912
02/03/2021,JAWA BARAT,1654,49,2235,-630,214528,175833,2413,36282
03/03/2021,JAWA BARAT,1895,49,2257,-411,216423,178090,2462,35871
04/03/2021,JAWA BARAT,1731,45,1191,495,218154,179281,2507,36366
05/03/2021,JAWA BARAT,1785,7,1686,92,219939,180967,2514,36458
06/03/2021,JAWA BARAT,1094,1,1324,-231,221033,182291,2515,36227
07/03/2021,JAWA BARAT,1365,2,538,825,222398,182829,2517,37052
08/03/2021,JAWA BARAT,1739,72,1942,-275,224137,184771,2589,36777
09/03/2021,JAWA BARAT,1787,50,1005,732,225924,185776,2639,37509
10/03/2021,JAWA BARAT,1570,24,1243,303,227494,187019,2663,37812
11/03/2021,JAWA BARAT,781,6,4212,-3437,228275,191231,2669,34375
12/03/2021,JAWA BARAT,1357,43,2499,-1185,229632,193730,2712,33190
13/03/2021,JAWA BARAT,925,2,1587,-664,230557,195317,2714,32526
14/03/2021,JAWA BARAT,1133,6,944,183,231690,196261,2720,32709
15/03/2021,JAWA BARAT,1334,20,1572,-258,233024,197833,2740,32451
16/03/2021,JAWA BARAT,1617,35,2142,-560,234641,199975,2775,31891
17/03/2021,JAWA BARAT,1347,36,4156,-2845,235988,204131,2811,29046
18/03/2021,JAWA BARAT,1261,44,1188,29,237249,205319,2855,29075
19/03/2021,JAWA BARAT,1361,34,957,370,238610,206276,2889,29445
20/03/2021,JAWA BARAT,822,7,1711,-896,239432,207987,2896,28549
21/03/2021,JAWA BARAT,517,21,1325,-829,239949,209312,2917,27720
22/03/2021,JAWA BARAT,1253,48,1062,143,241202,210374,2965,27863
23/03/2021,JAWA BARAT,1216,41,1392,-217,242418,211766,3006,27646
24/03/2021,JAWA BARAT,1329,7,2469,-1147,243747,214235,3013,26499
25/03/2021,JAWA BARAT,1172,12,1146,14,244919,215381,3025,26513
26/03/2021,JAWA BARAT,855,1,1495,-641,245774,216876,3026,25872
27/03/2021,JAWA BARAT,476,102,1181,-807,246250,218057,3128,25065
28/03/2021,JAWA BARAT,534,7,837,-310,246784,218894,3135,24755
29/03/2021,JAWA BARAT,1610,6,1370,234,248394,220264,3141,24989
30/03/2021,JAWA BARAT,911,8,1040,-137,249305,221304,3149,24852
31/03/2021,JAWA BARAT,975,6,723,246,250280,222027,3155,25098
01/04/2021,JAWA BARAT,904,75,1157,-328,251184,223184,3230,24770
02/04/2021,JAWA BARAT,661,5,482,174,251845,223666,3235,24944
03/04/2021,JAWA BARAT,360,5,389,-34,252205,224055,3240,24910
04/04/2021,JAWA BARAT,338,4,294,40,252543,224349,3244,24950
05/04/2021,JAWA BARAT,910,5,692,213,253453,225041,3249,25163
06/04/2021,JAWA BARAT,963,69,653,241,254416,225694,3318,25404
07/04/2021,JAWA BARAT,811,2,726,83,255227,226420,3320,25487
08/04/2021,JAWA BARAT,673,13,1180,-520,255900,227600,3333,24967
09/04/2021,JAWA BARAT,931,22,452,457,256831,228052,3355,25424
10/04/2021,JAWA BARAT,997,7,477,513,257828,228529,3362,25937
11/04/2021,JAWA BARAT,747,5,665,77,258575,229194,3367,26014
12/04/2021,JAWA BARAT,1470,25,362,1083,260045,229556,3392,27097
13/04/2021,JAWA BARAT,1456,23,1116,317,261501,230672,3415,27414
14/04/2021,JAWA BARAT,1568,17,637,914,263069,231309,3432,28328
15/04/2021,JAWA BARAT,1216,42,1351,-177,264285,232660,3474,28151
16/04/2021,JAWA BARAT,998,5,612,381,265283,233272,3479,28532
17/04/2021,JAWA BARAT,832,9,696,127,266115,233968,3488,28659
18/04/2021,JAWA BARAT,769,9,407,353,266884,234375,3497,29012
19/04/2021,JAWA BARAT,1422,8,854,560,268306,235229,3505,29572
20/04/2021,JAWA BARAT,1399,15,649,735,269705,235878,3520,30307
21/04/2021,JAWA BARAT,1004,44,2308,-1348,270709,238186,3564,28959
22/04/2021,JAWA BARAT,1358,28,1338,-8,272067,239524,3592,28951
23/04/2021,JAWA BARAT,1066,23,1031,12,273133,240555,3615,28963
24/04/2021,JAWA BARAT,630,23,990,-383,273763,241545,3638,28580
25/04/2021,JAWA BARAT,683,7,397,279,274446,241942,3645,28859
26/04/2021,JAWA BARAT,1941,16,835,1090,276387,242777,3661,29949
27/04/2021,JAWA BARAT,1164,17,845,302,277551,243622,3678,30251
28/04/2021,JAWA BARAT,1354,14,1032,308,278905,244654,3692,30559
29/04/2021,JAWA BARAT,1119,25,1146,-52,280024,245800,3717,30507
30/04/2021,JAWA BARAT,1179,29,1178,-28,281203,246978,3746,30479
01/05/2021,JAWA BARAT,754,5,760,-11,281957,247738,3751,30468
02/05/2021,JAWA BARAT,672,7,481,184,282629,248219,3758,30652
03/05/2021,JAWA BARAT,1292,16,944,332,283921,249163,3774,30984
04/05/2021,JAWA BARAT,912,24,1385,-497,284833,250548,3798,30487
05/05/2021,JAWA BARAT,995,25,1288,-318,285828,251836,3823,30169
06/05/2021,JAWA BARAT,1038,6,1593,-561,286866,253429,3829,29608
07/05/2021,JAWA BARAT,1953,35,1326,592,288819,254755,3864,30200
08/05/2021,JAWA BARAT,2209,4,1982,223,291028,256737,3868,30423
09/05/2021,JAWA BARAT,492,8,557,-73,291520,257294,3876,30350
10/05/2021,JAWA BARAT,1070,16,2304,-1250,292590,259598,3892,29100
11/05/2021,JAWA BARAT,1373,18,1073,282,293963,260671,3910,29382
12/05/2021,JAWA BARAT,814,22,769,23,294777,261440,3932,29405
13/05/2021,JAWA BARAT,400,10,602,-212,295177,262042,3942,29193
14/05/2021,JAWA BARAT,610,2,685,-77,295787,262727,3944,29116
15/05/2021,JAWA BARAT,723,9,591,123,296510,263318,3953,29239
16/05/2021,JAWA BARAT,792,6,423,363,297302,263741,3959,29602
17/05/2021,JAWA BARAT,1361,26,1143,192,298663,264884,3985,29794
18/05/2021,JAWA BARAT,1119,39,1607,-527,299782,266491,4024,29267
19/05/2021,JAWA BARAT,1219,8,1522,-311,301001,268013,4032,28956
20/05/2021,JAWA BARAT,1332,14,1325,-7,302333,269338,4046,28949
21/05/2021,JAWA BARAT,1085,16,1483,-414,303418,270821,4062,28535
22/05/2021,JAWA BARAT,997,15,639,343,304415,271460,4077,28878
23/05/2021,JAWA BARAT,970,6,713,251,305385,272173,4083,29129
24/05/2021,JAWA BARAT,1420,19,1450,-49,306805,273623,4102,29080
25/05/2021,JAWA BARAT,1024,13,1021,-10,307829,274644,4115,29070
26/05/2021,JAWA BARAT,660,10,662,-12,308489,275306,4125,29058
27/05/2021,JAWA BARAT,1370,15,1057,298,309859,276363,4140,29356
28/05/2021,JAWA BARAT,1206,18,921,267,311065,277284,4158,29623
29/05/2021,JAWA BARAT,927,7,893,27,311992,278177,4165,29650
30/05/2021,JAWA BARAT,640,10,481,149,312632,278658,4175,29799
31/05/2021,JAWA BARAT,1316,24,1207,85,313948,279865,4199,29884
01/06/2021,JAWA BARAT,892,10,2041,-1159,314840,281906,4209,28725
02/06/2021,JAWA BARAT,930,22,2877,-1969,315770,284783,4231,26756
03/06/2021,JAWA BARAT,1176,26,7640,-6490,316946,292423,4257,20266
04/06/2021,JAWA BARAT,952,24,1736,-808,317898,294159,4281,19458
05/06/2021,JAWA BARAT,993,16,702,275,318891,294861,4297,19733
06/06/2021,JAWA BARAT,870,15,356,499,319761,295217,4312,20232
07/06/2021,JAWA BARAT,1790,22,974,794,321551,296191,4334,21026
08/06/2021,JAWA BARAT,1073,26,1001,46,322624,297192,4360,21072
09/06/2021,JAWA BARAT,1562,10,850,702,324186,298042,4370,21774
10/06/2021,JAWA BARAT,1334,19,1260,55,325520,299302,4389,21829
11/06/2021,JAWA BARAT,1302,14,1461,-173,326822,300763,4403,21656
12/06/2021,JAWA BARAT,876,12,768,96,327698,301531,4415,21752
13/06/2021,JAWA BARAT,1242,9,712,521,328940,302243,4424,22273
08/01/2020,JAWA TIMUR,9,3,1,5,9,1,3,5
09/01/2020,JAWA TIMUR,0,1,23,-24,9,24,4,-19
10/01/2020,JAWA TIMUR,0,1,14,-15,9,38,5,-34
11/01/2020,JAWA TIMUR,0,3,8,-11,9,46,8,-45
12/01/2020,JAWA TIMUR,0,3,1,-4,9,47,11,-49
13/01/2020,JAWA TIMUR,0,0,0,0,9,47,11,-49
14/01/2020,JAWA TIMUR,0,0,0,0,9,47,11,-49
15/01/2020,JAWA TIMUR,0,0,0,0,9,47,11,-49
16/01/2020,JAWA TIMUR,0,0,0,0,9,47,11,-49
17/01/2020,JAWA TIMUR,0,0,4,-4,9,51,11,-53
18/01/2020,JAWA TIMUR,0,0,8,-8,9,59,11,-61
19/01/2020,JAWA TIMUR,0,0,0,0,9,59,11,-61
20/01/2020,JAWA TIMUR,0,0,0,0,9,59,11,-61
21/01/2020,JAWA TIMUR,0,0,0,0,9,59,11,-61
22/01/2020,JAWA TIMUR,0,0,0,0,9,59,11,-61
23/01/2020,JAWA TIMUR,0,0,0,0,9,59,11,-61
24/01/2020,JAWA TIMUR,0,0,0,0,9,59,11,-61
25/01/2020,JAWA TIMUR,0,0,0,0,9,59,11,-61
26/01/2020,JAWA TIMUR,0,0,0,0,9,59,11,-61
27/01/2020,JAWA TIMUR,0,0,0,0,9,59,11,-61
28/01/2020,JAWA TIMUR,0,0,0,0,9,59,11,-61
29/01/2020,JAWA TIMUR,0,0,0,0,9,59,11,-61
30/01/2020,JAWA TIMUR,0,0,0,0,9,59,11,-61
31/01/2020,JAWA TIMUR,0,0,0,0,9,59,11,-61
01/02/2020,JAWA TIMUR,0,0,0,0,9,59,11,-61
02/02/2020,JAWA TIMUR,0,0,0,0,9,59,11,-61
03/02/2020,JAWA TIMUR,0,0,2,-2,9,61,11,-63
04/02/2020,JAWA TIMUR,0,0,0,0,9,61,11,-63
05/02/2020,JAWA TIMUR,0,0,0,0,9,61,11,-63
06/02/2020,JAWA TIMUR,0,0,4,-4,9,65,11,-67
07/02/2020,JAWA TIMUR,0,0,0,0,9,65,11,-67
08/02/2020,JAWA TIMUR,0,0,13,-13,9,78,11,-80
09/02/2020,JAWA TIMUR,0,4,27,-31,9,105,15,-111
10/02/2020,JAWA TIMUR,0,0,20,-20,9,125,15,-131
11/02/2020,JAWA TIMUR,0,3,7,-10,9,132,18,-141
12/02/2020,JAWA TIMUR,0,5,0,-5,9,132,23,-146
13/02/2020,JAWA TIMUR,0,0,0,0,9,132,23,-146
14/02/2020,JAWA TIMUR,0,0,0,0,9,132,23,-146
15/02/2020,JAWA TIMUR,0,0,0,0,9,132,23,-146
16/02/2020,JAWA TIMUR,0,0,0,0,9,132,23,-146
17/02/2020,JAWA TIMUR,0,0,0,0,9,132,23,-146
18/02/2020,JAWA TIMUR,0,0,0,0,9,132,23,-146
19/02/2020,JAWA TIMUR,0,0,0,0,9,132,23,-146
20/02/2020,JAWA TIMUR,0,0,0,0,9,132,23,-146
21/02/2020,JAWA TIMUR,0,0,0,0,9,132,23,-146
22/02/2020,JAWA TIMUR,0,0,0,0,9,132,23,-146
23/02/2020,JAWA TIMUR,0,0,0,0,9,132,23,-146
24/02/2020,JAWA TIMUR,0,0,0,0,9,132,23,-146
25/02/2020,JAWA TIMUR,0,0,0,0,9,132,23,-146
26/02/2020,JAWA TIMUR,0,0,0,0,9,132,23,-146
27/02/2020,JAWA TIMUR,0,0,0,0,9,132,23,-146
28/02/2020,JAWA TIMUR,0,0,0,0,9,132,23,-146
29/02/2020,JAWA TIMUR,0,0,0,0,9,132,23,-146
01/03/2020,JAWA TIMUR,0,0,0,0,9,132,23,-146
02/03/2020,JAWA TIMUR,0,0,0,0,9,132,23,-146
03/03/2020,JAWA TIMUR,0,0,0,0,9,132,23,-146
04/03/2020,JAWA TIMUR,0,0,0,0,9,132,23,-146
05/03/2020,JAWA TIMUR,0,0,0,0,9,132,23,-146
06/03/2020,JAWA TIMUR,0,0,0,0,9,132,23,-146
07/03/2020,JAWA TIMUR,0,0,0,0,9,132,23,-146
08/03/2020,JAWA TIMUR,0,2,0,-2,9,132,25,-148
09/03/2020,JAWA TIMUR,0,2,27,-29,9,159,27,-177
10/03/2020,JAWA TIMUR,0,1,19,-20,9,178,28,-197
11/03/2020,JAWA TIMUR,0,0,9,-9,9,187,28,-206
12/03/2020,JAWA TIMUR,0,2,8,-10,9,195,30,-216
13/03/2020,JAWA TIMUR,0,0,0,0,9,195,30,-216
14/03/2020,JAWA TIMUR,0,0,0,0,9,195,30,-216
15/03/2020,JAWA TIMUR,0,0,0,0,9,195,30,-216
16/03/2020,JAWA TIMUR,0,0,0,0,9,195,30,-216
17/03/2020,JAWA TIMUR,0,0,0,0,9,195,30,-216
18/03/2020,JAWA TIMUR,7,1,0,6,16,195,31,-210
19/03/2020,JAWA TIMUR,3,0,0,3,19,195,31,-207
20/03/2020,JAWA TIMUR,9,0,0,9,28,195,31,-198
21/03/2020,JAWA TIMUR,8,0,0,8,36,195,31,-190
22/03/2020,JAWA TIMUR,14,0,0,14,50,195,31,-176
23/03/2020,JAWA TIMUR,2,1,0,1,52,195,32,-175
24/03/2020,JAWA TIMUR,3,1,0,2,55,195,33,-173
25/03/2020,JAWA TIMUR,9,0,1,8,64,196,33,-165
26/03/2020,JAWA TIMUR,13,1,0,12,77,196,34,-153
27/03/2020,JAWA TIMUR,3,1,0,2,80,196,35,-151
28/03/2020,JAWA TIMUR,14,2,2,10,94,198,37,-141
29/03/2020,JAWA TIMUR,12,1,28,-17,106,226,38,-158
30/03/2020,JAWA TIMUR,7,2,0,5,113,226,40,-153
31/03/2020,JAWA TIMUR,1,0,0,1,114,226,40,-152
01/04/2020,JAWA TIMUR,9,4,77,-72,123,303,44,-224
02/04/2020,JAWA TIMUR,0,12,91,-103,123,394,56,-327
03/04/2020,JAWA TIMUR,47,1,7,39,170,401,57,-288
04/04/2020,JAWA TIMUR,5,2,3,0,175,404,59,-288
05/04/2020,JAWA TIMUR,35,2,8,25,210,412,61,-263
06/04/2020,JAWA TIMUR,9,5,11,-7,219,423,66,-270
07/04/2020,JAWA TIMUR,5,5,2,-2,224,425,71,-272
08/04/2020,JAWA TIMUR,15,24,15,-24,239,440,95,-296
09/04/2020,JAWA TIMUR,36,12,43,-19,275,483,107,-315
10/04/2020,JAWA TIMUR,30,4,34,-8,305,517,111,-323
11/04/2020,JAWA TIMUR,15,9,27,-21,320,544,120,-344
12/04/2020,JAWA TIMUR,111,1,7,103,431,551,121,-241
13/04/2020,JAWA TIMUR,52,3,6,43,483,557,124,-198
14/04/2020,JAWA TIMUR,36,2,10,24,519,567,126,-174
15/04/2020,JAWA TIMUR,25,4,4,17,544,571,130,-157
16/04/2020,JAWA TIMUR,13,5,3,5,557,574,135,-152
17/04/2020,JAWA TIMUR,10,6,3,1,567,577,141,-151
18/04/2020,JAWA TIMUR,34,3,7,24,601,584,144,-127
19/04/2020,JAWA TIMUR,43,6,2,35,644,586,150,-92
20/04/2020,JAWA TIMUR,5,3,1,1,649,587,153,-91
21/04/2020,JAWA TIMUR,10,5,2,3,659,589,158,-88
22/04/2020,JAWA TIMUR,36,5,30,1,695,619,163,-87
23/04/2020,JAWA TIMUR,27,4,12,11,722,631,167,-76
24/04/2020,JAWA TIMUR,20,11,14,-5,742,645,178,-81
25/04/2020,JAWA TIMUR,75,7,19,49,817,664,185,-32
26/04/2020,JAWA TIMUR,19,8,4,7,836,668,193,-25
27/04/2020,JAWA TIMUR,12,5,9,-2,848,677,198,-27
28/04/2020,JAWA TIMUR,58,1,21,36,906,698,199,9
29/04/2020,JAWA TIMUR,20,3,10,7,926,708,202,16
30/04/2020,JAWA TIMUR,75,5,8,62,1001,716,207,78
01/05/2020,JAWA TIMUR,83,5,33,45,1084,749,212,123
02/05/2020,JAWA TIMUR,7,10,46,-49,1091,795,222,74
03/05/2020,JAWA TIMUR,77,6,9,62,1168,804,228,136
04/05/2020,JAWA TIMUR,13,8,7,-2,1181,811,236,134
05/05/2020,JAWA TIMUR,41,7,21,13,1222,832,243,147
06/05/2020,JAWA TIMUR,48,13,11,24,1270,843,256,171
07/05/2020,JAWA TIMUR,34,14,9,11,1304,852,270,182
08/05/2020,JAWA TIMUR,30,19,46,-35,1334,898,289,147
09/05/2020,JAWA TIMUR,158,12,63,83,1492,961,301,230
10/05/2020,JAWA TIMUR,78,7,48,23,1570,1009,308,253
11/05/2020,JAWA TIMUR,54,13,70,-29,1624,1079,321,224
12/05/2020,JAWA TIMUR,111,11,28,72,1735,1107,332,296
13/05/2020,JAWA TIMUR,141,7,47,87,1876,1154,339,383
14/05/2020,JAWA TIMUR,85,14,17,54,1961,1171,353,437
15/05/2020,JAWA TIMUR,57,13,12,32,2018,1183,366,469
16/05/2020,JAWA TIMUR,168,11,24,133,2186,1207,377,602
17/05/2020,JAWA TIMUR,57,11,30,16,2243,1237,388,618
18/05/2020,JAWA TIMUR,124,13,15,96,2367,1252,401,714
19/05/2020,JAWA TIMUR,84,13,48,23,2451,1300,414,737
20/05/2020,JAWA TIMUR,124,19,43,62,2575,1343,433,799
21/05/2020,JAWA TIMUR,431,14,13,404,3006,1356,447,1203
22/05/2020,JAWA TIMUR,155,9,51,95,3161,1407,456,1298
23/05/2020,JAWA TIMUR,465,21,90,354,3626,1497,477,1652
24/05/2020,JAWA TIMUR,72,11,55,6,3698,1552,488,1658
25/05/2020,JAWA TIMUR,200,15,34,151,3898,1586,503,1809
26/05/2020,JAWA TIMUR,86,14,67,5,3984,1653,517,1814
27/05/2020,JAWA TIMUR,166,15,44,107,4150,1697,532,1921
28/05/2020,JAWA TIMUR,168,13,55,100,4318,1752,545,2021
29/05/2020,JAWA TIMUR,132,8,52,72,4450,1804,553,2093
30/05/2020,JAWA TIMUR,180,12,54,114,4630,1858,565,2207
31/05/2020,JAWA TIMUR,232,16,203,13,4862,2061,581,2220
01/06/2020,JAWA TIMUR,95,16,96,-17,4957,2157,597,2203
02/06/2020,JAWA TIMUR,171,19,298,-146,5128,2455,616,2057
03/06/2020,JAWA TIMUR,173,14,304,-145,5301,2759,630,1912
04/06/2020,JAWA TIMUR,108,15,179,-86,5409,2938,645,1826
05/06/2020,JAWA TIMUR,144,22,172,-50,5553,3110,667,1776
06/06/2020,JAWA TIMUR,84,19,117,-52,5637,3227,686,1724
07/06/2020,JAWA TIMUR,271,18,147,106,5908,3374,704,1830
08/06/2020,JAWA TIMUR,319,20,161,138,6227,3535,724,1968
09/06/2020,JAWA TIMUR,189,25,127,37,6416,3662,749,2005
10/06/2020,JAWA TIMUR,275,29,203,43,6691,3865,778,2048
11/06/2020,JAWA TIMUR,251,33,88,130,6942,3953,811,2178
12/06/2020,JAWA TIMUR,245,29,185,31,7187,4138,840,2209
13/06/2020,JAWA TIMUR,219,23,93,103,7406,4231,863,2312
14/06/2020,JAWA TIMUR,194,22,63,109,7600,4294,885,2421
15/06/2020,JAWA TIMUR,312,30,95,187,7912,4389,915,2608
16/06/2020,JAWA TIMUR,205,22,59,124,8117,4448,937,2732
17/06/2020,JAWA TIMUR,210,26,240,-56,8327,4688,963,2676
18/06/2020,JAWA TIMUR,319,23,269,27,8646,4957,986,2703
19/06/2020,JAWA TIMUR,196,22,115,59,8842,5072,1008,2762
20/06/2020,JAWA TIMUR,300,18,257,25,9142,5329,1026,2787
21/06/2020,JAWA TIMUR,131,16,126,-11,9273,5455,1042,2776
22/06/2020,JAWA TIMUR,329,11,116,202,9602,5571,1053,2978
23/06/2020,JAWA TIMUR,241,17,130,94,9843,5701,1070,3072
24/06/2020,JAWA TIMUR,183,19,161,3,10026,5862,1089,3075
25/06/2020,JAWA TIMUR,304,23,135,146,10330,5997,1112,3221
26/06/2020,JAWA TIMUR,360,32,186,142,10690,6183,1144,3363
27/06/2020,JAWA TIMUR,287,25,106,156,10977,6289,1169,3519
28/06/2020,JAWA TIMUR,236,21,182,33,11213,6471,1190,3552
29/06/2020,JAWA TIMUR,226,21,102,103,11439,6573,1211,3655
30/06/2020,JAWA TIMUR,394,24,198,172,11833,6771,1235,3827
01/07/2020,JAWA TIMUR,305,25,116,164,12138,6887,1260,3991
02/07/2020,JAWA TIMUR,342,28,222,92,12480,7109,1288,4083
03/07/2020,JAWA TIMUR,372,20,160,192,12852,7269,1308,4275
04/07/2020,JAWA TIMUR,384,31,155,198,13236,7424,1339,4473
05/07/2020,JAWA TIMUR,411,14,262,135,13647,7686,1353,4608
06/07/2020,JAWA TIMUR,280,18,219,43,13927,7905,1371,4651
07/07/2020,JAWA TIMUR,321,21,153,147,14248,8058,1392,4798
08/07/2020,JAWA TIMUR,393,16,164,213,14641,8222,1408,5011
09/07/2020,JAWA TIMUR,416,27,180,209,15057,8402,1435,5220
10/07/2020,JAWA TIMUR,295,17,311,-33,15352,8713,1452,5187
11/07/2020,JAWA TIMUR,392,19,310,63,15744,9023,1471,5250
12/07/2020,JAWA TIMUR,388,21,261,106,16132,9284,1492,5356
13/07/2020,JAWA TIMUR,197,22,165,10,16329,9449,1514,5366
14/07/2020,JAWA TIMUR,278,26,272,-20,16607,9721,1540,5346
15/07/2020,JAWA TIMUR,261,39,315,-93,16868,10036,1579,5253
16/07/2020,JAWA TIMUR,191,17,254,-80,17059,10290,1596,5173
17/07/2020,JAWA TIMUR,249,21,306,-78,17308,10596,1617,5095
18/07/2020,JAWA TIMUR,257,26,224,7,17565,10820,1643,5102
19/07/2020,JAWA TIMUR,302,44,285,-27,17867,11105,1687,5075
20/07/2020,JAWA TIMUR,287,25,258,4,18154,11363,1712,5079
21/07/2020,JAWA TIMUR,305,25,370,-90,18459,11733,1737,4989
22/07/2020,JAWA TIMUR,359,32,311,16,18818,12044,1769,5005
23/07/2020,JAWA TIMUR,323,37,363,-77,19141,12407,1806,4928
24/07/2020,JAWA TIMUR,563,31,349,183,19704,12756,1837,5111
25/07/2020,JAWA TIMUR,270,22,353,-105,19974,13109,1859,5006
26/07/2020,JAWA TIMUR,302,33,260,9,20276,13369,1892,5015
27/07/2020,JAWA TIMUR,286,18,309,-41,20562,13678,1910,4974
28/07/2020,JAWA TIMUR,273,31,311,-69,20835,13989,1941,4905
29/07/2020,JAWA TIMUR,286,19,366,-99,21121,14355,1960,4806
30/07/2020,JAWA TIMUR,315,20,283,12,21436,14638,1980,4818
31/07/2020,JAWA TIMUR,294,22,261,11,21730,14899,2002,4829
01/08/2020,JAWA TIMUR,581,19,238,324,22311,15137,2021,5153
02/08/2020,JAWA TIMUR,330,23,220,87,22641,15357,2044,5240
03/08/2020,JAWA TIMUR,321,16,259,46,22962,15616,2060,5286
04/08/2020,JAWA TIMUR,391,19,246,126,23353,15862,2079,5412
05/08/2020,JAWA TIMUR,414,11,347,56,23767,16209,2090,5468
06/08/2020,JAWA TIMUR,265,19,490,-244,24032,16699,2109,5224
07/08/2020,JAWA TIMUR,365,21,576,-232,24397,17275,2130,4992
08/08/2020,JAWA TIMUR,402,24,345,33,24799,17620,2154,5025
09/08/2020,JAWA TIMUR,367,29,317,21,25166,17937,2183,5046
10/08/2020,JAWA TIMUR,298,18,382,-102,25464,18319,2201,4944
11/08/2020,JAWA TIMUR,288,22,278,-12,25752,18597,2223,4932
12/08/2020,JAWA TIMUR,298,34,450,-186,26050,19047,2257,4746
13/08/2020,JAWA TIMUR,327,36,569,-278,26377,19616,2293,4468
14/08/2020,JAWA TIMUR,402,41,359,2,26779,19975,2334,4470
15/08/2020,JAWA TIMUR,416,27,366,23,27195,20341,2361,4493
16/08/2020,JAWA TIMUR,471,23,390,58,27666,20731,2384,4551
17/08/2020,JAWA TIMUR,313,27,389,-103,27979,21120,2411,4448
18/08/2020,JAWA TIMUR,318,24,363,-69,28297,21483,2435,4379
19/08/2020,JAWA TIMUR,338,27,485,-174,28635,21968,2462,4205
20/08/2020,JAWA TIMUR,366,25,368,-27,29001,22336,2487,4178
21/08/2020,JAWA TIMUR,451,39,367,45,29452,22703,2526,4223
22/08/2020,JAWA TIMUR,343,30,382,-69,29795,23085,2556,4154
23/08/2020,JAWA TIMUR,282,28,369,-115,30077,23454,2584,4039
24/08/2020,JAWA TIMUR,340,22,491,-173,30417,23945,2606,3866
25/08/2020,JAWA TIMUR,364,20,460,-116,30781,24405,2626,3750
26/08/2020,JAWA TIMUR,322,31,398,-107,31103,24803,2657,3643
27/08/2020,JAWA TIMUR,362,31,353,-22,31465,25156,2688,3621
28/08/2020,JAWA TIMUR,424,32,337,55,31889,25493,2720,3676
29/08/2020,JAWA TIMUR,616,25,264,327,32505,25757,2745,4003
30/08/2020,JAWA TIMUR,458,34,398,26,32963,26155,2779,4029
31/08/2020,JAWA TIMUR,315,38,493,-216,33278,26648,2817,3813
01/09/2020,JAWA TIMUR,351,19,405,-73,33629,27053,2836,3740
02/09/2020,JAWA TIMUR,359,17,361,-19,33988,27414,2853,3721
03/09/2020,JAWA TIMUR,371,34,331,6,34359,27745,2887,3727
04/09/2020,JAWA TIMUR,330,43,347,-60,34689,28092,2930,3667
05/09/2020,JAWA TIMUR,322,26,336,-40,35011,28428,2956,3627
06/09/2020,JAWA TIMUR,306,32,391,-117,35317,28819,2988,3510
07/09/2020,JAWA TIMUR,290,26,375,-111,35607,29194,3014,3399
08/09/2020,JAWA TIMUR,425,27,348,50,36032,29542,3041,3449
09/09/2020,JAWA TIMUR,356,40,391,-75,36388,29933,3081,3374
10/09/2020,JAWA TIMUR,370,27,316,27,36758,30249,3108,3401
11/09/2020,JAWA TIMUR,370,34,359,-23,37128,30608,3142,3378
12/09/2020,JAWA TIMUR,364,24,442,-102,37492,31050,3166,3276
13/09/2020,JAWA TIMUR,236,30,711,-505,37728,31761,3196,2771
14/09/2020,JAWA TIMUR,358,31,346,-19,38086,32107,3227,2752
15/09/2020,JAWA TIMUR,371,24,346,1,38457,32453,3251,2753
16/09/2020,JAWA TIMUR,357,24,340,-7,38814,32793,3275,2746
17/09/2020,JAWA TIMUR,323,29,333,-39,39137,33126,3304,2707
18/09/2020,JAWA TIMUR,488,23,538,-73,39625,33664,3327,2634
19/09/2020,JAWA TIMUR,351,31,353,-33,39976,34017,3358,2601
20/09/2020,JAWA TIMUR,350,21,321,8,40326,34338,3379,2609
21/09/2020,JAWA TIMUR,336,16,286,34,40662,34624,3395,2643
22/09/2020,JAWA TIMUR,336,22,379,-65,40998,35003,3417,2578
23/09/2020,JAWA TIMUR,342,23,335,-16,41340,35338,3440,2562
24/09/2020,JAWA TIMUR,359,24,364,-29,41699,35702,3464,2533
25/09/2020,JAWA TIMUR,285,22,374,-111,41984,36076,3486,2422
26/09/2020,JAWA TIMUR,269,17,344,-92,42253,36420,3503,2330
27/09/2020,JAWA TIMUR,197,19,460,-282,42450,36880,3522,2048
28/09/2020,JAWA TIMUR,280,22,451,-193,42730,37331,3544,1855
29/09/2020,JAWA TIMUR,275,24,322,-71,43005,37653,3568,1784
30/09/2020,JAWA TIMUR,531,51,565,-85,43536,38218,3619,1699
01/10/2020,JAWA TIMUR,601,22,372,207,44137,38590,3641,1906
02/10/2020,JAWA TIMUR,269,22,363,-116,44406,38953,3663,1790
03/10/2020,JAWA TIMUR,319,15,343,-39,44725,39296,3678,1751
04/10/2020,JAWA TIMUR,238,18,331,-111,44963,39627,3696,1640
05/10/2020,JAWA TIMUR,245,8,290,-53,45208,39917,3704,1587
06/10/2020,JAWA TIMUR,275,9,247,19,45483,40164,3713,1606
07/10/2020,JAWA TIMUR,326,23,299,4,45809,40463,3736,1610
08/10/2020,JAWA TIMUR,343,20,328,-5,46152,40791,3756,1605
09/10/2020,JAWA TIMUR,303,25,378,-100,46455,41169,3781,1505
10/10/2020,JAWA TIMUR,310,20,371,-81,46765,41540,3801,1424
11/10/2020,JAWA TIMUR,260,15,317,-72,47025,41857,3816,1352
12/10/2020,JAWA TIMUR,297,19,317,-39,47322,42174,3835,1313
13/10/2020,JAWA TIMUR,330,22,365,-57,47652,42539,3857,1256
14/10/2020,JAWA TIMUR,300,21,346,-67,47952,42885,3878,1189
15/10/2020,JAWA TIMUR,294,20,372,-98,48246,43257,3898,1091
16/10/2020,JAWA TIMUR,286,21,402,-137,48532,43659,3919,954
17/10/2020,JAWA TIMUR,250,22,382,-154,48782,44041,3941,800
18/10/2020,JAWA TIMUR,236,21,318,-103,49018,44359,3962,697
19/10/2020,JAWA TIMUR,232,21,351,-140,49250,44710,3983,557
20/10/2020,JAWA TIMUR,295,12,339,-56,49545,45049,3995,501
21/10/2020,JAWA TIMUR,332,17,342,-27,49877,45391,4012,474
22/10/2020,JAWA TIMUR,272,22,380,-130,50149,45771,4034,344
23/10/2020,JAWA TIMUR,282,22,376,-116,50431,46147,4056,228
24/10/2020,JAWA TIMUR,292,18,349,-75,50723,46496,4074,153
25/10/2020,JAWA TIMUR,246,18,269,-41,50969,46765,4092,112
26/10/2020,JAWA TIMUR,288,13,285,-10,51257,47050,4105,102
27/10/2020,JAWA TIMUR,286,11,270,5,51543,47320,4116,107
28/10/2020,JAWA TIMUR,232,15,260,-43,51775,47580,4131,64
29/10/2020,JAWA TIMUR,242,15,282,-55,52017,47862,4146,9
30/10/2020,JAWA TIMUR,218,46,542,-370,52235,48404,4192,-361
31/10/2020,JAWA TIMUR,225,22,277,-74,52460,48681,4214,-435
01/11/2020,JAWA TIMUR,627,23,345,259,53087,49026,4237,-176
02/11/2020,JAWA TIMUR,284,12,291,-19,53371,49317,4249,-195
03/11/2020,JAWA TIMUR,261,24,280,-43,53632,49597,4273,-238
04/11/2020,JAWA TIMUR,231,15,280,-64,53863,49877,4288,-302
05/11/2020,JAWA TIMUR,270,9,274,-13,54133,50151,4297,-315
06/11/2020,JAWA TIMUR,261,13,308,-60,54394,50459,4310,-375
07/11/2020,JAWA TIMUR,269,24,283,-38,54663,50742,4334,-413
08/11/2020,JAWA TIMUR,279,21,275,-17,54942,51017,4355,-430
09/11/2020,JAWA TIMUR,243,28,278,-63,55185,51295,4383,-493
10/11/2020,JAWA TIMUR,303,25,311,-33,55488,51606,4408,-526
11/11/2020,JAWA TIMUR,185,21,272,-108,55673,51878,4429,-634
12/11/2020,JAWA TIMUR,233,24,238,-29,55906,52116,4453,-663
13/11/2020,JAWA TIMUR,224,21,291,-88,56130,52407,4474,-751
14/11/2020,JAWA TIMUR,240,21,303,-84,56370,52710,4495,-835
15/11/2020,JAWA TIMUR,189,10,278,-99,56559,52988,4505,-934
16/11/2020,JAWA TIMUR,263,30,259,-26,56822,53247,4535,-960
17/11/2020,JAWA TIMUR,317,29,248,40,57139,53495,4564,-920
18/11/2020,JAWA TIMUR,372,18,283,71,57511,53778,4582,-849
19/11/2020,JAWA TIMUR,408,33,248,127,57919,54026,4615,-722
20/11/2020,JAWA TIMUR,361,26,305,30,58280,54331,4641,-692
21/11/2020,JAWA TIMUR,354,22,265,67,58634,54596,4663,-625
22/11/2020,JAWA TIMUR,274,27,276,-29,58908,54872,4690,-654
23/11/2020,JAWA TIMUR,341,29,268,44,59249,55140,4719,-610
24/11/2020,JAWA TIMUR,331,29,259,43,59580,55399,4748,-567
25/11/2020,JAWA TIMUR,378,35,284,59,59958,55683,4783,-508
26/11/2020,JAWA TIMUR,361,34,283,44,60319,55966,4817,-464
27/11/2020,JAWA TIMUR,375,43,338,-6,60694,56304,4860,-470
28/11/2020,JAWA TIMUR,442,32,395,15,61136,56699,4892,-455
29/11/2020,JAWA TIMUR,393,32,267,94,61529,56966,4924,-361
30/11/2020,JAWA TIMUR,389,94,675,-380,61918,57641,5018,-741
01/12/2020,JAWA TIMUR,419,30,403,-14,62337,58044,5048,-755
02/12/2020,JAWA TIMUR,462,23,317,122,62799,58361,5071,-633
03/12/2020,JAWA TIMUR,532,36,372,124,63331,58733,5107,-509
04/12/2020,JAWA TIMUR,586,17,364,205,63917,59097,5124,-304
05/12/2020,JAWA TIMUR,541,27,395,119,64458,59492,5151,-185
06/12/2020,JAWA TIMUR,536,31,351,154,64994,59843,5182,-31
07/12/2020,JAWA TIMUR,572,30,397,145,65566,60240,5212,114
08/12/2020,JAWA TIMUR,572,45,541,-14,66138,60781,5257,100
09/12/2020,JAWA TIMUR,670,46,527,97,66808,61308,5303,197
10/12/2020,JAWA TIMUR,726,31,610,85,67534,61918,5334,282
11/12/2020,JAWA TIMUR,812,32,444,336,68346,62362,5366,618
12/12/2020,JAWA TIMUR,765,49,451,265,69111,62813,5415,883
13/12/2020,JAWA TIMUR,708,30,563,115,69819,63376,5445,998
14/12/2020,JAWA TIMUR,704,22,501,181,70523,63877,5467,1179
15/12/2020,JAWA TIMUR,705,47,747,-89,71228,64624,5514,1090
16/12/2020,JAWA TIMUR,724,45,463,216,71952,65087,5559,1306
17/12/2020,JAWA TIMUR,832,36,612,184,72784,65699,5595,1490
18/12/2020,JAWA TIMUR,831,46,598,187,73615,66297,5641,1677
19/12/2020,JAWA TIMUR,736,50,518,168,74351,66815,5691,1845
20/12/2020,JAWA TIMUR,643,45,725,-127,74994,67540,5736,1718
21/12/2020,JAWA TIMUR,803,35,600,168,75797,68140,5771,1886
22/12/2020,JAWA TIMUR,705,47,618,40,76502,68758,5818,1926
23/12/2020,JAWA TIMUR,812,44,648,120,77314,69406,5862,2046
24/12/2020,JAWA TIMUR,731,55,668,8,78045,70074,5917,2054
25/12/2020,JAWA TIMUR,734,56,514,164,78779,70588,5973,2218
26/12/2020,JAWA TIMUR,779,48,647,84,79558,71235,6021,2302
27/12/2020,JAWA TIMUR,675,39,543,93,80233,71778,6060,2395
28/12/2020,JAWA TIMUR,813,62,602,149,81046,72380,6122,2544
29/12/2020,JAWA TIMUR,765,57,661,47,81811,73041,6179,2591
30/12/2020,JAWA TIMUR,957,58,744,155,82768,73785,6237,2746
31/12/2020,JAWA TIMUR,1644,163,1257,224,84412,75042,6400,2970
01/01/2021,JAWA TIMUR,862,64,641,157,85274,75683,6464,3127
02/01/2021,JAWA TIMUR,763,70,678,15,86037,76361,6534,3142
03/01/2021,JAWA TIMUR,570,49,535,-14,86607,76896,6583,3128
04/01/2021,JAWA TIMUR,673,49,501,123,87280,77397,6632,3251
05/01/2021,JAWA TIMUR,675,61,501,113,87955,77898,6693,3364
06/01/2021,JAWA TIMUR,800,51,906,-157,88755,78804,6744,3207
07/01/2021,JAWA TIMUR,879,81,561,237,89634,79365,6825,3444
08/01/2021,JAWA TIMUR,977,69,625,283,90611,79990,6894,3727
09/01/2021,JAWA TIMUR,1015,51,591,373,91626,80581,6945,4100
10/01/2021,JAWA TIMUR,946,55,818,73,92572,81399,7000,4173
11/01/2021,JAWA TIMUR,844,46,485,313,93416,81884,7046,4486
12/01/2021,JAWA TIMUR,832,68,726,38,94248,82610,7114,4524
13/01/2021,JAWA TIMUR,885,75,883,-73,95133,83493,7189,4451
14/01/2021,JAWA TIMUR,1007,66,766,175,96140,84259,7255,4626
15/01/2021,JAWA TIMUR,1256,69,788,399,97396,85047,7324,5025
16/01/2021,JAWA TIMUR,1219,48,707,464,98615,85754,7372,5489
17/01/2021,JAWA TIMUR,906,50,766,90,99521,86520,7422,5579
18/01/2021,JAWA TIMUR,863,39,705,119,100384,87225,7461,5698
19/01/2021,JAWA TIMUR,946,52,675,219,101330,87900,7513,5917
20/01/2021,JAWA TIMUR,940,59,700,181,102270,88600,7572,6098
21/01/2021,JAWA TIMUR,1122,52,914,156,103392,89514,7624,6254
22/01/2021,JAWA TIMUR,1046,52,813,181,104438,90327,7676,6435
23/01/2021,JAWA TIMUR,935,33,886,16,105373,91213,7709,6451
24/01/2021,JAWA TIMUR,895,44,765,86,106268,91978,7753,6537
25/01/2021,JAWA TIMUR,890,35,726,129,107158,92704,7788,6666
26/01/2021,JAWA TIMUR,933,56,744,133,108091,93448,7844,6799
27/01/2021,JAWA TIMUR,1089,44,770,275,109180,94218,7888,7074
28/01/2021,JAWA TIMUR,1035,44,753,238,110215,94971,7932,7312
29/01/2021,JAWA TIMUR,997,33,933,31,111212,95904,7965,7343
30/01/2021,JAWA TIMUR,854,38,804,12,112066,96708,8003,7355
31/01/2021,JAWA TIMUR,851,33,710,108,112917,97418,8036,7463
01/02/2021,JAWA TIMUR,669,36,929,-296,113586,98347,8072,7167
02/02/2021,JAWA TIMUR,809,50,919,-160,114395,99266,8122,7007
03/02/2021,JAWA TIMUR,719,64,662,-7,115114,99928,8186,7000
04/02/2021,JAWA TIMUR,595,57,874,-336,115709,100802,8243,6664
05/02/2021,JAWA TIMUR,753,61,836,-144,116462,101638,8304,6520
06/02/2021,JAWA TIMUR,693,61,678,-46,117155,102316,8365,6474
07/02/2021,JAWA TIMUR,569,31,697,-159,117724,103013,8396,6315
08/02/2021,JAWA TIMUR,666,26,753,-113,118390,103766,8422,6202
09/02/2021,JAWA TIMUR,447,25,349,73,118837,104115,8447,6275
10/02/2021,JAWA TIMUR,605,21,386,198,119442,104501,8468,6473
11/02/2021,JAWA TIMUR,1051,46,455,550,120493,104956,8514,7023
12/02/2021,JAWA TIMUR,778,93,576,109,121271,105532,8607,7132
13/02/2021,JAWA TIMUR,559,31,490,38,121830,106022,8638,7170
14/02/2021,JAWA TIMUR,516,37,395,84,122346,106417,8675,7254
15/02/2021,JAWA TIMUR,432,36,473,-77,122778,106890,8711,7177
16/02/2021,JAWA TIMUR,473,16,287,170,123251,107177,8727,7347
17/02/2021,JAWA TIMUR,579,13,265,301,123830,107442,8740,7648
18/02/2021,JAWA TIMUR,559,21,385,153,124389,107827,8761,7801
19/02/2021,JAWA TIMUR,571,23,638,-90,124960,108465,8784,7711
20/02/2021,JAWA TIMUR,625,32,570,23,125585,109035,8816,7734
21/02/2021,JAWA TIMUR,446,26,534,-114,126031,109569,8842,7620
22/02/2021,JAWA TIMUR,434,44,645,-255,126465,110214,8886,7365
23/02/2021,JAWA TIMUR,546,35,492,19,127011,110706,8921,7384
24/02/2021,JAWA TIMUR,580,30,697,-147,127591,111403,8951,7237
25/02/2021,JAWA TIMUR,556,37,560,-41,128147,111963,8988,7196
26/02/2021,JAWA TIMUR,543,20,600,-77,128690,112563,9008,7119
27/02/2021,JAWA TIMUR,445,20,444,-19,129135,113007,9028,7100
28/02/2021,JAWA TIMUR,324,26,555,-257,129459,113562,9054,6843
01/03/2021,JAWA TIMUR,341,21,421,-101,129800,113983,9075,6742
02/03/2021,JAWA TIMUR,412,21,653,-262,130212,114636,9096,6480
03/03/2021,JAWA TIMUR,430,25,480,-75,130642,115116,9121,6405
04/03/2021,JAWA TIMUR,404,20,440,-56,131046,115556,9141,6349
05/03/2021,JAWA TIMUR,404,16,447,-59,131450,116003,9157,6290
06/03/2021,JAWA TIMUR,393,25,466,-98,131843,116469,9182,6192
07/03/2021,JAWA TIMUR,328,16,380,-68,132171,116849,9198,6124
08/03/2021,JAWA TIMUR,328,23,410,-105,132499,117259,9221,6019
09/03/2021,JAWA TIMUR,391,22,434,-65,132890,117693,9243,5954
10/03/2021,JAWA TIMUR,400,18,481,-99,133290,118174,9261,5855
11/03/2021,JAWA TIMUR,341,16,384,-59,133631,118558,9277,5796
12/03/2021,JAWA TIMUR,339,15,419,-95,133970,118977,9292,5701
13/03/2021,JAWA TIMUR,346,18,362,-34,134316,119339,9310,5667
14/03/2021,JAWA TIMUR,278,14,214,50,134594,119553,9324,5717
15/03/2021,JAWA TIMUR,257,20,293,-56,134851,119846,9344,5661
16/03/2021,JAWA TIMUR,291,24,248,19,135142,120094,9368,5680
17/03/2021,JAWA TIMUR,321,88,1007,-774,135463,121101,9456,4906
18/03/2021,JAWA TIMUR,339,38,820,-519,135802,121921,9494,4387
19/03/2021,JAWA TIMUR,305,46,357,-98,136107,122278,9540,4289
20/03/2021,JAWA TIMUR,289,74,333,-118,136396,122611,9614,4171
21/03/2021,JAWA TIMUR,292,20,462,-190,136688,123073,9634,3981
22/03/2021,JAWA TIMUR,270,28,322,-80,136958,123395,9662,3901
23/03/2021,JAWA TIMUR,238,27,376,-165,137196,123771,9689,3736
24/03/2021,JAWA TIMUR,289,23,564,-298,137485,124335,9712,3438
25/03/2021,JAWA TIMUR,348,21,345,-18,137833,124680,9733,3420
26/03/2021,JAWA TIMUR,340,25,404,-89,138173,125084,9758,3331
27/03/2021,JAWA TIMUR,275,17,452,-194,138448,125536,9775,3137
28/03/2021,JAWA TIMUR,266,19,339,-92,138714,125875,9794,3045
29/03/2021,JAWA TIMUR,251,30,813,-592,138965,126688,9824,2453
30/03/2021,JAWA TIMUR,279,31,494,-246,139244,127182,9855,2207
31/03/2021,JAWA TIMUR,301,36,273,-8,139545,127455,9891,2199
01/04/2021,JAWA TIMUR,281,24,233,24,139826,127688,9915,2223
02/04/2021,JAWA TIMUR,274,25,228,21,140100,127916,9940,2244
03/04/2021,JAWA TIMUR,230,21,222,-13,140330,128138,9961,2231
04/04/2021,JAWA TIMUR,221,21,196,4,140551,128334,9982,2235
05/04/2021,JAWA TIMUR,230,30,233,-33,140781,128567,10012,2202
06/04/2021,JAWA TIMUR,295,25,216,54,141076,128783,10037,2256
07/04/2021,JAWA TIMUR,346,45,370,-69,141422,129153,10082,2187
08/04/2021,JAWA TIMUR,297,25,219,53,141719,129372,10107,2240
09/04/2021,JAWA TIMUR,308,19,249,40,142027,129621,10126,2280
10/04/2021,JAWA TIMUR,277,28,225,24,142304,129846,10154,2304
11/04/2021,JAWA TIMUR,249,23,342,-116,142553,130188,10177,2188
12/04/2021,JAWA TIMUR,251,34,251,-34,142804,130439,10211,2154
13/04/2021,JAWA TIMUR,249,32,225,-8,143053,130664,10243,2146
14/04/2021,JAWA TIMUR,262,23,279,-40,143315,130943,10266,2106
15/04/2021,JAWA TIMUR,294,27,228,39,143609,131171,10293,2145
16/04/2021,JAWA TIMUR,290,22,307,-39,143899,131478,10315,2106
17/04/2021,JAWA TIMUR,285,26,250,9,144184,131728,10341,2115
18/04/2021,JAWA TIMUR,241,19,224,-2,144425,131952,10360,2113
19/04/2021,JAWA TIMUR,253,30,235,-12,144678,132187,10390,2101
20/04/2021,JAWA TIMUR,258,35,212,11,144936,132399,10425,2112
21/04/2021,JAWA TIMUR,303,28,230,45,145239,132629,10453,2157
22/04/2021,JAWA TIMUR,291,25,233,33,145530,132862,10478,2190
23/04/2021,JAWA TIMUR,300,28,263,9,145830,133125,10506,2199
24/04/2021,JAWA TIMUR,257,18,302,-63,146087,133427,10524,2136
25/04/2021,JAWA TIMUR,236,20,216,0,146323,133643,10544,2136
26/04/2021,JAWA TIMUR,247,23,263,-39,146570,133906,10567,2097
27/04/2021,JAWA TIMUR,237,26,245,-34,146807,134151,10593,2063
28/04/2021,JAWA TIMUR,297,23,260,14,147104,134411,10616,2077
29/04/2021,JAWA TIMUR,325,25,253,47,147429,134664,10641,2124
30/04/2021,JAWA TIMUR,316,22,265,29,147745,134929,10663,2153
01/05/2021,JAWA TIMUR,231,21,202,8,147976,135131,10684,2161
02/05/2021,JAWA TIMUR,206,28,208,-30,148182,135339,10712,2131
03/05/2021,JAWA TIMUR,215,20,252,-57,148397,135591,10732,2074
04/05/2021,JAWA TIMUR,290,31,236,23,148687,135827,10763,2097
05/05/2021,JAWA TIMUR,271,27,224,20,148958,136051,10790,2117
06/05/2021,JAWA TIMUR,255,28,249,-22,149213,136300,10818,2095
07/05/2021,JAWA TIMUR,232,22,279,-69,149445,136579,10840,2026
08/05/2021,JAWA TIMUR,225,19,207,-1,149670,136786,10859,2025
09/05/2021,JAWA TIMUR,230,19,196,15,149900,136982,10878,2040
10/05/2021,JAWA TIMUR,206,21,213,-28,150106,137195,10899,2012
11/05/2021,JAWA TIMUR,258,31,192,35,150364,137387,10930,2047
12/05/2021,JAWA TIMUR,248,22,224,2,150612,137611,10952,2049
13/05/2021,JAWA TIMUR,148,12,151,-15,150760,137762,10964,2034
14/05/2021,JAWA TIMUR,141,15,174,-48,150901,137936,10979,1986
15/05/2021,JAWA TIMUR,183,28,229,-74,151084,138165,11007,1912
16/05/2021,JAWA TIMUR,164,17,164,-17,151248,138329,11024,1895
17/05/2021,JAWA TIMUR,202,25,273,-96,151450,138602,11049,1799
18/05/2021,JAWA TIMUR,227,21,230,-24,151677,138832,11070,1775
19/05/2021,JAWA TIMUR,254,32,195,27,151931,139027,11102,1802
20/05/2021,JAWA TIMUR,259,21,243,-5,152190,139270,11123,1797
21/05/2021,JAWA TIMUR,244,16,169,59,152434,139439,11139,1856
22/05/2021,JAWA TIMUR,233,16,196,21,152667,139635,11155,1877
23/05/2021,JAWA TIMUR,228,16,205,7,152895,139840,11171,1884
24/05/2021,JAWA TIMUR,227,20,206,1,153122,140046,11191,1885
25/05/2021,JAWA TIMUR,217,22,183,12,153339,140229,11213,1897
26/05/2021,JAWA TIMUR,257,20,126,111,153596,140355,11233,2008
27/05/2021,JAWA TIMUR,218,24,182,12,153814,140537,11257,2020
28/05/2021,JAWA TIMUR,246,19,206,21,154060,140743,11276,2041
29/05/2021,JAWA TIMUR,255,19,202,34,154315,140945,11295,2075
30/05/2021,JAWA TIMUR,217,17,160,40,154532,141105,11312,2115
31/05/2021,JAWA TIMUR,249,31,226,-8,154781,141331,11343,2107
01/06/2021,JAWA TIMUR,225,22,170,33,155006,141501,11365,2140
02/06/2021,JAWA TIMUR,239,28,204,7,155245,141705,11393,2147
03/06/2021,JAWA TIMUR,260,25,206,29,155505,141911,11418,2176
04/06/2021,JAWA TIMUR,301,22,255,24,155806,142166,11440,2200
05/06/2021,JAWA TIMUR,244,26,180,38,156050,142346,11466,2238
06/06/2021,JAWA TIMUR,276,21,189,66,156326,142535,11487,2304
07/06/2021,JAWA TIMUR,301,27,197,77,156627,142732,11514,2381
08/06/2021,JAWA TIMUR,389,34,247,108,157016,142979,11548,2489
09/06/2021,JAWA TIMUR,401,33,216,152,157417,143195,11581,2641
10/06/2021,JAWA TIMUR,425,32,227,166,157842,143422,11613,2807
11/06/2021,JAWA TIMUR,441,35,256,150,158283,143678,11648,2957
12/06/2021,JAWA TIMUR,358,28,198,132,158641,143876,11676,3089
13/06/2021,JAWA TIMUR,418,29,205,184,159059,144081,11705,3273
11/03/2020,JAWA TENGAH,1,1,0,0,1,0,1,0
12/03/2020,JAWA TENGAH,0,0,0,0,1,0,1,0
13/03/2020,JAWA TENGAH,0,0,0,0,1,0,1,0
14/03/2020,JAWA TENGAH,0,0,0,0,1,0,1,0
15/03/2020,JAWA TENGAH,0,0,0,0,1,0,1,0
16/03/2020,JAWA TENGAH,0,0,0,0,1,0,1,0
17/03/2020,JAWA TENGAH,0,0,0,0,1,0,1,0
18/03/2020,JAWA TENGAH,2,1,0,1,3,0,2,1
19/03/2020,JAWA TENGAH,1,0,0,1,4,0,2,2
20/03/2020,JAWA TENGAH,2,0,0,2,6,0,2,4
21/03/2020,JAWA TENGAH,1,1,0,0,7,0,3,4
22/03/2020,JAWA TENGAH,0,0,0,0,7,0,3,4
23/03/2020,JAWA TENGAH,3,0,0,3,10,0,3,7
24/03/2020,JAWA TENGAH,2,1,0,1,12,0,4,8
25/03/2020,JAWA TENGAH,18,1,0,17,30,0,5,25
26/03/2020,JAWA TENGAH,3,0,1,2,33,1,5,27
27/03/2020,JAWA TENGAH,4,0,0,4,37,1,5,31
28/03/2020,JAWA TENGAH,13,1,2,10,50,3,6,41
29/03/2020,JAWA TENGAH,7,2,0,5,57,3,8,46
30/03/2020,JAWA TENGAH,14,1,0,13,71,3,9,59
31/03/2020,JAWA TENGAH,12,2,0,10,83,3,11,69
01/04/2020,JAWA TENGAH,9,7,15,-13,92,18,18,56
02/04/2020,JAWA TENGAH,1,2,1,-2,93,19,20,54
03/04/2020,JAWA TENGAH,14,1,4,9,107,23,21,63
04/04/2020,JAWA TENGAH,9,1,3,5,116,26,22,68
05/04/2020,JAWA TENGAH,0,0,0,0,116,26,22,68
06/04/2020,JAWA TENGAH,12,4,1,7,128,27,26,75
07/04/2020,JAWA TENGAH,1,0,0,1,129,27,26,76
08/04/2020,JAWA TENGAH,8,2,2,4,137,29,28,80
09/04/2020,JAWA TENGAH,4,1,3,0,141,32,29,80
10/04/2020,JAWA TENGAH,0,0,0,0,141,32,29,80
11/04/2020,JAWA TENGAH,0,1,0,-1,141,32,30,79
12/04/2020,JAWA TENGAH,56,0,1,55,197,33,30,134
13/04/2020,JAWA TENGAH,3,1,0,2,200,33,31,136
14/04/2020,JAWA TENGAH,75,1,1,73,275,34,32,209
15/04/2020,JAWA TENGAH,13,2,1,10,288,35,34,219
16/04/2020,JAWA TENGAH,8,2,2,4,296,37,36,223
17/04/2020,JAWA TENGAH,5,4,14,-13,301,51,40,210
18/04/2020,JAWA TENGAH,24,0,5,19,325,56,40,229
19/04/2020,JAWA TENGAH,21,2,0,19,346,56,42,248
20/04/2020,JAWA TENGAH,3,1,2,0,349,58,43,248
21/04/2020,JAWA TENGAH,99,1,1,97,448,59,44,345
22/04/2020,JAWA TENGAH,30,1,7,22,478,66,45,367
23/04/2020,JAWA TENGAH,59,1,4,54,537,70,46,421
24/04/2020,JAWA TENGAH,37,3,1,33,574,71,49,454
25/04/2020,JAWA TENGAH,46,1,8,37,620,79,50,491
26/04/2020,JAWA TENGAH,28,0,0,28,648,79,50,519
27/04/2020,JAWA TENGAH,17,1,10,6,665,89,51,525
28/04/2020,JAWA TENGAH,16,0,13,3,681,102,51,528
29/04/2020,JAWA TENGAH,29,2,4,23,710,106,53,551
30/04/2020,JAWA TENGAH,15,1,5,9,725,111,54,560
01/05/2020,JAWA TENGAH,22,1,6,15,747,117,55,575
02/05/2020,JAWA TENGAH,19,0,8,11,766,125,55,586
03/05/2020,JAWA TENGAH,9,1,8,0,775,133,56,586
04/05/2020,JAWA TENGAH,22,0,6,16,797,139,56,602
05/05/2020,JAWA TENGAH,49,0,15,34,846,154,56,636
06/05/2020,JAWA TENGAH,44,1,25,18,890,179,57,654
07/05/2020,JAWA TENGAH,13,1,13,-1,903,192,58,653
08/05/2020,JAWA TENGAH,28,0,30,-2,931,222,58,651
09/05/2020,JAWA TENGAH,26,2,11,13,957,233,60,664
10/05/2020,JAWA TENGAH,19,1,0,18,976,233,61,682
11/05/2020,JAWA TENGAH,2,0,3,-1,978,236,61,681
12/05/2020,JAWA TENGAH,9,1,0,8,987,236,62,689
13/05/2020,JAWA TENGAH,32,0,1,31,1019,237,62,720
14/05/2020,JAWA TENGAH,46,0,1,45,1065,238,62,765
15/05/2020,JAWA TENGAH,43,0,5,38,1108,243,62,803
16/05/2020,JAWA TENGAH,31,0,0,31,1139,243,62,834
17/05/2020,JAWA TENGAH,17,0,0,17,1156,243,62,851
18/05/2020,JAWA TENGAH,8,0,5,3,1164,248,62,854
19/05/2020,JAWA TENGAH,10,0,0,10,1174,248,62,864
20/05/2020,JAWA TENGAH,17,0,1,16,1191,249,62,880
21/05/2020,JAWA TENGAH,25,0,3,22,1216,252,62,902
22/05/2020,JAWA TENGAH,17,0,0,17,1233,252,62,919
23/05/2020,JAWA TENGAH,54,0,0,54,1287,252,62,973
24/05/2020,JAWA TENGAH,21,0,4,17,1308,256,62,990
25/05/2020,JAWA TENGAH,2,0,1,1,1310,257,62,991
26/05/2020,JAWA TENGAH,4,0,16,-12,1314,273,62,979
27/05/2020,JAWA TENGAH,11,0,0,11,1325,273,62,990
28/05/2020,JAWA TENGAH,10,0,0,10,1335,273,62,1000
29/05/2020,JAWA TENGAH,15,0,57,-42,1350,330,62,958
30/05/2020,JAWA TENGAH,16,0,20,-4,1366,350,62,954
31/05/2020,JAWA TENGAH,37,0,6,31,1403,356,62,985
01/06/2020,JAWA TENGAH,14,1,9,4,1417,365,63,989
02/06/2020,JAWA TENGAH,15,0,2,13,1432,367,63,1002
03/06/2020,JAWA TENGAH,22,1,1,20,1454,368,64,1022
04/06/2020,JAWA TENGAH,24,0,4,20,1478,372,64,1042
05/06/2020,JAWA TENGAH,58,6,36,16,1536,408,70,1058
06/06/2020,JAWA TENGAH,27,0,5,22,1563,413,70,1080
07/06/2020,JAWA TENGAH,51,22,10,19,1614,423,92,1099
08/06/2020,JAWA TENGAH,27,0,33,-6,1641,456,92,1093
09/06/2020,JAWA TENGAH,32,5,81,-54,1673,537,97,1039
10/06/2020,JAWA TENGAH,139,0,116,23,1812,653,97,1062
11/06/2020,JAWA TENGAH,19,0,5,14,1831,658,97,1076
12/06/2020,JAWA TENGAH,44,0,45,-1,1875,703,97,1075
13/06/2020,JAWA TENGAH,71,0,26,45,1946,729,97,1120
14/06/2020,JAWA TENGAH,113,1,25,87,2059,754,98,1207
15/06/2020,JAWA TENGAH,116,18,38,60,2175,792,116,1267
16/06/2020,JAWA TENGAH,56,0,20,36,2231,812,116,1303
17/06/2020,JAWA TENGAH,115,0,63,52,2346,875,116,1355
18/06/2020,JAWA TENGAH,45,10,21,14,2391,896,126,1369
19/06/2020,JAWA TENGAH,80,13,20,47,2471,916,139,1416
20/06/2020,JAWA TENGAH,98,0,23,75,2569,939,139,1491
21/06/2020,JAWA TENGAH,99,0,26,73,2668,965,139,1564
22/06/2020,JAWA TENGAH,49,1,26,22,2717,991,140,1586
23/06/2020,JAWA TENGAH,49,4,44,1,2766,1035,144,1587
24/06/2020,JAWA TENGAH,76,2,12,62,2842,1047,146,1649
25/06/2020,JAWA TENGAH,78,0,0,78,2920,1047,146,1727
26/06/2020,JAWA TENGAH,178,0,0,178,3098,1047,146,1905
27/06/2020,JAWA TENGAH,198,0,18,180,3296,1065,146,2085
28/06/2020,JAWA TENGAH,188,0,11,177,3484,1076,146,2262
29/06/2020,JAWA TENGAH,198,0,56,142,3682,1132,146,2404
30/06/2020,JAWA TENGAH,152,21,146,-15,3834,1278,167,2389
01/07/2020,JAWA TENGAH,173,1,92,80,4007,1370,168,2469
02/07/2020,JAWA TENGAH,153,0,4,149,4160,1374,168,2618
03/07/2020,JAWA TENGAH,134,12,86,36,4294,1460,180,2654
04/07/2020,JAWA TENGAH,110,19,105,-14,4404,1565,199,2640
05/07/2020,JAWA TENGAH,209,15,20,174,4613,1585,214,2814
06/07/2020,JAWA TENGAH,127,17,58,52,4740,1643,231,2866
07/07/2020,JAWA TENGAH,139,2,69,68,4879,1712,233,2934
08/07/2020,JAWA TENGAH,205,14,89,102,5084,1801,247,3036
09/07/2020,JAWA TENGAH,120,1,13,106,5204,1814,248,3142
10/07/2020,JAWA TENGAH,101,20,173,-92,5305,1987,268,3050
11/07/2020,JAWA TENGAH,100,3,2,95,5405,1989,271,3145
12/07/2020,JAWA TENGAH,71,9,9,53,5476,1998,280,3198
13/07/2020,JAWA TENGAH,100,5,15,80,5576,2013,285,3278
14/07/2020,JAWA TENGAH,80,3,6,71,5656,2019,288,3349
15/07/2020,JAWA TENGAH,262,6,79,177,5918,2098,294,3526
16/07/2020,JAWA TENGAH,213,5,215,-7,6131,2313,299,3519
17/07/2020,JAWA TENGAH,238,0,182,56,6369,2495,299,3575
18/07/2020,JAWA TENGAH,260,0,260,0,6629,2755,299,3575
19/07/2020,JAWA TENGAH,299,27,401,-129,6928,3156,326,3446
20/07/2020,JAWA TENGAH,350,36,287,27,7278,3443,362,3473
21/07/2020,JAWA TENGAH,119,15,138,-34,7397,3581,377,3439
22/07/2020,JAWA TENGAH,317,67,131,119,7714,3712,444,3558
23/07/2020,JAWA TENGAH,294,58,103,133,8008,3815,502,3691
24/07/2020,JAWA TENGAH,124,40,98,-14,8132,3913,542,3677
25/07/2020,JAWA TENGAH,191,8,110,73,8323,4023,550,3750
26/07/2020,JAWA TENGAH,94,14,141,-61,8417,4164,564,3689
27/07/2020,JAWA TENGAH,210,1,154,55,8627,4318,565,3744
28/07/2020,JAWA TENGAH,185,12,306,-133,8812,4624,577,3611
29/07/2020,JAWA TENGAH,313,18,278,17,9125,4902,595,3628
30/07/2020,JAWA TENGAH,163,18,337,-192,9288,5239,613,3436
31/07/2020,JAWA TENGAH,235,8,74,153,9523,5313,621,3589
01/08/2020,JAWA TENGAH,142,16,297,-171,9665,5610,637,3418
02/08/2020,JAWA TENGAH,73,24,134,-85,9738,5744,661,3333
03/08/2020,JAWA TENGAH,96,2,120,-26,9834,5864,663,3307
04/08/2020,JAWA TENGAH,60,1,93,-34,9894,5957,664,3273
05/08/2020,JAWA TENGAH,148,15,154,-21,10042,6111,679,3252
06/08/2020,JAWA TENGAH,116,20,176,-80,10158,6287,699,3172
07/08/2020,JAWA TENGAH,232,8,191,33,10390,6478,707,3205
08/08/2020,JAWA TENGAH,88,12,67,9,10478,6545,719,3214
09/08/2020,JAWA TENGAH,140,3,62,75,10618,6607,722,3289
10/08/2020,JAWA TENGAH,67,5,158,-96,10685,6765,727,3193
11/08/2020,JAWA TENGAH,86,3,90,-7,10771,6855,730,3186
12/08/2020,JAWA TENGAH,179,20,131,28,10950,6986,750,3214
13/08/2020,JAWA TENGAH,204,14,106,84,11154,7092,764,3298
14/08/2020,JAWA TENGAH,192,10,52,130,11346,7144,774,3428
15/08/2020,JAWA TENGAH,131,5,58,68,11477,7202,779,3496
16/08/2020,JAWA TENGAH,168,7,61,100,11645,7263,786,3596
17/08/2020,JAWA TENGAH,36,5,42,-11,11681,7305,791,3585
18/08/2020,JAWA TENGAH,118,12,96,10,11799,7401,803,3595
19/08/2020,JAWA TENGAH,131,8,129,-6,11930,7530,811,3589
20/08/2020,JAWA TENGAH,169,4,132,33,12099,7662,815,3622
21/08/2020,JAWA TENGAH,94,5,99,-10,12193,7761,820,3612
22/08/2020,JAWA TENGAH,104,16,150,-62,12297,7911,836,3550
23/08/2020,JAWA TENGAH,188,12,64,112,12485,7975,848,3662
24/08/2020,JAWA TENGAH,152,3,100,49,12637,8075,851,3711
25/08/2020,JAWA TENGAH,198,25,118,55,12835,8193,876,3766
26/08/2020,JAWA TENGAH,148,30,164,-46,12983,8357,906,3720
27/08/2020,JAWA TENGAH,251,33,217,1,13234,8574,939,3721
28/08/2020,JAWA TENGAH,241,28,119,94,13475,8693,967,3815
29/08/2020,JAWA TENGAH,178,10,90,78,13653,8783,977,3893
30/08/2020,JAWA TENGAH,138,15,93,30,13791,8876,992,3923
31/08/2020,JAWA TENGAH,179,9,99,71,13970,8975,1001,3994
01/09/2020,JAWA TENGAH,201,14,130,57,14171,9105,1015,4051
02/09/2020,JAWA TENGAH,264,31,202,31,14435,9307,1046,4082
03/09/2020,JAWA TENGAH,242,18,135,89,14677,9442,1064,4171
04/09/2020,JAWA TENGAH,190,5,121,64,14867,9563,1069,4235
05/09/2020,JAWA TENGAH,259,10,282,-33,15126,9845,1079,4202
06/09/2020,JAWA TENGAH,233,8,184,41,15359,10029,1087,4243
07/09/2020,JAWA TENGAH,264,6,161,97,15623,10190,1093,4340
08/09/2020,JAWA TENGAH,236,6,145,85,15859,10335,1099,4425
09/09/2020,JAWA TENGAH,281,11,165,105,16140,10500,1110,4530
10/09/2020,JAWA TENGAH,374,19,133,222,16514,10633,1129,4752
11/09/2020,JAWA TENGAH,566,5,193,368,17080,10826,1134,5120
12/09/2020,JAWA TENGAH,385,10,151,224,17465,10977,1144,5344
13/09/2020,JAWA TENGAH,281,6,107,168,17746,11084,1150,5512
14/09/2020,JAWA TENGAH,171,8,240,-77,17917,11324,1158,5435
15/09/2020,JAWA TENGAH,198,12,187,-1,18115,11511,1170,5434
16/09/2020,JAWA TENGAH,339,14,121,204,18454,11632,1184,5638
17/09/2020,JAWA TENGAH,292,17,228,47,18746,11860,1201,5685
18/09/2020,JAWA TENGAH,199,9,413,-223,18945,12273,1210,5462
19/09/2020,JAWA TENGAH,272,40,399,-167,19217,12672,1250,5295
20/09/2020,JAWA TENGAH,304,9,297,-2,19521,12969,1259,5293
21/09/2020,JAWA TENGAH,239,20,315,-96,19760,13284,1279,5197
22/09/2020,JAWA TENGAH,229,42,402,-215,19989,13686,1321,4982
23/09/2020,JAWA TENGAH,256,20,370,-134,20245,14056,1341,4848
24/09/2020,JAWA TENGAH,435,25,685,-275,20680,14741,1366,4573
25/09/2020,JAWA TENGAH,330,15,267,48,21010,15008,1381,4621
26/09/2020,JAWA TENGAH,364,14,210,140,21374,15218,1395,4761
27/09/2020,JAWA TENGAH,256,5,117,134,21630,15335,1400,4895
28/09/2020,JAWA TENGAH,305,9,200,96,21935,15535,1409,4991
29/09/2020,JAWA TENGAH,275,12,253,10,22210,15788,1421,5001
30/09/2020,JAWA TENGAH,230,4,199,27,22440,15987,1425,5028
01/10/2020,JAWA TENGAH,302,5,188,109,22742,16175,1430,5137
02/10/2020,JAWA TENGAH,343,18,201,124,23085,16376,1448,5261
03/10/2020,JAWA TENGAH,370,5,201,164,23455,16577,1453,5425
04/10/2020,JAWA TENGAH,312,3,183,126,23767,16760,1456,5551
05/10/2020,JAWA TENGAH,366,7,192,167,24133,16952,1463,5718
06/10/2020,JAWA TENGAH,403,6,331,66,24536,17283,1469,5784
07/10/2020,JAWA TENGAH,384,4,270,110,24920,17553,1473,5894
08/10/2020,JAWA TENGAH,348,9,260,79,25268,17813,1482,5973
09/10/2020,JAWA TENGAH,411,10,199,202,25679,18012,1492,6175
10/10/2020,JAWA TENGAH,410,16,267,127,26089,18279,1508,6302
11/10/2020,JAWA TENGAH,314,8,205,101,26403,18484,1516,6403
12/10/2020,JAWA TENGAH,241,8,271,-38,26644,18755,1524,6365
13/10/2020,JAWA TENGAH,465,10,288,167,27109,19043,1534,6532
14/10/2020,JAWA TENGAH,287,10,895,-618,27396,19938,1544,5914
15/10/2020,JAWA TENGAH,470,27,2180,-1737,27866,22118,1571,4177
16/10/2020,JAWA TENGAH,445,9,393,43,28311,22511,1580,4220
17/10/2020,JAWA TENGAH,414,11,359,44,28725,22870,1591,4264
18/10/2020,JAWA TENGAH,355,3,383,-31,29080,23253,1594,4233
19/10/2020,JAWA TENGAH,316,7,334,-25,29396,23587,1601,4208
20/10/2020,JAWA TENGAH,450,20,594,-164,29846,24181,1621,4044
21/10/2020,JAWA TENGAH,374,13,382,-21,30220,24563,1634,4023
22/10/2020,JAWA TENGAH,512,11,366,135,30732,24929,1645,4158
23/10/2020,JAWA TENGAH,570,14,465,91,31302,25394,1659,4249
24/10/2020,JAWA TENGAH,285,20,424,-159,31587,25818,1679,4090
25/10/2020,JAWA TENGAH,355,8,367,-20,31942,26185,1687,4070
26/10/2020,JAWA TENGAH,159,17,297,-155,32101,26482,1704,3915
27/10/2020,JAWA TENGAH,314,12,317,-15,32415,26799,1716,3900
28/10/2020,JAWA TENGAH,318,10,329,-21,32733,27128,1726,3879
29/10/2020,JAWA TENGAH,368,9,234,125,33101,27362,1735,4004
30/10/2020,JAWA TENGAH,196,14,289,-107,33297,27651,1749,3897
31/10/2020,JAWA TENGAH,616,11,279,326,33913,27930,1760,4223
01/11/2020,JAWA TENGAH,460,10,329,121,34373,28259,1770,4344
02/11/2020,JAWA TENGAH,249,13,358,-122,34622,28617,1783,4222
03/11/2020,JAWA TENGAH,452,25,430,-3,35074,29047,1808,4219
04/11/2020,JAWA TENGAH,547,16,357,174,35621,29404,1824,4393
05/11/2020,JAWA TENGAH,360,14,329,17,35981,29733,1838,4410
06/11/2020,JAWA TENGAH,612,12,282,318,36593,30015,1850,4728
07/11/2020,JAWA TENGAH,488,27,290,171,37081,30305,1877,4899
08/11/2020,JAWA TENGAH,639,8,279,352,37720,30584,1885,5251
09/11/2020,JAWA TENGAH,619,13,291,315,38339,30875,1898,5566
10/11/2020,JAWA TENGAH,680,15,324,341,39019,31199,1913,5907
11/11/2020,JAWA TENGAH,161,15,304,-158,39180,31503,1928,5749
12/11/2020,JAWA TENGAH,608,13,341,254,39788,31844,1941,6003
13/11/2020,JAWA TENGAH,1362,31,311,1020,41150,32155,1972,7023
14/11/2020,JAWA TENGAH,1222,23,242,957,42372,32397,1995,7980
15/11/2020,JAWA TENGAH,1071,18,268,785,43443,32665,2013,8765
16/11/2020,JAWA TENGAH,706,11,345,350,44149,33010,2024,9115
17/11/2020,JAWA TENGAH,652,42,538,72,44801,33548,2066,9187
18/11/2020,JAWA TENGAH,495,18,388,89,45296,33936,2084,9276
19/11/2020,JAWA TENGAH,442,8,332,102,45738,34268,2092,9378
20/11/2020,JAWA TENGAH,509,7,401,101,46247,34669,2099,9479
21/11/2020,JAWA TENGAH,655,16,229,410,46902,34898,2115,9889
22/11/2020,JAWA TENGAH,477,20,576,-119,47379,35474,2135,9770
23/11/2020,JAWA TENGAH,1005,11,304,690,48384,35778,2146,10460
24/11/2020,JAWA TENGAH,928,13,285,630,49312,36063,2159,11090
25/11/2020,JAWA TENGAH,1008,9,352,647,50320,36415,2168,11737
26/11/2020,JAWA TENGAH,559,35,272,252,50879,36687,2203,11989
27/11/2020,JAWA TENGAH,963,51,373,539,51842,37060,2254,12528
28/11/2020,JAWA TENGAH,1118,20,461,637,52960,37521,2274,13165
29/11/2020,JAWA TENGAH,2036,75,771,1190,54996,38292,2349,14355
30/11/2020,JAWA TENGAH,898,13,1314,-429,55894,39606,2362,13926
01/12/2020,JAWA TENGAH,730,7,474,249,56624,40080,2369,14175
02/12/2020,JAWA TENGAH,945,23,293,629,57569,40373,2392,14804
03/12/2020,JAWA TENGAH,767,16,322,429,58336,40695,2408,15233
04/12/2020,JAWA TENGAH,891,9,332,550,59227,41027,2417,15783
05/12/2020,JAWA TENGAH,758,6,336,416,59985,41363,2423,16199
06/12/2020,JAWA TENGAH,528,38,174,316,60513,41537,2461,16515
07/12/2020,JAWA TENGAH,595,8,296,291,61108,41833,2469,16806
08/12/2020,JAWA TENGAH,769,9,407,353,61877,42240,2478,17159
09/12/2020,JAWA TENGAH,735,37,204,494,62612,42444,2515,17653
10/12/2020,JAWA TENGAH,998,31,625,342,63610,43069,2546,17995
11/12/2020,JAWA TENGAH,998,18,294,686,64608,43363,2564,18681
12/12/2020,JAWA TENGAH,992,26,463,503,65600,43826,2590,19184
13/12/2020,JAWA TENGAH,917,47,208,662,66517,44034,2637,19846
14/12/2020,JAWA TENGAH,979,16,944,19,67496,44978,2653,19865
15/12/2020,JAWA TENGAH,764,23,870,-129,68260,45848,2676,19736
16/12/2020,JAWA TENGAH,421,25,853,-457,68681,46701,2701,19279
17/12/2020,JAWA TENGAH,620,31,286,303,69301,46987,2732,19582
18/12/2020,JAWA TENGAH,354,18,374,-38,69655,47361,2750,19544
19/12/2020,JAWA TENGAH,998,25,230,743,70653,47591,2775,20287
20/12/2020,JAWA TENGAH,878,72,170,636,71531,47761,2847,20923
21/12/2020,JAWA TENGAH,997,86,450,461,72528,48211,2933,21384
22/12/2020,JAWA TENGAH,895,46,569,280,73423,48780,2979,21664
23/12/2020,JAWA TENGAH,912,1,510,401,74335,49290,2980,22065
24/12/2020,JAWA TENGAH,891,53,430,408,75226,49720,3033,22473
25/12/2020,JAWA TENGAH,911,92,973,-154,76137,50693,3125,22319
26/12/2020,JAWA TENGAH,871,21,473,377,77008,51166,3146,22696
27/12/2020,JAWA TENGAH,785,80,596,109,77793,51762,3226,22805
28/12/2020,JAWA TENGAH,977,85,666,226,78770,52428,3311,23031
29/12/2020,JAWA TENGAH,1056,9,1074,-27,79826,53502,3320,23004
30/12/2020,JAWA TENGAH,951,31,541,379,80777,54043,3351,23383
31/12/2020,JAWA TENGAH,939,18,849,72,81716,54892,3369,23455
01/01/2021,JAWA TENGAH,897,4,578,315,82613,55470,3373,23770
02/01/2021,JAWA TENGAH,971,92,920,-41,83584,56390,3465,23729
03/01/2021,JAWA TENGAH,928,64,472,392,84512,56862,3529,24121
04/01/2021,JAWA TENGAH,1037,12,732,293,85549,57594,3541,24414
05/01/2021,JAWA TENGAH,996,22,1390,-416,86545,58984,3563,23998
06/01/2021,JAWA TENGAH,1023,48,1044,-69,87568,60028,3611,23929
07/01/2021,JAWA TENGAH,998,47,705,246,88566,60733,3658,24175
08/01/2021,JAWA TENGAH,1072,58,859,155,89638,61592,3716,24330
09/01/2021,JAWA TENGAH,1033,23,277,733,90671,61869,3739,25063
10/01/2021,JAWA TENGAH,1045,17,142,886,91716,62011,3756,25949
11/01/2021,JAWA TENGAH,1049,33,790,226,92765,62801,3789,26175
12/01/2021,JAWA TENGAH,1323,103,1306,-86,94088,64107,3892,26089
13/01/2021,JAWA TENGAH,1475,95,741,639,95563,64848,3987,26728
14/01/2021,JAWA TENGAH,1497,88,1140,269,97060,65988,4075,26997
15/01/2021,JAWA TENGAH,1993,33,860,1100,99053,66848,4108,28097
16/01/2021,JAWA TENGAH,1997,44,817,1136,101050,67665,4152,29233
17/01/2021,JAWA TENGAH,1855,42,204,1609,102905,67869,4194,30842
18/01/2021,JAWA TENGAH,1559,87,1175,297,104464,69044,4281,31139
19/01/2021,JAWA TENGAH,1613,106,714,793,106077,69758,4387,31932
20/01/2021,JAWA TENGAH,1775,30,530,1215,107852,70288,4417,33147
21/01/2021,JAWA TENGAH,1976,102,1118,756,109828,71406,4519,33903
22/01/2021,JAWA TENGAH,1796,35,629,1132,111624,72035,4554,35035
23/01/2021,JAWA TENGAH,1875,8,573,1294,113499,72608,4562,36329
24/01/2021,JAWA TENGAH,1515,5,291,1219,115014,72899,4567,37548
25/01/2021,JAWA TENGAH,1513,127,2165,-779,116527,75064,4694,36769
26/01/2021,JAWA TENGAH,1678,120,1693,-135,118205,76757,4814,36634
27/01/2021,JAWA TENGAH,1797,112,1675,10,120002,78432,4926,36644
28/01/2021,JAWA TENGAH,1506,87,904,515,121508,79336,5013,37159
29/01/2021,JAWA TENGAH,1496,26,373,1097,123004,79709,5039,38256
30/01/2021,JAWA TENGAH,1238,24,309,905,124242,80018,5063,39161
31/01/2021,JAWA TENGAH,1115,27,182,906,125357,80200,5090,40067
01/02/2021,JAWA TENGAH,973,137,1992,-1156,126330,82192,5227,38911
02/02/2021,JAWA TENGAH,1116,63,1385,-332,127446,83577,5290,38579
03/02/2021,JAWA TENGAH,1783,23,1017,743,129229,84594,5313,39322
04/02/2021,JAWA TENGAH,1775,89,786,900,131004,85380,5402,40222
05/02/2021,JAWA TENGAH,1884,20,515,1349,132888,85895,5422,41571
06/02/2021,JAWA TENGAH,1601,16,117,1468,134489,86012,5438,43039
07/02/2021,JAWA TENGAH,1063,15,84,964,135552,86096,5453,44003
08/02/2021,JAWA TENGAH,826,9,1047,-230,136378,87143,5462,43773
09/02/2021,JAWA TENGAH,948,50,663,235,137326,87806,5512,44008
10/02/2021,JAWA TENGAH,1220,9,1315,-104,138546,89121,5521,43904
11/02/2021,JAWA TENGAH,986,24,747,215,139532,89868,5545,44119
12/02/2021,JAWA TENGAH,664,24,152,488,140196,90020,5569,44607
13/02/2021,JAWA TENGAH,763,116,537,110,140959,90557,5685,44717
14/02/2021,JAWA TENGAH,478,71,48,359,141437,90605,5756,45076
15/02/2021,JAWA TENGAH,881,39,226,616,142318,90831,5795,45692
16/02/2021,JAWA TENGAH,1101,38,12,1051,143419,90843,5833,46743
17/02/2021,JAWA TENGAH,869,6,59,804,144288,90902,5839,47547
18/02/2021,JAWA TENGAH,677,9,489,179,144965,91391,5848,47726
19/02/2021,JAWA TENGAH,1206,36,698,472,146171,92089,5884,48198
20/02/2021,JAWA TENGAH,805,22,491,292,146976,92580,5906,48490
21/02/2021,JAWA TENGAH,487,12,225,250,147463,92805,5918,48740
22/02/2021,JAWA TENGAH,1047,41,1145,-139,148510,93950,5959,48601
23/02/2021,JAWA TENGAH,827,144,648,35,149337,94598,6103,48636
24/02/2021,JAWA TENGAH,1262,79,571,612,150599,95169,6182,49248
25/02/2021,JAWA TENGAH,820,69,1235,-484,151419,96404,6251,48764
26/02/2021,JAWA TENGAH,653,133,1110,-590,152072,97514,6384,48174
27/02/2021,JAWA TENGAH,631,70,2494,-1933,152703,100008,6454,46241
28/02/2021,JAWA TENGAH,327,16,2705,-2394,153030,102713,6470,43847
01/03/2021,JAWA TENGAH,656,24,886,-254,153686,103599,6494,43593
02/03/2021,JAWA TENGAH,984,36,817,131,154670,104416,6530,43724
03/03/2021,JAWA TENGAH,548,28,1320,-800,155218,105736,6558,42924
04/03/2021,JAWA TENGAH,591,19,696,-124,155809,106432,6577,42800
05/03/2021,JAWA TENGAH,948,17,286,645,156757,106718,6594,43445
06/03/2021,JAWA TENGAH,586,8,47,531,157343,106765,6602,43976
07/03/2021,JAWA TENGAH,395,2,574,-181,157738,107339,6604,43795
08/03/2021,JAWA TENGAH,871,85,2355,-1569,158609,109694,6689,42226
09/03/2021,JAWA TENGAH,899,53,1863,-1017,159508,111557,6742,41209
10/03/2021,JAWA TENGAH,304,33,640,-369,159812,112197,6775,40840
11/03/2021,JAWA TENGAH,251,12,327,-88,160063,112524,6787,40752
12/03/2021,JAWA TENGAH,497,32,754,-289,160560,113278,6819,40463
13/03/2021,JAWA TENGAH,192,11,256,-75,160752,113534,6830,40388
14/03/2021,JAWA TENGAH,144,3,106,35,160896,113640,6833,40423
15/03/2021,JAWA TENGAH,700,21,568,111,161596,114208,6854,40534
16/03/2021,JAWA TENGAH,560,41,1399,-880,162156,115607,6895,39654
17/03/2021,JAWA TENGAH,645,43,741,-139,162801,116348,6938,39515
18/03/2021,JAWA TENGAH,658,68,957,-367,163459,117305,7006,39148
19/03/2021,JAWA TENGAH,611,53,875,-317,164070,118180,7059,38831
20/03/2021,JAWA TENGAH,220,9,306,-95,164290,118486,7068,38736
21/03/2021,JAWA TENGAH,102,4,103,-5,164392,118589,7072,38731
22/03/2021,JAWA TENGAH,741,22,1726,-1007,165133,120315,7094,37724
23/03/2021,JAWA TENGAH,732,23,1108,-399,165865,121423,7117,37325
24/03/2021,JAWA TENGAH,403,27,1163,-787,166268,122586,7144,36538
25/03/2021,JAWA TENGAH,505,18,577,-90,166773,123163,7162,36448
26/03/2021,JAWA TENGAH,265,8,560,-303,167038,123723,7170,36145
27/03/2021,JAWA TENGAH,141,10,101,30,167179,123824,7180,36175
28/03/2021,JAWA TENGAH,100,1,0,99,167279,123824,7181,36274
29/03/2021,JAWA TENGAH,388,37,887,-536,167667,124711,7218,35738
30/03/2021,JAWA TENGAH,649,19,1114,-484,168316,125825,7237,35254
31/03/2021,JAWA TENGAH,497,11,663,-177,168813,126488,7248,35077
01/04/2021,JAWA TENGAH,670,14,827,-171,169483,127315,7262,34906
02/04/2021,JAWA TENGAH,239,10,138,91,169722,127453,7272,34997
03/04/2021,JAWA TENGAH,274,3,85,186,169996,127538,7275,35183
04/04/2021,JAWA TENGAH,195,46,13,136,170191,127551,7321,35319
05/04/2021,JAWA TENGAH,496,51,2130,-1685,170687,129681,7372,33634
06/04/2021,JAWA TENGAH,652,3,830,-181,171339,130511,7375,33453
07/04/2021,JAWA TENGAH,535,7,2283,-1755,171874,132794,7382,31698
08/04/2021,JAWA TENGAH,797,39,2709,-1951,172671,135503,7421,29747
09/04/2021,JAWA TENGAH,569,26,2768,-2225,173240,138271,7447,27522
10/04/2021,JAWA TENGAH,280,0,292,-12,173520,138563,7447,27510
11/04/2021,JAWA TENGAH,205,23,359,-177,173725,138922,7470,27333
12/04/2021,JAWA TENGAH,737,15,1257,-535,174462,140179,7485,26798
13/04/2021,JAWA TENGAH,859,15,2023,-1179,175321,142202,7500,25619
14/04/2021,JAWA TENGAH,716,21,1773,-1078,176037,143975,7521,24541
15/04/2021,JAWA TENGAH,841,36,2112,-1307,176878,146087,7557,23234
16/04/2021,JAWA TENGAH,668,28,1853,-1213,177546,147940,7585,22021
17/04/2021,JAWA TENGAH,518,2,1792,-1276,178064,149732,7587,20745
18/04/2021,JAWA TENGAH,395,8,1341,-954,178459,151073,7595,19791
19/04/2021,JAWA TENGAH,678,16,1859,-1197,179137,152932,7611,18594
20/04/2021,JAWA TENGAH,682,68,2318,-1704,179819,155250,7679,16890
21/04/2021,JAWA TENGAH,673,83,2064,-1474,180492,157314,7762,15416
22/04/2021,JAWA TENGAH,600,37,1663,-1100,181092,158977,7799,14316
23/04/2021,JAWA TENGAH,374,45,1556,-1227,181466,160533,7844,13089
24/04/2021,JAWA TENGAH,317,54,616,-353,181783,161149,7898,12736
25/04/2021,JAWA TENGAH,247,0,309,-62,182030,161458,7898,12674
26/04/2021,JAWA TENGAH,646,53,488,105,182676,161946,7951,12779
27/04/2021,JAWA TENGAH,354,41,639,-326,183030,162585,7992,12453
28/04/2021,JAWA TENGAH,224,57,643,-476,183254,163228,8049,11977
29/04/2021,JAWA TENGAH,592,74,1433,-915,183846,164661,8123,11062
30/04/2021,JAWA TENGAH,400,75,939,-614,184246,165600,8198,10448
01/05/2021,JAWA TENGAH,198,20,232,-54,184444,165832,8218,10394
02/05/2021,JAWA TENGAH,179,18,80,81,184623,165912,8236,10475
03/05/2021,JAWA TENGAH,531,31,602,-102,185154,166514,8267,10373
04/05/2021,JAWA TENGAH,375,27,662,-314,185529,167176,8294,10059
05/05/2021,JAWA TENGAH,530,60,588,-118,186059,167764,8354,9941
06/05/2021,JAWA TENGAH,353,13,403,-63,186412,168167,8367,9878
07/05/2021,JAWA TENGAH,524,12,765,-253,186936,168932,8379,9625
08/05/2021,JAWA TENGAH,140,54,408,-322,187076,169340,8433,9303
09/05/2021,JAWA TENGAH,138,40,445,-347,187214,169785,8473,8956
10/05/2021,JAWA TENGAH,854,76,741,37,188068,170526,8549,8993
11/05/2021,JAWA TENGAH,540,80,774,-314,188608,171300,8629,8679
12/05/2021,JAWA TENGAH,109,24,290,-205,188717,171590,8653,8474
13/05/2021,JAWA TENGAH,480,1,1146,-667,189197,172736,8654,7807
14/05/2021,JAWA TENGAH,162,24,446,-308,189359,173182,8678,7499
15/05/2021,JAWA TENGAH,248,35,430,-217,189607,173612,8713,7282
16/05/2021,JAWA TENGAH,346,16,395,-65,189953,174007,8729,7217
17/05/2021,JAWA TENGAH,673,44,900,-271,190626,174907,8773,6946
18/05/2021,JAWA TENGAH,561,16,636,-91,191187,175543,8789,6855
19/05/2021,JAWA TENGAH,404,54,182,168,191591,175725,8843,7023
20/05/2021,JAWA TENGAH,550,69,425,56,192141,176150,8912,7079
21/05/2021,JAWA TENGAH,653,43,159,451,192794,176309,8955,7530
22/05/2021,JAWA TENGAH,486,31,118,337,193280,176427,8986,7867
23/05/2021,JAWA TENGAH,360,22,256,82,193640,176683,9008,7949
24/05/2021,JAWA TENGAH,905,14,884,7,194545,177567,9022,7956
25/05/2021,JAWA TENGAH,696,29,332,335,195241,177899,9051,8291
26/05/2021,JAWA TENGAH,548,24,248,276,195789,178147,9075,8567
27/05/2021,JAWA TENGAH,694,5,238,451,196483,178385,9080,9018
28/05/2021,JAWA TENGAH,668,45,632,-9,197151,179017,9125,9009
29/05/2021,JAWA TENGAH,1050,20,654,376,198201,179671,9145,9385
30/05/2021,JAWA TENGAH,1005,9,273,723,199206,179944,9154,10108
31/05/2021,JAWA TENGAH,881,22,575,284,200087,180519,9176,10392
01/06/2021,JAWA TENGAH,851,23,121,707,200938,180640,9199,11099
02/06/2021,JAWA TENGAH,739,42,159,538,201677,180799,9241,11637
03/06/2021,JAWA TENGAH,687,28,452,207,202364,181251,9269,11844
04/06/2021,JAWA TENGAH,887,53,572,262,203251,181823,9322,12106
05/06/2021,JAWA TENGAH,1091,18,119,954,204342,181942,9340,13060
06/06/2021,JAWA TENGAH,890,40,399,451,205232,182341,9380,13511
07/06/2021,JAWA TENGAH,1451,28,1221,202,206683,183562,9408,13713
08/06/2021,JAWA TENGAH,1489,33,682,774,208172,184244,9441,14487
09/06/2021,JAWA TENGAH,1457,15,939,503,209629,185183,9456,14990
10/06/2021,JAWA TENGAH,1535,58,590,887,211164,185773,9514,15877
11/06/2021,JAWA TENGAH,1026,37,816,173,212190,186589,9551,16050
12/06/2021,JAWA TENGAH,915,36,187,692,213105,186776,9587,16742
13/06/2021,JAWA TENGAH,2579,9,171,2399,215684,186947,9596,19141
19/03/2020,SULAWESI SELATAN,2,0,0,2,2,0,0,2
20/03/2020,SULAWESI SELATAN,0,0,0,0,2,0,0,2
21/03/2020,SULAWESI SELATAN,0,0,0,0,2,0,0,2
22/03/2020,SULAWESI SELATAN,0,0,0,0,2,0,0,2
23/03/2020,SULAWESI SELATAN,0,1,0,-1,2,0,1,1
24/03/2020,SULAWESI SELATAN,2,0,0,2,4,0,1,3
25/03/2020,SULAWESI SELATAN,9,0,0,9,13,0,1,12
26/03/2020,SULAWESI SELATAN,14,0,0,14,27,0,1,26
27/03/2020,SULAWESI SELATAN,2,0,0,2,29,0,1,28
28/03/2020,SULAWESI SELATAN,3,0,0,3,32,0,1,31
29/03/2020,SULAWESI SELATAN,15,0,0,15,47,0,1,46
30/03/2020,SULAWESI SELATAN,4,2,0,2,51,0,3,48
31/03/2020,SULAWESI SELATAN,0,1,0,-1,51,0,4,47
01/04/2020,SULAWESI SELATAN,14,0,0,14,65,0,4,61
02/04/2020,SULAWESI SELATAN,0,2,4,-6,65,4,6,55
03/04/2020,SULAWESI SELATAN,15,0,0,15,80,4,6,70
04/04/2020,SULAWESI SELATAN,0,2,5,-7,80,9,8,63
05/04/2020,SULAWESI SELATAN,2,2,11,-11,82,20,10,52
06/04/2020,SULAWESI SELATAN,29,0,0,29,111,20,10,81
07/04/2020,SULAWESI SELATAN,10,0,2,8,121,22,10,89
08/04/2020,SULAWESI SELATAN,5,1,2,2,126,24,11,91
09/04/2020,SULAWESI SELATAN,6,0,0,6,132,24,11,97
10/04/2020,SULAWESI SELATAN,33,1,0,32,165,24,12,129
11/04/2020,SULAWESI SELATAN,11,6,0,5,176,24,18,134
12/04/2020,SULAWESI SELATAN,45,0,0,45,221,24,18,179
13/04/2020,SULAWESI SELATAN,0,1,6,-7,221,30,19,172
14/04/2020,SULAWESI SELATAN,8,3,4,1,229,34,22,173
15/04/2020,SULAWESI SELATAN,10,1,9,0,239,43,23,173
16/04/2020,SULAWESI SELATAN,27,2,0,25,266,43,25,198
17/04/2020,SULAWESI SELATAN,65,2,2,61,331,45,27,259
18/04/2020,SULAWESI SELATAN,10,2,5,3,341,50,29,262
19/04/2020,SULAWESI SELATAN,27,1,10,16,368,60,30,278
20/04/2020,SULAWESI SELATAN,0,1,9,-10,368,69,31,268
21/04/2020,SULAWESI SELATAN,6,2,0,4,374,69,33,272
22/04/2020,SULAWESI SELATAN,13,0,5,8,387,74,33,280
23/04/2020,SULAWESI SELATAN,10,0,5,5,397,79,33,285
24/04/2020,SULAWESI SELATAN,22,0,1,21,419,80,33,306
25/04/2020,SULAWESI SELATAN,13,1,1,11,432,81,34,317
26/04/2020,SULAWESI SELATAN,8,1,18,-11,440,99,35,306
27/04/2020,SULAWESI SELATAN,0,0,7,-7,440,106,35,299
28/04/2020,SULAWESI SELATAN,13,0,2,11,453,108,35,310
29/04/2020,SULAWESI SELATAN,12,0,10,2,465,118,35,312
30/04/2020,SULAWESI SELATAN,26,0,4,22,491,122,35,334
01/05/2020,SULAWESI SELATAN,56,0,13,43,547,135,35,377
02/05/2020,SULAWESI SELATAN,30,3,10,17,577,145,38,394
03/05/2020,SULAWESI SELATAN,24,0,6,18,601,151,38,412
04/05/2020,SULAWESI SELATAN,6,0,48,-42,607,199,38,370
05/05/2020,SULAWESI SELATAN,33,2,27,4,640,226,40,374
06/05/2020,SULAWESI SELATAN,25,3,7,15,665,233,43,389
07/05/2020,SULAWESI SELATAN,19,1,3,15,684,236,44,404
08/05/2020,SULAWESI SELATAN,24,2,13,9,708,249,46,413
09/05/2020,SULAWESI SELATAN,2,0,9,-7,710,258,46,406
10/05/2020,SULAWESI SELATAN,12,2,6,4,722,264,48,410
11/05/2020,SULAWESI SELATAN,0,1,11,-12,722,275,49,398
12/05/2020,SULAWESI SELATAN,26,0,7,19,748,282,49,417
13/05/2020,SULAWESI SELATAN,54,0,5,49,802,287,49,466
14/05/2020,SULAWESI SELATAN,36,0,5,31,838,292,49,497
15/05/2020,SULAWESI SELATAN,33,0,0,33,871,292,49,530
16/05/2020,SULAWESI SELATAN,46,1,19,26,917,311,50,556
17/05/2020,SULAWESI SELATAN,34,0,7,27,951,318,50,583
18/05/2020,SULAWESI SELATAN,66,2,18,46,1017,336,52,629
19/05/2020,SULAWESI SELATAN,47,0,22,25,1064,358,52,654
20/05/2020,SULAWESI SELATAN,36,1,9,26,1100,367,53,680
21/05/2020,SULAWESI SELATAN,33,3,31,-1,1133,398,56,679
22/05/2020,SULAWESI SELATAN,71,2,19,50,1204,417,58,729
23/05/2020,SULAWESI SELATAN,57,0,6,51,1261,423,58,780
24/05/2020,SULAWESI SELATAN,32,2,33,-3,1293,456,60,777
25/05/2020,SULAWESI SELATAN,22,3,6,13,1315,462,63,790
26/05/2020,SULAWESI SELATAN,34,2,37,-5,1349,499,65,785
27/05/2020,SULAWESI SELATAN,28,0,19,9,1377,518,65,794
28/05/2020,SULAWESI SELATAN,45,0,2,43,1422,520,65,837
29/05/2020,SULAWESI SELATAN,41,3,12,26,1463,532,68,863
30/05/2020,SULAWESI SELATAN,40,1,31,8,1503,563,69,871
31/05/2020,SULAWESI SELATAN,32,2,32,-2,1535,595,71,869
01/06/2020,SULAWESI SELATAN,45,1,30,14,1580,625,72,883
02/06/2020,SULAWESI SELATAN,42,0,0,42,1622,625,72,925
03/06/2020,SULAWESI SELATAN,37,0,11,26,1659,636,72,951
04/06/2020,SULAWESI SELATAN,54,4,3,47,1713,639,76,998
05/06/2020,SULAWESI SELATAN,53,14,34,5,1766,673,90,1003
06/06/2020,SULAWESI SELATAN,65,0,0,65,1831,673,90,1068
07/06/2020,SULAWESI SELATAN,64,0,0,64,1895,673,90,1132
08/06/2020,SULAWESI SELATAN,109,0,0,109,2004,673,90,1241
09/06/2020,SULAWESI SELATAN,175,3,30,142,2179,703,93,1383
10/06/2020,SULAWESI SELATAN,182,1,53,128,2361,756,94,1511
11/06/2020,SULAWESI SELATAN,130,0,0,130,2491,756,94,1641
12/06/2020,SULAWESI SELATAN,61,12,73,-24,2552,829,106,1617
13/06/2020,SULAWESI SELATAN,126,0,36,90,2678,865,106,1707
14/06/2020,SULAWESI SELATAN,137,3,36,98,2815,901,109,1805
15/06/2020,SULAWESI SELATAN,103,8,142,-47,2918,1043,117,1758
16/06/2020,SULAWESI SELATAN,167,0,43,124,3085,1086,117,1882
17/06/2020,SULAWESI SELATAN,89,0,16,73,3174,1102,117,1955
18/06/2020,SULAWESI SELATAN,165,0,23,142,3339,1125,117,2097
19/06/2020,SULAWESI SELATAN,207,0,44,163,3546,1169,117,2260
20/06/2020,SULAWESI SELATAN,111,15,75,21,3657,1244,132,2281
21/06/2020,SULAWESI SELATAN,110,0,38,72,3767,1282,132,2353
22/06/2020,SULAWESI SELATAN,111,7,37,67,3878,1319,139,2420
23/06/2020,SULAWESI SELATAN,132,1,42,89,4010,1361,140,2509
24/06/2020,SULAWESI SELATAN,136,6,40,90,4146,1401,146,2599
25/06/2020,SULAWESI SELATAN,119,1,55,63,4265,1456,147,2662
26/06/2020,SULAWESI SELATAN,166,2,154,10,4431,1610,149,2672
27/06/2020,SULAWESI SELATAN,147,3,40,104,4578,1650,152,2776
28/06/2020,SULAWESI SELATAN,193,3,62,128,4771,1712,155,2904
29/06/2020,SULAWESI SELATAN,194,1,50,143,4965,1762,156,3047
30/06/2020,SULAWESI SELATAN,89,4,69,16,5054,1831,160,3063
01/07/2020,SULAWESI SELATAN,129,0,52,77,5183,1883,160,3140
02/07/2020,SULAWESI SELATAN,165,0,50,115,5348,1933,160,3255
03/07/2020,SULAWESI SELATAN,177,6,40,131,5525,1973,166,3386
04/07/2020,SULAWESI SELATAN,190,0,39,151,5715,2012,166,3537
05/07/2020,SULAWESI SELATAN,135,23,93,19,5850,2105,189,3556
06/07/2020,SULAWESI SELATAN,85,1,82,2,5935,2187,190,3558
07/07/2020,SULAWESI SELATAN,213,2,45,166,6148,2232,192,3724
08/07/2020,SULAWESI SELATAN,167,3,15,149,6315,2247,195,3873
09/07/2020,SULAWESI SELATAN,127,6,184,-63,6442,2431,201,3810
10/07/2020,SULAWESI SELATAN,130,0,33,97,6572,2464,201,3907
11/07/2020,SULAWESI SELATAN,181,7,174,0,6753,2638,208,3907
12/07/2020,SULAWESI SELATAN,168,7,107,54,6921,2745,215,3961
13/07/2020,SULAWESI SELATAN,125,3,254,-132,7046,2999,218,3829
14/07/2020,SULAWESI SELATAN,197,13,140,44,7243,3139,231,3873
15/07/2020,SULAWESI SELATAN,151,12,115,24,7394,3254,243,3897
16/07/2020,SULAWESI SELATAN,179,15,212,-48,7573,3466,258,3849
17/07/2020,SULAWESI SELATAN,99,3,115,-19,7672,3581,261,3830
18/07/2020,SULAWESI SELATAN,167,2,78,87,7839,3659,263,3917
19/07/2020,SULAWESI SELATAN,156,8,517,-369,7995,4176,271,3548
20/07/2020,SULAWESI SELATAN,126,3,277,-154,8121,4453,274,3394
21/07/2020,SULAWESI SELATAN,93,4,206,-117,8214,4659,278,3277
22/07/2020,SULAWESI SELATAN,150,3,356,-209,8364,5015,281,3068
23/07/2020,SULAWESI SELATAN,119,0,254,-135,8483,5269,281,2933
24/07/2020,SULAWESI SELATAN,83,3,560,-480,8566,5829,284,2453
25/07/2020,SULAWESI SELATAN,136,3,239,-106,8702,6068,287,2347
26/07/2020,SULAWESI SELATAN,137,9,0,128,8839,6068,296,2475
27/07/2020,SULAWESI SELATAN,114,4,8,102,8953,6076,300,2577
28/07/2020,SULAWESI SELATAN,130,4,255,-129,9083,6331,304,2448
29/07/2020,SULAWESI SELATAN,126,3,24,99,9209,6355,307,2547
30/07/2020,SULAWESI SELATAN,92,3,103,-14,9301,6458,310,2533
31/07/2020,SULAWESI SELATAN,76,0,5,71,9377,6463,310,2604
01/08/2020,SULAWESI SELATAN,128,8,156,-36,9505,6619,318,2568
02/08/2020,SULAWESI SELATAN,95,0,0,95,9600,6619,318,2663
03/08/2020,SULAWESI SELATAN,97,0,1,96,9697,6620,318,2759
04/08/2020,SULAWESI SELATAN,115,7,139,-31,9812,6759,325,2728
05/08/2020,SULAWESI SELATAN,127,1,155,-29,9939,6914,326,2699
06/08/2020,SULAWESI SELATAN,179,1,75,103,10118,6989,327,2802
07/08/2020,SULAWESI SELATAN,88,4,74,10,10206,7063,331,2812
08/08/2020,SULAWESI SELATAN,104,0,69,35,10310,7132,331,2847
09/08/2020,SULAWESI SELATAN,90,0,58,32,10400,7190,331,2879
10/08/2020,SULAWESI SELATAN,60,0,54,6,10460,7244,331,2885
11/08/2020,SULAWESI SELATAN,54,2,118,-66,10514,7362,333,2819
12/08/2020,SULAWESI SELATAN,90,1,62,27,10604,7424,334,2846
13/08/2020,SULAWESI SELATAN,71,1,59,11,10675,7483,335,2857
14/08/2020,SULAWESI SELATAN,35,4,120,-89,10710,7603,339,2768
15/08/2020,SULAWESI SELATAN,78,0,61,17,10788,7664,339,2785
16/08/2020,SULAWESI SELATAN,101,0,62,39,10889,7726,339,2824
17/08/2020,SULAWESI SELATAN,85,3,86,-4,10974,7812,342,2820
18/08/2020,SULAWESI SELATAN,25,0,222,-197,10999,8034,342,2623
19/08/2020,SULAWESI SELATAN,25,1,68,-44,11024,8102,343,2579
20/08/2020,SULAWESI SELATAN,74,2,80,-8,11098,8182,345,2571
21/08/2020,SULAWESI SELATAN,112,2,89,21,11210,8271,347,2592
22/08/2020,SULAWESI SELATAN,49,1,68,-20,11259,8339,348,2572
23/08/2020,SULAWESI SELATAN,30,1,91,-62,11289,8430,349,2510
24/08/2020,SULAWESI SELATAN,48,1,92,-45,11337,8522,350,2465
25/08/2020,SULAWESI SELATAN,60,0,136,-76,11397,8658,350,2389
26/08/2020,SULAWESI SELATAN,62,0,108,-46,11459,8766,350,2343
27/08/2020,SULAWESI SELATAN,34,5,91,-62,11493,8857,355,2281
28/08/2020,SULAWESI SELATAN,89,2,106,-19,11582,8963,357,2262
29/08/2020,SULAWESI SELATAN,99,2,78,19,11681,9041,359,2281
30/08/2020,SULAWESI SELATAN,60,0,80,-20,11741,9121,359,2261
31/08/2020,SULAWESI SELATAN,105,0,74,31,11846,9195,359,2292
01/09/2020,SULAWESI SELATAN,79,0,74,5,11925,9269,359,2297
02/09/2020,SULAWESI SELATAN,130,4,91,35,12055,9360,363,2332
03/09/2020,SULAWESI SELATAN,57,3,88,-34,12112,9448,366,2298
04/09/2020,SULAWESI SELATAN,85,1,63,21,12197,9511,367,2319
05/09/2020,SULAWESI SELATAN,151,2,62,87,12348,9573,369,2406
06/09/2020,SULAWESI SELATAN,211,1,49,161,12559,9622,370,2567
07/09/2020,SULAWESI SELATAN,11,1,82,-72,12570,9704,371,2495
08/09/2020,SULAWESI SELATAN,50,1,104,-55,12620,9808,372,2440
09/09/2020,SULAWESI SELATAN,146,1,40,105,12766,9848,373,2545
10/09/2020,SULAWESI SELATAN,133,0,1,132,12899,9849,373,2677
11/09/2020,SULAWESI SELATAN,162,1,139,22,13061,9988,374,2699
12/09/2020,SULAWESI SELATAN,52,1,76,-25,13113,10064,375,2674
13/09/2020,SULAWESI SELATAN,80,4,46,30,13193,10110,379,2704
14/09/2020,SULAWESI SELATAN,180,3,63,114,13373,10173,382,2818
15/09/2020,SULAWESI SELATAN,105,0,0,105,13478,10173,382,2923
16/09/2020,SULAWESI SELATAN,148,3,130,15,13626,10303,385,2938
17/09/2020,SULAWESI SELATAN,120,0,13,107,13746,10316,385,3045
18/09/2020,SULAWESI SELATAN,176,1,72,103,13922,10388,386,3148
19/09/2020,SULAWESI SELATAN,177,2,55,120,14099,10443,388,3268
20/09/2020,SULAWESI SELATAN,172,8,77,87,14271,10520,396,3355
21/09/2020,SULAWESI SELATAN,44,3,96,-55,14315,10616,399,3300
22/09/2020,SULAWESI SELATAN,129,1,89,39,14444,10705,400,3339
23/09/2020,SULAWESI SELATAN,123,1,78,44,14567,10783,401,3383
24/09/2020,SULAWESI SELATAN,162,3,72,87,14729,10855,404,3470
25/09/2020,SULAWESI SELATAN,170,1,84,85,14899,10939,405,3555
26/09/2020,SULAWESI SELATAN,162,4,149,9,15061,11088,409,3564
27/09/2020,SULAWESI SELATAN,154,3,221,-70,15215,11309,412,3494
28/09/2020,SULAWESI SELATAN,78,0,170,-92,15293,11479,412,3402
29/09/2020,SULAWESI SELATAN,142,3,454,-315,15435,11933,415,3087
30/09/2020,SULAWESI SELATAN,75,4,374,-303,15510,12307,419,2784
01/10/2020,SULAWESI SELATAN,110,0,233,-123,15620,12540,419,2661
02/10/2020,SULAWESI SELATAN,67,0,196,-129,15687,12736,419,2532
03/10/2020,SULAWESI SELATAN,57,4,120,-67,15744,12856,423,2465
04/10/2020,SULAWESI SELATAN,72,3,118,-49,15816,12974,426,2416
05/10/2020,SULAWESI SELATAN,15,0,152,-137,15831,13126,426,2279
06/10/2020,SULAWESI SELATAN,58,0,197,-139,15889,13323,426,2140
07/10/2020,SULAWESI SELATAN,130,0,83,47,16019,13406,426,2187
08/10/2020,SULAWESI SELATAN,199,2,122,75,16218,13528,428,2262
09/10/2020,SULAWESI SELATAN,107,2,124,-19,16325,13652,430,2243
10/10/2020,SULAWESI SELATAN,147,2,107,38,16472,13759,432,2281
11/10/2020,SULAWESI SELATAN,136,1,89,46,16608,13848,433,2327
12/10/2020,SULAWESI SELATAN,89,2,157,-70,16697,14005,435,2257
13/10/2020,SULAWESI SELATAN,136,4,222,-90,16833,14227,439,2167
14/10/2020,SULAWESI SELATAN,136,2,86,48,16969,14313,441,2215
15/10/2020,SULAWESI SELATAN,114,0,118,-4,17083,14431,441,2211
16/10/2020,SULAWESI SELATAN,119,0,166,-47,17202,14597,441,2164
17/10/2020,SULAWESI SELATAN,64,2,182,-120,17266,14779,443,2044
18/10/2020,SULAWESI SELATAN,136,1,117,18,17402,14896,444,2062
19/10/2020,SULAWESI SELATAN,42,0,88,-46,17444,14984,444,2016
20/10/2020,SULAWESI SELATAN,88,0,99,-11,17532,15083,444,2005
21/10/2020,SULAWESI SELATAN,114,0,187,-73,17646,15270,444,1932
22/10/2020,SULAWESI SELATAN,73,0,101,-28,17719,15371,444,1904
23/10/2020,SULAWESI SELATAN,60,2,87,-29,17779,15458,446,1875
24/10/2020,SULAWESI SELATAN,73,0,57,16,17852,15515,446,1891
25/10/2020,SULAWESI SELATAN,46,4,96,-54,17898,15611,450,1837
26/10/2020,SULAWESI SELATAN,14,0,80,-66,17912,15691,450,1771
27/10/2020,SULAWESI SELATAN,188,0,365,-177,18100,16056,450,1594
28/10/2020,SULAWESI SELATAN,115,2,108,5,18215,16164,452,1599
29/10/2020,SULAWESI SELATAN,33,10,74,-51,18248,16238,462,1548
30/10/2020,SULAWESI SELATAN,43,1,99,-57,18291,16337,463,1491
31/10/2020,SULAWESI SELATAN,9,3,62,-56,18300,16399,466,1435
01/11/2020,SULAWESI SELATAN,29,0,101,-72,18329,16500,466,1363
02/11/2020,SULAWESI SELATAN,2,1,57,-56,18331,16557,467,1307
03/11/2020,SULAWESI SELATAN,26,0,42,-16,18357,16599,467,1291
04/11/2020,SULAWESI SELATAN,75,2,69,4,18432,16668,469,1295
05/11/2020,SULAWESI SELATAN,75,0,45,30,18507,16713,469,1325
06/11/2020,SULAWESI SELATAN,28,0,33,-5,18535,16746,469,1320
07/11/2020,SULAWESI SELATAN,138,0,48,90,18673,16794,469,1410
08/11/2020,SULAWESI SELATAN,77,0,42,35,18750,16836,469,1445
09/11/2020,SULAWESI SELATAN,58,1,15,42,18808,16851,470,1487
10/11/2020,SULAWESI SELATAN,48,1,83,-36,18856,16934,471,1451
11/11/2020,SULAWESI SELATAN,168,0,86,82,19024,17020,471,1533
12/11/2020,SULAWESI SELATAN,26,0,31,-5,19050,17051,471,1528
13/11/2020,SULAWESI SELATAN,131,0,45,86,19181,17096,471,1614
14/11/2020,SULAWESI SELATAN,69,2,35,32,19250,17131,473,1646
15/11/2020,SULAWESI SELATAN,75,0,10,65,19325,17141,473,1711
16/11/2020,SULAWESI SELATAN,47,0,107,-60,19372,17248,473,1651
17/11/2020,SULAWESI SELATAN,63,1,35,27,19435,17283,474,1678
18/11/2020,SULAWESI SELATAN,46,0,10,36,19481,17293,474,1714
19/11/2020,SULAWESI SELATAN,117,2,109,6,19598,17402,476,1720
20/11/2020,SULAWESI SELATAN,105,0,89,16,19703,17491,476,1736
21/11/2020,SULAWESI SELATAN,88,5,265,-182,19791,17756,481,1554
22/11/2020,SULAWESI SELATAN,99,3,172,-76,19890,17928,484,1478
23/11/2020,SULAWESI SELATAN,100,2,41,57,19990,17969,486,1535
24/11/2020,SULAWESI SELATAN,95,0,87,8,20085,18056,486,1543
25/11/2020,SULAWESI SELATAN,37,2,34,1,20122,18090,488,1544
26/11/2020,SULAWESI SELATAN,77,0,45,32,20199,18135,488,1576
27/11/2020,SULAWESI SELATAN,141,1,67,73,20340,18202,489,1649
28/11/2020,SULAWESI SELATAN,92,0,68,24,20432,18270,489,1673
29/11/2020,SULAWESI SELATAN,113,1,59,53,20545,18329,490,1726
30/11/2020,SULAWESI SELATAN,105,2,108,-5,20650,18437,492,1721
01/12/2020,SULAWESI SELATAN,147,4,77,66,20797,18514,496,1787
02/12/2020,SULAWESI SELATAN,117,2,72,43,20914,18586,498,1830
03/12/2020,SULAWESI SELATAN,136,1,47,88,21050,18633,499,1918
04/12/2020,SULAWESI SELATAN,180,2,71,107,21230,18704,501,2025
05/12/2020,SULAWESI SELATAN,164,2,57,105,21394,18761,503,2130
06/12/2020,SULAWESI SELATAN,172,0,30,142,21566,18791,503,2272
07/12/2020,SULAWESI SELATAN,346,4,97,245,21912,18888,507,2517
08/12/2020,SULAWESI SELATAN,112,3,105,4,22024,18993,510,2521
09/12/2020,SULAWESI SELATAN,157,0,115,42,22181,19108,510,2563
10/12/2020,SULAWESI SELATAN,219,2,94,123,22400,19202,512,2686
11/12/2020,SULAWESI SELATAN,259,9,14,236,22659,19216,521,2922
12/12/2020,SULAWESI SELATAN,226,6,79,141,22885,19295,527,3063
13/12/2020,SULAWESI SELATAN,312,4,96,212,23197,19391,531,3275
14/12/2020,SULAWESI SELATAN,295,3,97,195,23492,19488,534,3470
15/12/2020,SULAWESI SELATAN,78,1,108,-31,23570,19596,535,3439
16/12/2020,SULAWESI SELATAN,448,2,118,328,24018,19714,537,3767
17/12/2020,SULAWESI SELATAN,334,4,114,216,24352,19828,541,3983
18/12/2020,SULAWESI SELATAN,530,2,114,414,24882,19942,543,4397
19/12/2020,SULAWESI SELATAN,391,4,245,142,25273,20187,547,4539
20/12/2020,SULAWESI SELATAN,489,5,2,482,25762,20189,552,5021
21/12/2020,SULAWESI SELATAN,559,7,234,318,26321,20423,559,5339
22/12/2020,SULAWESI SELATAN,539,5,855,-321,26860,21278,564,5018
23/12/2020,SULAWESI SELATAN,524,1,598,-75,27384,21876,565,4943
24/12/2020,SULAWESI SELATAN,520,4,500,16,27904,22376,569,4959
25/12/2020,SULAWESI SELATAN,411,2,349,60,28315,22725,571,5019
26/12/2020,SULAWESI SELATAN,547,4,494,49,28862,23219,575,5068
27/12/2020,SULAWESI SELATAN,262,3,928,-669,29124,24147,578,4399
28/12/2020,SULAWESI SELATAN,338,4,407,-73,29462,24554,582,4326
29/12/2020,SULAWESI SELATAN,567,3,251,313,30029,24805,585,4639
30/12/2020,SULAWESI SELATAN,537,8,948,-419,30566,25753,593,4220
31/12/2020,SULAWESI SELATAN,479,1,0,478,31045,25753,594,4698
01/01/2021,SULAWESI SELATAN,550,5,605,-60,31595,26358,599,4638
02/01/2021,SULAWESI SELATAN,590,5,36,549,32185,26394,604,5187
03/01/2021,SULAWESI SELATAN,595,3,56,536,32780,26450,607,5723
04/01/2021,SULAWESI SELATAN,510,2,313,195,33290,26763,609,5918
05/01/2021,SULAWESI SELATAN,639,6,774,-141,33929,27537,615,5777
06/01/2021,SULAWESI SELATAN,463,4,1407,-948,34392,28944,619,4829
07/01/2021,SULAWESI SELATAN,366,8,1122,-764,34758,30066,627,4065
08/01/2021,SULAWESI SELATAN,588,7,509,72,35346,30575,634,4137
09/01/2021,SULAWESI SELATAN,580,7,246,327,35926,30821,641,4464
10/01/2021,SULAWESI SELATAN,585,7,543,35,36511,31364,648,4499
11/01/2021,SULAWESI SELATAN,615,2,359,254,37126,31723,650,4753
12/01/2021,SULAWESI SELATAN,638,2,625,11,37764,32348,652,4764
13/01/2021,SULAWESI SELATAN,648,6,523,119,38412,32871,658,4883
14/01/2021,SULAWESI SELATAN,640,7,492,141,39052,33363,665,5024
15/01/2021,SULAWESI SELATAN,649,8,568,73,39701,33931,673,5097
16/01/2021,SULAWESI SELATAN,659,12,589,58,40360,34520,685,5155
17/01/2021,SULAWESI SELATAN,674,2,506,166,41034,35026,687,5321
18/01/2021,SULAWESI SELATAN,661,5,548,108,41695,35574,692,5429
19/01/2021,SULAWESI SELATAN,658,1,518,139,42353,36092,693,5568
20/01/2021,SULAWESI SELATAN,661,4,625,32,43014,36717,697,5600
21/01/2021,SULAWESI SELATAN,645,2,642,1,43659,37359,699,5601
22/01/2021,SULAWESI SELATAN,629,4,536,89,44288,37895,703,5690
23/01/2021,SULAWESI SELATAN,188,1,612,-425,44476,38507,704,5265
24/01/2021,SULAWESI SELATAN,205,6,556,-357,44681,39063,710,4908
25/01/2021,SULAWESI SELATAN,606,1,739,-134,45287,39802,711,4774
26/01/2021,SULAWESI SELATAN,348,9,536,-197,45635,40338,720,4577
27/01/2021,SULAWESI SELATAN,282,4,536,-258,45917,40874,724,4319
28/01/2021,SULAWESI SELATAN,679,4,558,117,46596,41432,728,4436
29/01/2021,SULAWESI SELATAN,334,4,538,-208,46930,41970,732,4228
30/01/2021,SULAWESI SELATAN,663,6,204,453,47593,42174,738,4681
31/01/2021,SULAWESI SELATAN,666,1,239,426,48259,42413,739,5107
01/02/2021,SULAWESI SELATAN,650,4,474,172,48909,42887,743,5279
02/02/2021,SULAWESI SELATAN,95,0,401,-306,49004,43288,743,4973
03/02/2021,SULAWESI SELATAN,161,5,304,-148,49165,43592,748,4825
04/02/2021,SULAWESI SELATAN,300,3,433,-136,49465,44025,751,4689
05/02/2021,SULAWESI SELATAN,226,3,263,-40,49691,44288,754,4649
06/02/2021,SULAWESI SELATAN,495,3,544,-52,50186,44832,757,4597
07/02/2021,SULAWESI SELATAN,274,10,532,-268,50460,45364,767,4329
08/02/2021,SULAWESI SELATAN,136,6,435,-305,50596,45799,773,4024
09/02/2021,SULAWESI SELATAN,166,1,70,95,50762,45869,774,4119
10/02/2021,SULAWESI SELATAN,180,0,143,37,50942,46012,774,4156
11/02/2021,SULAWESI SELATAN,129,1,214,-86,51071,46226,775,4070
12/02/2021,SULAWESI SELATAN,677,5,214,458,51748,46440,780,4528
13/02/2021,SULAWESI SELATAN,376,11,467,-102,52124,46907,791,4426
14/02/2021,SULAWESI SELATAN,355,13,261,81,52479,47168,804,4507
15/02/2021,SULAWESI SELATAN,160,0,278,-118,52639,47446,804,4389
16/02/2021,SULAWESI SELATAN,319,4,339,-24,52958,47785,808,4365
17/02/2021,SULAWESI SELATAN,116,5,467,-356,53074,48252,813,4009
18/02/2021,SULAWESI SELATAN,274,0,222,52,53348,48474,813,4061
19/02/2021,SULAWESI SELATAN,221,4,527,-310,53569,49001,817,3751
20/02/2021,SULAWESI SELATAN,201,6,396,-201,53770,49397,823,3550
21/02/2021,SULAWESI SELATAN,180,0,334,-154,53950,49731,823,3396
22/02/2021,SULAWESI SELATAN,258,2,208,48,54208,49939,825,3444
23/02/2021,SULAWESI SELATAN,506,0,270,236,54714,50209,825,3680
24/02/2021,SULAWESI SELATAN,388,3,293,92,55102,50502,828,3772
25/02/2021,SULAWESI SELATAN,423,3,327,93,55525,50829,831,3865
26/02/2021,SULAWESI SELATAN,339,4,206,129,55864,51035,835,3994
27/02/2021,SULAWESI SELATAN,249,3,238,8,56113,51273,838,4002
28/02/2021,SULAWESI SELATAN,84,0,266,-182,56197,51539,838,3820
01/03/2021,SULAWESI SELATAN,141,4,237,-100,56338,51776,842,3720
02/03/2021,SULAWESI SELATAN,178,10,305,-137,56516,52081,852,3583
03/03/2021,SULAWESI SELATAN,263,7,270,-14,56779,52351,859,3569
04/03/2021,SULAWESI SELATAN,196,2,314,-120,56975,52665,861,3449
05/03/2021,SULAWESI SELATAN,196,8,263,-75,57171,52928,869,3374
06/03/2021,SULAWESI SELATAN,166,4,310,-148,57337,53238,873,3226
07/03/2021,SULAWESI SELATAN,190,1,152,37,57527,53390,874,3263
08/03/2021,SULAWESI SELATAN,79,3,190,-114,57606,53580,877,3149
09/03/2021,SULAWESI SELATAN,92,1,138,-47,57698,53718,878,3102
10/03/2021,SULAWESI SELATAN,220,2,137,81,57918,53855,880,3183
11/03/2021,SULAWESI SELATAN,108,2,213,-107,58026,54068,882,3076
12/03/2021,SULAWESI SELATAN,133,5,165,-37,58159,54233,887,3039
13/03/2021,SULAWESI SELATAN,89,3,136,-50,58248,54369,890,2989
14/03/2021,SULAWESI SELATAN,67,0,160,-93,58315,54529,890,2896
15/03/2021,SULAWESI SELATAN,54,3,120,-69,58369,54649,893,2827
16/03/2021,SULAWESI SELATAN,117,1,179,-63,58486,54828,894,2764
17/03/2021,SULAWESI SELATAN,139,2,195,-58,58625,55023,896,2706
18/03/2021,SULAWESI SELATAN,146,5,226,-85,58771,55249,901,2621
19/03/2021,SULAWESI SELATAN,142,1,203,-62,58913,55452,902,2559
20/03/2021,SULAWESI SELATAN,60,2,244,-186,58973,55696,904,2373
21/03/2021,SULAWESI SELATAN,49,0,303,-254,59022,55999,904,2119
22/03/2021,SULAWESI SELATAN,53,1,197,-145,59075,56196,905,1974
23/03/2021,SULAWESI SELATAN,65,2,131,-68,59140,56327,907,1906
24/03/2021,SULAWESI SELATAN,77,0,161,-84,59217,56488,907,1822
25/03/2021,SULAWESI SELATAN,68,2,160,-94,59285,56648,909,1728
26/03/2021,SULAWESI SELATAN,32,0,187,-155,59317,56835,909,1573
27/03/2021,SULAWESI SELATAN,34,0,161,-127,59351,56996,909,1446
28/03/2021,SULAWESI SELATAN,35,1,139,-105,59386,57135,910,1341
29/03/2021,SULAWESI SELATAN,46,0,109,-63,59432,57244,910,1278
30/03/2021,SULAWESI SELATAN,104,0,115,-11,59536,57359,910,1267
31/03/2021,SULAWESI SELATAN,94,0,136,-42,59630,57495,910,1225
01/04/2021,SULAWESI SELATAN,83,0,159,-76,59713,57654,910,1149
02/04/2021,SULAWESI SELATAN,19,0,169,-150,59732,57823,910,999
03/04/2021,SULAWESI SELATAN,54,0,117,-63,59786,57940,910,936
04/04/2021,SULAWESI SELATAN,58,0,157,-99,59844,58097,910,837
05/04/2021,SULAWESI SELATAN,31,3,113,-85,59875,58210,913,752
06/04/2021,SULAWESI SELATAN,209,0,128,81,60084,58338,913,833
07/04/2021,SULAWESI SELATAN,227,0,245,-18,60311,58583,913,815
08/04/2021,SULAWESI SELATAN,153,0,262,-109,60464,58845,913,706
09/04/2021,SULAWESI SELATAN,80,2,206,-128,60544,59051,915,578
10/04/2021,SULAWESI SELATAN,96,1,85,10,60640,59136,916,588
11/04/2021,SULAWESI SELATAN,30,0,130,-100,60670,59266,916,488
12/04/2021,SULAWESI SELATAN,43,0,47,-4,60713,59313,916,484
13/04/2021,SULAWESI SELATAN,94,0,80,14,60807,59393,916,498
14/04/2021,SULAWESI SELATAN,118,0,36,82,60925,59429,916,580
15/04/2021,SULAWESI SELATAN,93,0,64,29,61018,59493,916,609
16/04/2021,SULAWESI SELATAN,45,2,61,-18,61063,59554,918,591
17/04/2021,SULAWESI SELATAN,35,0,15,20,61098,59569,918,611
18/04/2021,SULAWESI SELATAN,22,0,10,12,61120,59579,918,623
19/04/2021,SULAWESI SELATAN,17,1,28,-12,61137,59607,919,611
20/04/2021,SULAWESI SELATAN,78,0,83,-5,61215,59690,919,606
21/04/2021,SULAWESI SELATAN,65,3,42,20,61280,59732,922,626
22/04/2021,SULAWESI SELATAN,20,5,153,-138,61300,59885,927,488
23/04/2021,SULAWESI SELATAN,27,3,94,-70,61327,59979,930,418
24/04/2021,SULAWESI SELATAN,14,1,19,-6,61341,59998,931,412
25/04/2021,SULAWESI SELATAN,7,0,51,-44,61348,60049,931,368
26/04/2021,SULAWESI SELATAN,14,0,70,-56,61362,60119,931,312
27/04/2021,SULAWESI SELATAN,57,0,40,17,61419,60159,931,329
28/04/2021,SULAWESI SELATAN,18,0,55,-37,61437,60214,931,292
29/04/2021,SULAWESI SELATAN,27,1,37,-11,61464,60251,932,281
30/04/2021,SULAWESI SELATAN,31,3,8,20,61495,60259,935,301
01/05/2021,SULAWESI SELATAN,25,0,16,9,61520,60275,935,310
02/05/2021,SULAWESI SELATAN,4,0,13,-9,61524,60288,935,301
03/05/2021,SULAWESI SELATAN,13,0,9,4,61537,60297,935,305
04/05/2021,SULAWESI SELATAN,21,0,8,13,61558,60305,935,318
05/05/2021,SULAWESI SELATAN,6,0,56,-50,61564,60361,935,268
06/05/2021,SULAWESI SELATAN,17,0,23,-6,61581,60384,935,262
07/05/2021,SULAWESI SELATAN,27,0,18,9,61608,60402,935,271
08/05/2021,SULAWESI SELATAN,17,0,14,3,61625,60416,935,274
09/05/2021,SULAWESI SELATAN,11,0,6,5,61636,60422,935,279
10/05/2021,SULAWESI SELATAN,27,0,15,12,61663,60437,935,291
11/05/2021,SULAWESI SELATAN,26,0,32,-6,61689,60469,935,285
12/05/2021,SULAWESI SELATAN,11,0,3,8,61700,60472,935,293
13/05/2021,SULAWESI SELATAN,2,0,5,-3,61702,60477,935,290
14/05/2021,SULAWESI SELATAN,6,0,4,2,61708,60481,935,292
15/05/2021,SULAWESI SELATAN,2,0,5,-3,61710,60486,935,289
16/05/2021,SULAWESI SELATAN,4,0,3,1,61714,60489,935,290
17/05/2021,SULAWESI SELATAN,20,1,29,-10,61734,60518,936,280
18/05/2021,SULAWESI SELATAN,22,0,25,-3,61756,60543,936,277
19/05/2021,SULAWESI SELATAN,39,0,16,23,61795,60559,936,300
20/05/2021,SULAWESI SELATAN,57,0,21,36,61852,60580,936,336
21/05/2021,SULAWESI SELATAN,54,1,37,16,61906,60617,937,352
22/05/2021,SULAWESI SELATAN,3,3,45,-45,61909,60662,940,307
23/05/2021,SULAWESI SELATAN,41,1,30,10,61950,60692,941,317
24/05/2021,SULAWESI SELATAN,14,1,8,5,61964,60700,942,322
25/05/2021,SULAWESI SELATAN,51,0,3,48,62015,60703,942,370
26/05/2021,SULAWESI SELATAN,9,0,4,5,62024,60707,942,375
27/05/2021,SULAWESI SELATAN,33,2,29,2,62057,60736,944,377
28/05/2021,SULAWESI SELATAN,32,1,29,2,62089,60765,945,379
29/05/2021,SULAWESI SELATAN,18,0,39,-21,62107,60804,945,358
30/05/2021,SULAWESI SELATAN,61,1,15,45,62168,60819,946,403
31/05/2021,SULAWESI SELATAN,8,0,16,-8,62176,60835,946,395
01/06/2021,SULAWESI SELATAN,3,0,64,-61,62179,60899,946,334
02/06/2021,SULAWESI SELATAN,50,0,25,25,62229,60924,946,359
03/06/2021,SULAWESI SELATAN,38,1,33,4,62267,60957,947,363
04/06/2021,SULAWESI SELATAN,13,1,0,12,62280,60957,948,375
05/06/2021,SULAWESI SELATAN,41,0,6,35,62321,60963,948,410
06/06/2021,SULAWESI SELATAN,26,0,20,6,62347,60983,948,416
07/06/2021,SULAWESI SELATAN,31,1,27,3,62378,61010,949,419
08/06/2021,SULAWESI SELATAN,98,0,34,64,62476,61044,949,483
09/06/2021,SULAWESI SELATAN,66,2,30,34,62542,61074,951,517
10/06/2021,SULAWESI SELATAN,45,2,69,-26,62587,61143,953,491
11/06/2021,SULAWESI SELATAN,32,1,31,0,62619,61174,954,491
12/06/2021,SULAWESI SELATAN,36,1,30,5,62655,61204,955,496
13/06/2021,SULAWESI SELATAN,17,0,9,8,62672,61213,955,504
06/03/2020,BANTEN,1,0,1,0,1,1,0,0
07/03/2020,BANTEN,0,0,0,0,1,1,0,0
08/03/2020,BANTEN,1,0,3,-2,2,4,0,-2
09/03/2020,BANTEN,0,0,0,0,2,4,0,-2
10/03/2020,BANTEN,0,0,8,-8,2,12,0,-10
11/03/2020,BANTEN,0,0,8,-8,2,20,0,-18
12/03/2020,BANTEN,0,1,2,-3,2,22,1,-21
13/03/2020,BANTEN,1,1,0,0,3,22,2,-21
14/03/2020,BANTEN,1,0,2,-1,4,24,2,-22
15/03/2020,BANTEN,1,0,5,-4,5,29,2,-26
16/03/2020,BANTEN,1,0,4,-3,6,33,2,-29
17/03/2020,BANTEN,0,1,3,-4,6,36,3,-33
18/03/2020,BANTEN,0,1,1,-2,6,37,4,-35
19/03/2020,BANTEN,0,1,3,-4,6,40,5,-39
20/03/2020,BANTEN,0,3,3,-6,6,43,8,-45
21/03/2020,BANTEN,0,0,2,-2,6,45,8,-47
22/03/2020,BANTEN,0,2,0,-2,6,45,10,-49
23/03/2020,BANTEN,0,2,3,-5,6,48,12,-54
24/03/2020,BANTEN,0,1,3,-4,6,51,13,-58
25/03/2020,BANTEN,0,1,3,-4,6,54,14,-62
26/03/2020,BANTEN,0,0,4,-4,6,58,14,-66
27/03/2020,BANTEN,25,2,3,20,31,61,16,-46
28/03/2020,BANTEN,10,2,7,1,41,68,18,-45
29/03/2020,BANTEN,2,2,2,-2,43,70,20,-47
30/03/2020,BANTEN,22,0,3,19,65,73,20,-28
31/03/2020,BANTEN,14,2,1,11,79,74,22,-17
01/04/2020,BANTEN,12,1,6,5,91,80,23,-12
02/04/2020,BANTEN,6,2,1,3,97,81,25,-9
03/04/2020,BANTEN,4,0,4,0,101,85,25,-9
04/04/2020,BANTEN,3,2,2,-1,104,87,27,-10
05/04/2020,BANTEN,4,2,4,-2,108,91,29,-12
06/04/2020,BANTEN,11,2,8,1,119,99,31,-11
07/04/2020,BANTEN,6,0,4,2,125,103,31,-9
08/04/2020,BANTEN,19,0,6,13,144,109,31,4
09/04/2020,BANTEN,4,3,10,-9,148,119,34,-5
10/04/2020,BANTEN,21,1,4,16,169,123,35,11
11/04/2020,BANTEN,31,2,19,10,200,142,37,21
12/04/2020,BANTEN,2,1,7,-6,202,149,38,15
13/04/2020,BANTEN,4,2,9,-7,206,158,40,8
14/04/2020,BANTEN,6,2,3,1,212,161,42,9
15/04/2020,BANTEN,1,1,8,-8,213,169,43,1
16/04/2020,BANTEN,15,0,4,11,228,173,43,12
17/04/2020,BANTEN,9,1,8,0,237,181,44,12
18/04/2020,BANTEN,12,1,4,7,249,185,45,19
19/04/2020,BANTEN,3,0,4,-1,252,189,45,18
20/04/2020,BANTEN,30,0,8,22,282,197,45,40
21/04/2020,BANTEN,0,4,6,-10,282,203,49,30
22/04/2020,BANTEN,3,0,7,-4,285,210,49,26
23/04/2020,BANTEN,3,0,1,2,288,211,49,28
24/04/2020,BANTEN,23,0,2,21,311,213,49,49
25/04/2020,BANTEN,11,2,2,7,322,215,51,56
26/04/2020,BANTEN,0,4,1,-5,322,216,55,51
27/04/2020,BANTEN,12,1,5,6,334,221,56,57
28/04/2020,BANTEN,6,0,3,3,340,224,56,60
29/04/2020,BANTEN,0,0,11,-11,340,235,56,49
30/04/2020,BANTEN,16,0,9,7,356,244,56,56
01/05/2020,BANTEN,15,0,3,12,371,247,56,68
02/05/2020,BANTEN,9,1,9,-1,380,256,57,67
03/05/2020,BANTEN,5,0,1,4,385,257,57,71
04/05/2020,BANTEN,14,0,9,5,399,266,57,76
05/05/2020,BANTEN,12,2,19,-9,411,285,59,67
06/05/2020,BANTEN,29,0,4,25,440,289,59,92
07/05/2020,BANTEN,0,0,3,-3,440,292,59,89
08/05/2020,BANTEN,20,1,7,12,460,299,60,101
09/05/2020,BANTEN,22,1,5,16,482,304,61,117
10/05/2020,BANTEN,10,0,7,3,492,311,61,120
11/05/2020,BANTEN,8,0,5,3,500,316,61,123
12/05/2020,BANTEN,18,0,5,13,518,321,61,136
13/05/2020,BANTEN,20,0,6,14,538,327,61,150
14/05/2020,BANTEN,14,2,16,-4,552,343,63,146
15/05/2020,BANTEN,28,0,18,10,580,361,63,156
16/05/2020,BANTEN,0,0,9,-9,580,370,63,147
17/05/2020,BANTEN,24,0,9,15,604,379,63,162
18/05/2020,BANTEN,31,0,18,13,635,397,63,175
19/05/2020,BANTEN,21,0,15,6,656,412,63,181
20/05/2020,BANTEN,1,0,30,-29,657,442,63,152
21/05/2020,BANTEN,53,1,8,44,710,450,64,196
22/05/2020,BANTEN,15,1,7,7,725,457,65,203
23/05/2020,BANTEN,0,0,6,-6,725,463,65,197
24/05/2020,BANTEN,21,0,4,17,746,467,65,214
25/05/2020,BANTEN,0,0,6,-6,746,473,65,208
26/05/2020,BANTEN,18,0,10,8,764,483,65,216
27/05/2020,BANTEN,11,0,10,1,775,493,65,217
28/05/2020,BANTEN,14,3,19,-8,789,512,68,209
29/05/2020,BANTEN,13,0,12,1,802,524,68,210
30/05/2020,BANTEN,14,0,25,-11,816,549,68,199
31/05/2020,BANTEN,3,0,0,3,819,549,68,202
01/06/2020,BANTEN,7,1,11,-5,826,560,69,197
02/06/2020,BANTEN,14,0,21,-7,840,581,69,190
03/06/2020,BANTEN,71,0,25,46,911,606,69,236
04/06/2020,BANTEN,10,0,11,-1,921,617,69,235
05/06/2020,BANTEN,24,1,25,-2,945,642,70,233
06/06/2020,BANTEN,36,1,6,29,981,648,71,262
07/06/2020,BANTEN,10,1,2,7,991,650,72,269
08/06/2020,BANTEN,11,1,5,5,1002,655,73,274
09/06/2020,BANTEN,16,1,8,7,1018,663,74,281
10/06/2020,BANTEN,33,0,46,-13,1051,709,74,268
11/06/2020,BANTEN,25,0,25,0,1076,734,74,268
12/06/2020,BANTEN,35,0,12,23,1111,746,74,291
13/06/2020,BANTEN,74,1,2,71,1185,748,75,362
14/06/2020,BANTEN,9,0,8,1,1194,756,75,363
15/06/2020,BANTEN,4,0,25,-21,1198,781,75,342
16/06/2020,BANTEN,37,0,9,28,1235,790,75,370
17/06/2020,BANTEN,31,0,25,6,1266,815,75,376
18/06/2020,BANTEN,17,0,16,1,1283,831,75,377
19/06/2020,BANTEN,5,0,24,-19,1288,855,75,358
20/06/2020,BANTEN,16,0,14,2,1304,869,75,360
21/06/2020,BANTEN,9,0,6,3,1313,875,75,363
22/06/2020,BANTEN,8,1,21,-14,1321,896,76,349
23/06/2020,BANTEN,11,0,15,-4,1332,911,76,345
24/06/2020,BANTEN,20,1,36,-17,1352,947,77,328
25/06/2020,BANTEN,17,0,6,11,1369,953,77,339
26/06/2020,BANTEN,13,0,6,7,1382,959,77,346
27/06/2020,BANTEN,20,0,3,17,1402,962,77,363
28/06/2020,BANTEN,4,1,12,-9,1406,974,78,354
29/06/2020,BANTEN,3,0,6,-3,1409,980,78,351
30/06/2020,BANTEN,11,0,7,4,1420,987,78,355
01/07/2020,BANTEN,11,0,12,-1,1431,999,78,354
02/07/2020,BANTEN,10,0,10,0,1441,1009,78,354
03/07/2020,BANTEN,21,0,21,0,1462,1030,78,354
04/07/2020,BANTEN,14,1,12,1,1476,1042,79,355
05/07/2020,BANTEN,7,1,6,0,1483,1048,80,355
06/07/2020,BANTEN,12,1,5,6,1495,1053,81,361
07/07/2020,BANTEN,6,0,10,-4,1501,1063,81,357
08/07/2020,BANTEN,16,0,15,1,1517,1078,81,358
09/07/2020,BANTEN,13,1,24,-12,1530,1102,82,346
10/07/2020,BANTEN,11,0,27,-16,1541,1129,82,330
11/07/2020,BANTEN,7,1,16,-10,1548,1145,83,320
12/07/2020,BANTEN,13,0,9,4,1561,1154,83,324
13/07/2020,BANTEN,11,3,4,4,1572,1158,86,328
14/07/2020,BANTEN,9,0,7,2,1581,1165,86,330
15/07/2020,BANTEN,4,0,7,-3,1585,1172,86,327
16/07/2020,BANTEN,17,0,13,4,1602,1185,86,331
17/07/2020,BANTEN,11,0,5,6,1613,1190,86,337
18/07/2020,BANTEN,8,1,11,-4,1621,1201,87,333
19/07/2020,BANTEN,17,3,4,10,1638,1205,90,343
20/07/2020,BANTEN,8,0,23,-15,1646,1228,90,328
21/07/2020,BANTEN,8,0,21,-13,1654,1249,90,315
22/07/2020,BANTEN,3,0,15,-12,1657,1264,90,303
23/07/2020,BANTEN,10,1,4,5,1667,1268,91,308
24/07/2020,BANTEN,12,0,10,2,1679,1278,91,310
25/07/2020,BANTEN,5,1,12,-8,1684,1290,92,302
26/07/2020,BANTEN,14,0,3,11,1698,1293,92,313
27/07/2020,BANTEN,10,0,23,-13,1708,1316,92,300
28/07/2020,BANTEN,9,1,15,-7,1717,1331,93,293
29/07/2020,BANTEN,15,1,28,-14,1732,1359,94,279
30/07/2020,BANTEN,29,3,17,9,1761,1376,97,288
31/07/2020,BANTEN,34,1,11,22,1795,1387,98,310
01/08/2020,BANTEN,23,0,39,-16,1818,1426,98,294
02/08/2020,BANTEN,12,1,10,1,1830,1436,99,295
03/08/2020,BANTEN,21,0,15,6,1851,1451,99,301
04/08/2020,BANTEN,33,0,14,19,1884,1465,99,320
05/08/2020,BANTEN,23,0,13,10,1907,1478,99,330
06/08/2020,BANTEN,32,2,13,17,1939,1491,101,347
07/08/2020,BANTEN,34,0,15,19,1973,1506,101,366
08/08/2020,BANTEN,22,0,23,-1,1995,1529,101,365
09/08/2020,BANTEN,24,0,9,15,2019,1538,101,380
10/08/2020,BANTEN,23,1,37,-15,2042,1575,102,365
11/08/2020,BANTEN,19,2,18,-1,2061,1593,104,364
12/08/2020,BANTEN,48,1,16,31,2109,1609,105,395
13/08/2020,BANTEN,37,2,16,19,2146,1625,107,414
14/08/2020,BANTEN,21,2,9,10,2167,1634,109,424
15/08/2020,BANTEN,33,1,35,-3,2200,1669,110,421
16/08/2020,BANTEN,43,1,18,24,2243,1687,111,445
17/08/2020,BANTEN,17,0,6,11,2260,1693,111,456
18/08/2020,BANTEN,64,0,29,35,2324,1722,111,491
19/08/2020,BANTEN,47,1,13,33,2371,1735,112,524
20/08/2020,BANTEN,23,2,35,-14,2394,1770,114,510
21/08/2020,BANTEN,36,1,42,-7,2430,1812,115,503
22/08/2020,BANTEN,42,2,21,19,2472,1833,117,522
23/08/2020,BANTEN,32,2,46,-16,2504,1879,119,506
24/08/2020,BANTEN,60,3,27,30,2564,1906,122,536
25/08/2020,BANTEN,33,0,52,-19,2597,1958,122,517
26/08/2020,BANTEN,29,0,28,1,2626,1986,122,518
27/08/2020,BANTEN,59,1,124,-66,2685,2110,123,452
28/08/2020,BANTEN,42,3,73,-34,2727,2183,126,418
29/08/2020,BANTEN,61,2,20,39,2788,2203,128,457
30/08/2020,BANTEN,45,0,20,25,2833,2223,128,482
31/08/2020,BANTEN,31,2,44,-15,2864,2267,130,467
01/09/2020,BANTEN,29,1,57,-29,2893,2324,131,438
02/09/2020,BANTEN,70,0,30,40,2963,2354,131,478
03/09/2020,BANTEN,33,3,100,-70,2996,2454,134,408
04/09/2020,BANTEN,23,0,49,-26,3019,2503,134,382
05/09/2020,BANTEN,49,1,39,9,3068,2542,135,391
06/09/2020,BANTEN,85,2,51,32,3153,2593,137,423
07/09/2020,BANTEN,75,1,51,23,3228,2644,138,446
08/09/2020,BANTEN,57,2,48,7,3285,2692,140,453
09/09/2020,BANTEN,37,5,53,-21,3322,2745,145,432
10/09/2020,BANTEN,42,5,66,-29,3364,2811,150,403
11/09/2020,BANTEN,48,4,84,-40,3412,2895,154,363
12/09/2020,BANTEN,23,3,43,-23,3435,2938,157,340
13/09/2020,BANTEN,50,0,25,25,3485,2963,157,365
14/09/2020,BANTEN,57,1,69,-13,3542,3032,158,352
15/09/2020,BANTEN,63,2,46,15,3605,3078,160,367
16/09/2020,BANTEN,138,2,72,64,3743,3150,162,431
17/09/2020,BANTEN,121,3,39,79,3864,3189,165,510
18/09/2020,BANTEN,141,0,66,75,4005,3255,165,585
19/09/2020,BANTEN,128,0,76,52,4133,3331,165,637
20/09/2020,BANTEN,179,0,146,33,4312,3477,165,670
21/09/2020,BANTEN,122,2,268,-148,4434,3745,167,522
22/09/2020,BANTEN,131,4,64,63,4565,3809,171,585
23/09/2020,BANTEN,217,2,149,66,4782,3958,173,651
24/09/2020,BANTEN,130,4,53,73,4912,4011,177,724
25/09/2020,BANTEN,109,2,177,-70,5021,4188,179,654
26/09/2020,BANTEN,135,0,198,-63,5156,4386,179,591
27/09/2020,BANTEN,106,1,73,32,5262,4459,180,623
28/09/2020,BANTEN,129,2,125,2,5391,4584,182,625
29/09/2020,BANTEN,85,8,259,-182,5476,4843,190,443
30/09/2020,BANTEN,144,1,125,18,5620,4968,191,461
01/10/2020,BANTEN,102,5,129,-32,5722,5097,196,429
02/10/2020,BANTEN,82,0,190,-108,5804,5287,196,321
03/10/2020,BANTEN,134,5,107,22,5938,5394,201,343
04/10/2020,BANTEN,168,2,102,64,6106,5496,203,407
05/10/2020,BANTEN,137,2,165,-30,6243,5661,205,377
06/10/2020,BANTEN,98,3,134,-39,6341,5795,208,338
07/10/2020,BANTEN,81,3,63,15,6422,5858,211,353
08/10/2020,BANTEN,122,1,108,13,6544,5966,212,366
09/10/2020,BANTEN,141,1,101,39,6685,6067,213,405
10/10/2020,BANTEN,170,4,110,56,6855,6177,217,461
11/10/2020,BANTEN,106,1,81,24,6961,6258,218,485
12/10/2020,BANTEN,81,4,134,-57,7042,6392,222,428
13/10/2020,BANTEN,79,3,80,-4,7121,6472,225,424
14/10/2020,BANTEN,94,2,72,20,7215,6544,227,444
15/10/2020,BANTEN,111,3,99,9,7326,6643,230,453
16/10/2020,BANTEN,114,2,75,37,7440,6718,232,490
17/10/2020,BANTEN,127,2,60,65,7567,6778,234,555
18/10/2020,BANTEN,130,3,62,65,7697,6840,237,620
19/10/2020,BANTEN,122,4,118,0,7819,6958,241,620
20/10/2020,BANTEN,89,1,166,-78,7908,7124,242,542
21/10/2020,BANTEN,171,5,54,112,8079,7178,247,654
22/10/2020,BANTEN,220,2,124,94,8299,7302,249,748
23/10/2020,BANTEN,145,3,74,68,8444,7376,252,816
24/10/2020,BANTEN,102,3,123,-24,8546,7499,255,792
25/10/2020,BANTEN,226,4,126,96,8772,7625,259,888
26/10/2020,BANTEN,120,0,86,34,8892,7711,259,922
27/10/2020,BANTEN,124,5,94,25,9016,7805,264,947
28/10/2020,BANTEN,170,4,100,66,9186,7905,268,1013
29/10/2020,BANTEN,91,4,146,-59,9277,8051,272,954
30/10/2020,BANTEN,107,3,114,-10,9384,8165,275,944
31/10/2020,BANTEN,85,1,76,8,9469,8241,276,952
01/11/2020,BANTEN,90,2,59,29,9559,8300,278,981
02/11/2020,BANTEN,74,1,69,4,9633,8369,279,985
03/11/2020,BANTEN,71,3,109,-41,9704,8478,282,944
04/11/2020,BANTEN,90,2,66,22,9794,8544,284,966
05/11/2020,BANTEN,51,0,80,-29,9845,8624,284,937
06/11/2020,BANTEN,105,2,84,19,9950,8708,286,956
07/11/2020,BANTEN,125,8,80,37,10075,8788,294,993
08/11/2020,BANTEN,58,2,37,19,10133,8825,296,1012
09/11/2020,BANTEN,121,1,78,42,10254,8903,297,1054
10/11/2020,BANTEN,55,2,83,-30,10309,8986,299,1024
11/11/2020,BANTEN,124,3,55,66,10433,9041,302,1090
12/11/2020,BANTEN,100,3,75,22,10533,9116,305,1112
13/11/2020,BANTEN,111,1,41,69,10644,9157,306,1181
14/11/2020,BANTEN,167,3,67,97,10811,9224,309,1278
15/11/2020,BANTEN,159,3,71,85,10970,9295,312,1363
16/11/2020,BANTEN,0,3,92,-95,10970,9387,315,1268
17/11/2020,BANTEN,0,6,104,-110,10970,9491,321,1158
18/11/2020,BANTEN,54,4,106,-56,11024,9597,325,1102
19/11/2020,BANTEN,159,4,148,7,11183,9745,329,1109
20/11/2020,BANTEN,128,2,100,26,11311,9845,331,1135
21/11/2020,BANTEN,182,10,130,42,11493,9975,341,1177
22/11/2020,BANTEN,122,1,85,36,11615,10060,342,1213
23/11/2020,BANTEN,171,2,124,45,11786,10184,344,1258
24/11/2020,BANTEN,144,5,110,29,11930,10294,349,1287
25/11/2020,BANTEN,128,5,104,19,12058,10398,354,1306
26/11/2020,BANTEN,145,4,107,34,12203,10505,358,1340
27/11/2020,BANTEN,191,6,113,72,12394,10618,364,1412
28/11/2020,BANTEN,234,2,89,143,12628,10707,366,1555
29/11/2020,BANTEN,151,5,145,1,12779,10852,371,1556
30/11/2020,BANTEN,262,4,122,136,13041,10974,375,1692
01/12/2020,BANTEN,154,2,120,32,13195,11094,377,1724
02/12/2020,BANTEN,121,4,109,8,13316,11203,381,1732
03/12/2020,BANTEN,131,3,125,3,13447,11328,384,1735
04/12/2020,BANTEN,131,5,91,35,13578,11419,389,1770
05/12/2020,BANTEN,143,6,140,-3,13721,11559,395,1767
06/12/2020,BANTEN,134,3,158,-27,13855,11717,398,1740
07/12/2020,BANTEN,133,7,169,-43,13988,11886,405,1697
08/12/2020,BANTEN,98,5,154,-61,14086,12040,410,1636
09/12/2020,BANTEN,166,4,159,3,14252,12199,414,1639
10/12/2020,BANTEN,169,5,177,-13,14421,12376,419,1626
11/12/2020,BANTEN,192,5,142,45,14613,12518,424,1671
12/12/2020,BANTEN,204,4,168,32,14817,12686,428,1703
13/12/2020,BANTEN,136,3,109,24,14953,12795,431,1727
14/12/2020,BANTEN,138,4,146,-12,15091,12941,435,1715
15/12/2020,BANTEN,166,6,151,9,15257,13092,441,1724
16/12/2020,BANTEN,176,5,131,40,15433,13223,446,1764
17/12/2020,BANTEN,181,4,142,35,15614,13365,450,1799
18/12/2020,BANTEN,156,8,123,25,15770,13488,458,1824
19/12/2020,BANTEN,181,7,171,3,15951,13659,465,1827
20/12/2020,BANTEN,194,3,164,27,16145,13823,468,1854
21/12/2020,BANTEN,190,4,148,38,16335,13971,472,1892
22/12/2020,BANTEN,239,5,145,89,16574,14116,477,1981
23/12/2020,BANTEN,186,6,133,47,16760,14249,483,2028
24/12/2020,BANTEN,154,4,150,0,16914,14399,487,2028
25/12/2020,BANTEN,166,5,213,-52,17080,14612,492,1976
26/12/2020,BANTEN,241,6,165,70,17321,14777,498,2046
27/12/2020,BANTEN,150,4,155,-9,17471,14932,502,2037
28/12/2020,BANTEN,120,3,203,-86,17591,15135,505,1951
29/12/2020,BANTEN,121,7,123,-9,17712,15258,512,1942
30/12/2020,BANTEN,172,6,154,12,17884,15412,518,1954
31/12/2020,BANTEN,270,2,169,99,18154,15581,520,2053
01/01/2021,BANTEN,287,12,188,87,18441,15769,532,2140
02/01/2021,BANTEN,246,9,342,-105,18687,16111,541,2035
03/01/2021,BANTEN,136,2,127,7,18823,16238,543,2042
04/01/2021,BANTEN,158,4,251,-97,18981,16489,547,1945
05/01/2021,BANTEN,164,8,203,-47,19145,16692,555,1898
06/01/2021,BANTEN,189,5,131,53,19334,16823,560,1951
07/01/2021,BANTEN,364,7,211,146,19698,17034,567,2097
08/01/2021,BANTEN,253,6,213,34,19951,17247,573,2131
09/01/2021,BANTEN,275,7,166,102,20226,17413,580,2233
10/01/2021,BANTEN,272,7,209,56,20498,17622,587,2289
11/01/2021,BANTEN,177,5,196,-24,20675,17818,592,2265
12/01/2021,BANTEN,174,19,605,-450,20849,18423,611,1815
13/01/2021,BANTEN,185,7,250,-72,21034,18673,618,1743
14/01/2021,BANTEN,240,6,211,23,21274,18884,624,1766
15/01/2021,BANTEN,282,10,275,-3,21556,19159,634,1763
16/01/2021,BANTEN,257,5,176,76,21813,19335,639,1839
17/01/2021,BANTEN,283,7,224,52,22096,19559,646,1891
18/01/2021,BANTEN,245,3,422,-180,22341,19981,649,1711
19/01/2021,BANTEN,183,0,277,-94,22524,20258,649,1617
20/01/2021,BANTEN,286,8,229,49,22810,20487,657,1666
21/01/2021,BANTEN,237,3,165,69,23047,20652,660,1735
22/01/2021,BANTEN,321,3,234,84,23368,20886,663,1819
23/01/2021,BANTEN,357,10,206,141,23725,21092,673,1960
24/01/2021,BANTEN,410,3,175,232,24135,21267,676,2192
25/01/2021,BANTEN,289,4,165,120,24424,21432,680,2312
26/01/2021,BANTEN,525,7,309,209,24949,21741,687,2521
27/01/2021,BANTEN,302,6,146,150,25251,21887,693,2671
28/01/2021,BANTEN,44,8,618,-582,25295,22505,701,2089
29/01/2021,BANTEN,326,3,269,54,25621,22774,704,2143
30/01/2021,BANTEN,300,3,136,161,25921,22910,707,2304
31/01/2021,BANTEN,273,4,210,59,26194,23120,711,2363
01/02/2021,BANTEN,34,5,158,-129,26228,23278,716,2234
02/02/2021,BANTEN,37,18,542,-523,26265,23820,734,1711
03/02/2021,BANTEN,129,4,290,-165,26394,24110,738,1546
04/02/2021,BANTEN,26,5,196,-175,26420,24306,743,1371
05/02/2021,BANTEN,67,7,160,-100,26487,24466,750,1271
06/02/2021,BANTEN,47,5,245,-203,26534,24711,755,1068
07/02/2021,BANTEN,91,4,172,-85,26625,24883,759,983
08/02/2021,BANTEN,42,13,612,-583,26667,25495,772,400
09/02/2021,BANTEN,65,2,280,-217,26732,25775,774,183
10/02/2021,BANTEN,31,4,195,-168,26763,25970,778,15
11/02/2021,BANTEN,40,4,190,-154,26803,26160,782,-139
12/02/2021,BANTEN,147,1,134,12,26950,26294,783,-127
13/02/2021,BANTEN,114,9,382,-277,27064,26676,792,-404
14/02/2021,BANTEN,74,7,179,-112,27138,26855,799,-516
15/02/2021,BANTEN,179,5,258,-84,27317,27113,804,-600
16/02/2021,BANTEN,351,11,245,95,27668,27358,815,-505
17/02/2021,BANTEN,335,4,223,108,28003,27581,819,-397
18/02/2021,BANTEN,86,9,325,-248,28089,27906,828,-645
19/02/2021,BANTEN,73,2,334,-263,28162,28240,830,-908
20/02/2021,BANTEN,73,7,129,-63,28235,28369,837,-971
21/02/2021,BANTEN,249,6,107,136,28484,28476,843,-835
22/02/2021,BANTEN,114,3,246,-135,28598,28722,846,-970
23/02/2021,BANTEN,251,6,318,-73,28849,29040,852,-1043
24/02/2021,BANTEN,41,7,185,-151,28890,29225,859,-1194
25/02/2021,BANTEN,263,4,214,45,29153,29439,863,-1149
26/02/2021,BANTEN,236,3,281,-48,29389,29720,866,-1197
27/02/2021,BANTEN,37,7,178,-148,29426,29898,873,-1345
28/02/2021,BANTEN,46,4,220,-178,29472,30118,877,-1523
01/03/2021,BANTEN,21,3,194,-176,29493,30312,880,-1699
02/03/2021,BANTEN,97,2,193,-98,29590,30505,882,-1797
03/03/2021,BANTEN,73,5,245,-177,29663,30750,887,-1974
04/03/2021,BANTEN,11,5,260,-254,29674,31010,892,-2228
05/03/2021,BANTEN,515,7,184,324,30189,31194,899,-1904
06/03/2021,BANTEN,13,2,97,-86,30202,31291,901,-1990
07/03/2021,BANTEN,12,3,156,-147,30214,31447,904,-2137
08/03/2021,BANTEN,591,4,185,402,30805,31632,908,-1735
09/03/2021,BANTEN,100,3,256,-159,30905,31888,911,-1894
10/03/2021,BANTEN,138,1,159,-22,31043,32047,912,-1916
11/03/2021,BANTEN,49,1,184,-136,31092,32231,913,-2052
12/03/2021,BANTEN,484,6,83,395,31576,32314,919,-1657
13/03/2021,BANTEN,248,0,85,163,31824,32399,919,-1494
14/03/2021,BANTEN,315,2,67,246,32139,32466,921,-1248
15/03/2021,BANTEN,290,2,125,163,32429,32591,923,-1085
16/03/2021,BANTEN,247,2,132,113,32676,32723,925,-972
17/03/2021,BANTEN,861,3,249,609,33537,32972,928,-363
18/03/2021,BANTEN,293,4,80,209,33830,33052,932,-154
19/03/2021,BANTEN,325,5,80,240,34155,33132,937,86
20/03/2021,BANTEN,233,2,64,167,34388,33196,939,253
21/03/2021,BANTEN,211,0,47,164,34599,33243,939,417
22/03/2021,BANTEN,440,0,46,394,35039,33289,939,811
23/03/2021,BANTEN,298,2,76,220,35337,33365,941,1031
24/03/2021,BANTEN,259,1,165,93,35596,33530,942,1124
25/03/2021,BANTEN,91,0,47,44,35687,33577,942,1168
26/03/2021,BANTEN,176,2,51,123,35863,33628,944,1291
27/03/2021,BANTEN,220,0,71,149,36083,33699,944,1440
28/03/2021,BANTEN,79,0,29,50,36162,33728,944,1490
29/03/2021,BANTEN,328,1,90,237,36490,33818,945,1727
30/03/2021,BANTEN,319,1,90,228,36809,33908,946,1955
31/03/2021,BANTEN,950,5,701,244,37759,34609,951,2199
01/04/2021,BANTEN,905,12,751,142,38664,35360,963,2341
02/04/2021,BANTEN,850,8,364,478,39514,35724,971,2819
03/04/2021,BANTEN,910,11,154,745,40424,35878,982,3564
04/04/2021,BANTEN,3501,177,5599,-2275,43925,41477,1159,1289
05/04/2021,BANTEN,259,0,88,171,44184,41565,1159,1460
06/04/2021,BANTEN,187,0,11,176,44371,41576,1159,1636
07/04/2021,BANTEN,163,1,128,34,44534,41704,1160,1670
08/04/2021,BANTEN,121,1,38,82,44655,41742,1161,1752
09/04/2021,BANTEN,143,4,61,78,44798,41803,1165,1830
10/04/2021,BANTEN,99,2,25,72,44897,41828,1167,1902
11/04/2021,BANTEN,105,1,65,39,45002,41893,1168,1941
12/04/2021,BANTEN,331,2,205,124,45333,42098,1170,2065
13/04/2021,BANTEN,183,1,152,30,45516,42250,1171,2095
14/04/2021,BANTEN,86,1,102,-17,45602,42352,1172,2078
15/04/2021,BANTEN,81,1,95,-15,45683,42447,1173,2063
16/04/2021,BANTEN,152,3,54,95,45835,42501,1176,2158
17/04/2021,BANTEN,102,9,77,16,45937,42578,1185,2174
18/04/2021,BANTEN,50,0,249,-199,45987,42827,1185,1975
19/04/2021,BANTEN,75,1,36,38,46062,42863,1186,2013
20/04/2021,BANTEN,109,1,39,69,46171,42902,1187,2082
21/04/2021,BANTEN,70,2,167,-99,46241,43069,1189,1983
22/04/2021,BANTEN,102,1,93,8,46343,43162,1190,1991
23/04/2021,BANTEN,173,2,98,73,46516,43260,1192,2064
24/04/2021,BANTEN,58,0,122,-64,46574,43382,1192,2000
25/04/2021,BANTEN,80,2,136,-58,46654,43518,1194,1942
26/04/2021,BANTEN,220,1,170,49,46874,43688,1195,1991
27/04/2021,BANTEN,227,0,197,30,47101,43885,1195,2021
28/04/2021,BANTEN,60,0,54,6,47161,43939,1195,2027
29/04/2021,BANTEN,110,0,130,-20,47271,44069,1195,2007
30/04/2021,BANTEN,72,10,32,30,47343,44101,1205,2037
01/05/2021,BANTEN,53,0,28,25,47396,44129,1205,2062
02/05/2021,BANTEN,55,2,68,-15,47451,44197,1207,2047
03/05/2021,BANTEN,126,0,44,82,47577,44241,1207,2129
04/05/2021,BANTEN,112,4,163,-55,47689,44404,1211,2074
05/05/2021,BANTEN,73,3,193,-123,47762,44597,1214,1951
06/05/2021,BANTEN,65,1,37,27,47827,44634,1215,1978
07/05/2021,BANTEN,68,0,50,18,47895,44684,1215,1996
08/05/2021,BANTEN,81,4,32,45,47976,44716,1219,2041
09/05/2021,BANTEN,61,0,174,-113,48037,44890,1219,1928
10/05/2021,BANTEN,92,4,71,17,48129,44961,1223,1945
11/05/2021,BANTEN,82,1,45,36,48211,45006,1224,1981
12/05/2021,BANTEN,56,0,24,32,48267,45030,1224,2013
13/05/2021,BANTEN,34,0,1,33,48301,45031,1224,2046
14/05/2021,BANTEN,39,0,15,24,48340,45046,1224,2070
15/05/2021,BANTEN,22,0,99,-77,48362,45145,1224,1993
16/05/2021,BANTEN,66,2,42,22,48428,45187,1226,2015
17/05/2021,BANTEN,53,2,320,-269,48481,45507,1228,1746
18/05/2021,BANTEN,29,2,0,27,48510,45507,1230,1773
19/05/2021,BANTEN,53,1,64,-12,48563,45571,1231,1761
20/05/2021,BANTEN,87,1,344,-258,48650,45915,1232,1503
21/05/2021,BANTEN,62,2,84,-24,48712,45999,1234,1479
22/05/2021,BANTEN,66,4,100,-38,48778,46099,1238,1441
23/05/2021,BANTEN,36,2,52,-18,48814,46151,1240,1423
24/05/2021,BANTEN,49,1,51,-3,48863,46202,1241,1420
25/05/2021,BANTEN,89,2,9,78,48952,46211,1243,1498
26/05/2021,BANTEN,44,0,23,21,48996,46234,1243,1519
27/05/2021,BANTEN,156,2,45,109,49152,46279,1245,1628
28/05/2021,BANTEN,53,2,62,-11,49205,46341,1247,1617
29/05/2021,BANTEN,72,3,72,-3,49277,46413,1250,1614
30/05/2021,BANTEN,46,0,60,-14,49323,46473,1250,1600
31/05/2021,BANTEN,153,2,279,-128,49476,46752,1252,1472
01/06/2021,BANTEN,119,1,30,88,49595,46782,1253,1560
02/06/2021,BANTEN,69,0,55,14,49664,46837,1253,1574
03/06/2021,BANTEN,100,3,87,10,49764,46924,1256,1584
04/06/2021,BANTEN,142,3,23,116,49906,46947,1259,1700
05/06/2021,BANTEN,89,2,33,54,49995,46980,1261,1754
06/06/2021,BANTEN,47,0,32,15,50042,47012,1261,1769
07/06/2021,BANTEN,100,0,42,58,50142,47054,1261,1827
08/06/2021,BANTEN,142,4,86,52,50284,47140,1265,1879
09/06/2021,BANTEN,103,1,25,77,50387,47165,1266,1956
10/06/2021,BANTEN,188,4,50,134,50575,47215,1270,2090
11/06/2021,BANTEN,214,2,162,50,50789,47377,1272,2140
12/06/2021,BANTEN,214,3,84,127,51003,47461,1275,2267
13/06/2021,BANTEN,198,4,50,144,51201,47511,1279,2411
31/03/2020,NUSA TENGGARA BARAT,2,0,0,2,2,0,0,2
01/04/2020,NUSA TENGGARA BARAT,2,0,0,2,4,0,0,4
02/04/2020,NUSA TENGGARA BARAT,0,0,0,0,4,0,0,4
03/04/2020,NUSA TENGGARA BARAT,0,0,0,0,4,0,0,4
04/04/2020,NUSA TENGGARA BARAT,0,0,0,0,4,0,0,4
05/04/2020,NUSA TENGGARA BARAT,0,0,0,0,4,0,0,4
06/04/2020,NUSA TENGGARA BARAT,3,0,0,3,7,0,0,7
07/04/2020,NUSA TENGGARA BARAT,0,0,0,0,7,0,0,7
08/04/2020,NUSA TENGGARA BARAT,0,0,0,0,7,0,0,7
09/04/2020,NUSA TENGGARA BARAT,6,0,2,4,13,2,0,11
10/04/2020,NUSA TENGGARA BARAT,9,0,0,9,22,2,0,20
11/04/2020,NUSA TENGGARA BARAT,2,2,0,0,24,2,2,20
12/04/2020,NUSA TENGGARA BARAT,9,0,0,9,33,2,2,29
13/04/2020,NUSA TENGGARA BARAT,3,0,0,3,36,2,2,32
14/04/2020,NUSA TENGGARA BARAT,0,0,0,0,36,2,2,32
15/04/2020,NUSA TENGGARA BARAT,0,0,0,0,36,2,2,32
16/04/2020,NUSA TENGGARA BARAT,8,0,0,8,44,2,2,40
17/04/2020,NUSA TENGGARA BARAT,6,0,0,6,50,2,2,46
18/04/2020,NUSA TENGGARA BARAT,4,0,0,4,54,2,2,50
19/04/2020,NUSA TENGGARA BARAT,6,1,9,-4,60,11,3,46
20/04/2020,NUSA TENGGARA BARAT,11,1,0,10,71,11,4,56
21/04/2020,NUSA TENGGARA BARAT,21,0,0,21,92,11,4,77
22/04/2020,NUSA TENGGARA BARAT,15,0,0,15,107,11,4,92
23/04/2020,NUSA TENGGARA BARAT,7,0,2,5,114,13,4,97
24/04/2020,NUSA TENGGARA BARAT,38,0,2,36,152,15,4,133
25/04/2020,NUSA TENGGARA BARAT,28,0,5,23,180,20,4,156
26/04/2020,NUSA TENGGARA BARAT,15,0,0,15,195,20,4,171
27/04/2020,NUSA TENGGARA BARAT,11,0,2,9,206,22,4,180
28/04/2020,NUSA TENGGARA BARAT,15,0,2,13,221,24,4,193
29/04/2020,NUSA TENGGARA BARAT,9,0,7,2,230,31,4,195
30/04/2020,NUSA TENGGARA BARAT,0,0,0,0,230,31,4,195
01/05/2020,NUSA TENGGARA BARAT,3,0,0,3,233,31,4,198
02/05/2020,NUSA TENGGARA BARAT,17,0,1,16,250,32,4,214
03/05/2020,NUSA TENGGARA BARAT,18,0,4,14,268,36,4,228
04/05/2020,NUSA TENGGARA BARAT,0,0,0,0,268,36,4,228
05/05/2020,NUSA TENGGARA BARAT,16,0,10,6,284,46,4,234
06/05/2020,NUSA TENGGARA BARAT,5,1,7,-3,289,53,5,231
07/05/2020,NUSA TENGGARA BARAT,11,0,4,7,300,57,5,238
08/05/2020,NUSA TENGGARA BARAT,12,0,22,-10,312,79,5,228
09/05/2020,NUSA TENGGARA BARAT,18,1,7,10,330,86,6,238
10/05/2020,NUSA TENGGARA BARAT,0,0,5,-5,330,91,6,233
11/05/2020,NUSA TENGGARA BARAT,1,0,13,-12,331,104,6,221
12/05/2020,NUSA TENGGARA BARAT,8,0,0,8,339,104,6,229
13/05/2020,NUSA TENGGARA BARAT,5,1,9,-5,344,113,7,224
14/05/2020,NUSA TENGGARA BARAT,6,0,24,-18,350,137,7,206
15/05/2020,NUSA TENGGARA BARAT,8,0,50,-42,358,187,7,164
16/05/2020,NUSA TENGGARA BARAT,7,0,0,7,365,187,7,171
17/05/2020,NUSA TENGGARA BARAT,6,0,12,-6,371,199,7,165
18/05/2020,NUSA TENGGARA BARAT,4,0,13,-9,375,212,7,156
19/05/2020,NUSA TENGGARA BARAT,0,0,0,0,375,212,7,156
20/05/2020,NUSA TENGGARA BARAT,18,0,0,18,393,212,7,174
21/05/2020,NUSA TENGGARA BARAT,17,0,4,13,410,216,7,187
22/05/2020,NUSA TENGGARA BARAT,54,0,3,51,464,219,7,238
23/05/2020,NUSA TENGGARA BARAT,10,1,7,2,474,226,8,240
24/05/2020,NUSA TENGGARA BARAT,4,0,0,4,478,226,8,244
25/05/2020,NUSA TENGGARA BARAT,0,0,31,-31,478,257,8,213
26/05/2020,NUSA TENGGARA BARAT,10,0,0,10,488,257,8,223
27/05/2020,NUSA TENGGARA BARAT,49,1,14,34,537,271,9,257
28/05/2020,NUSA TENGGARA BARAT,25,1,1,23,562,272,10,280
29/05/2020,NUSA TENGGARA BARAT,28,0,3,25,590,275,10,305
30/05/2020,NUSA TENGGARA BARAT,4,0,3,1,594,278,10,306
31/05/2020,NUSA TENGGARA BARAT,42,0,12,30,636,290,10,336
01/06/2020,NUSA TENGGARA BARAT,16,0,1,15,652,291,10,351
02/06/2020,NUSA TENGGARA BARAT,18,2,0,16,670,291,12,367
03/06/2020,NUSA TENGGARA BARAT,15,1,5,9,685,296,13,376
04/06/2020,NUSA TENGGARA BARAT,20,4,2,14,705,298,17,390
05/06/2020,NUSA TENGGARA BARAT,52,3,0,49,757,298,20,439
06/06/2020,NUSA TENGGARA BARAT,41,1,12,28,798,310,21,467
07/06/2020,NUSA TENGGARA BARAT,10,0,14,-4,808,324,21,463
08/06/2020,NUSA TENGGARA BARAT,14,1,0,13,822,324,22,476
09/06/2020,NUSA TENGGARA BARAT,8,3,0,5,830,324,25,481
10/06/2020,NUSA TENGGARA BARAT,27,3,78,-54,857,402,28,427
11/06/2020,NUSA TENGGARA BARAT,11,3,44,-36,868,446,31,391
12/06/2020,NUSA TENGGARA BARAT,23,0,72,-49,891,518,31,342
13/06/2020,NUSA TENGGARA BARAT,13,2,21,-10,904,539,33,332
14/06/2020,NUSA TENGGARA BARAT,11,0,36,-25,915,575,33,307
15/06/2020,NUSA TENGGARA BARAT,22,2,31,-11,937,606,35,296
16/06/2020,NUSA TENGGARA BARAT,20,0,15,5,957,621,35,301
17/06/2020,NUSA TENGGARA BARAT,21,6,30,-15,978,651,41,286
18/06/2020,NUSA TENGGARA BARAT,30,2,20,8,1008,671,43,294
19/06/2020,NUSA TENGGARA BARAT,14,0,19,-5,1022,690,43,289
20/06/2020,NUSA TENGGARA BARAT,29,1,33,-5,1051,723,44,284
21/06/2020,NUSA TENGGARA BARAT,5,0,7,-2,1056,730,44,282
22/06/2020,NUSA TENGGARA BARAT,11,1,13,-3,1067,743,45,279
23/06/2020,NUSA TENGGARA BARAT,14,0,8,6,1081,751,45,285
24/06/2020,NUSA TENGGARA BARAT,21,2,19,0,1102,770,47,285
25/06/2020,NUSA TENGGARA BARAT,17,2,6,9,1119,776,49,294
26/06/2020,NUSA TENGGARA BARAT,23,0,11,12,1142,787,49,306
27/06/2020,NUSA TENGGARA BARAT,21,1,5,15,1163,792,50,321
28/06/2020,NUSA TENGGARA BARAT,36,9,19,8,1199,811,59,329
29/06/2020,NUSA TENGGARA BARAT,14,0,6,8,1213,817,59,337
30/06/2020,NUSA TENGGARA BARAT,21,1,8,12,1234,825,60,349
01/07/2020,NUSA TENGGARA BARAT,11,3,7,1,1245,832,63,350
02/07/2020,NUSA TENGGARA BARAT,15,0,11,4,1260,843,63,354
03/07/2020,NUSA TENGGARA BARAT,23,0,25,-2,1283,868,63,352
04/07/2020,NUSA TENGGARA BARAT,28,1,6,21,1311,874,64,373
05/07/2020,NUSA TENGGARA BARAT,18,0,9,9,1329,883,64,382
06/07/2020,NUSA TENGGARA BARAT,32,0,7,25,1361,890,64,407
07/07/2020,NUSA TENGGARA BARAT,30,1,8,21,1391,898,65,428
08/07/2020,NUSA TENGGARA BARAT,23,6,23,-6,1414,921,71,422
09/07/2020,NUSA TENGGARA BARAT,29,1,12,16,1443,933,72,438
10/07/2020,NUSA TENGGARA BARAT,36,2,14,20,1479,947,74,458
11/07/2020,NUSA TENGGARA BARAT,39,0,14,25,1518,961,74,483
12/07/2020,NUSA TENGGARA BARAT,30,3,13,14,1548,974,77,497
13/07/2020,NUSA TENGGARA BARAT,23,4,22,-3,1571,996,81,494
14/07/2020,NUSA TENGGARA BARAT,21,1,24,-4,1592,1020,82,490
15/07/2020,NUSA TENGGARA BARAT,26,3,14,9,1618,1034,85,499
16/07/2020,NUSA TENGGARA BARAT,30,0,27,3,1648,1061,85,502
17/07/2020,NUSA TENGGARA BARAT,21,1,11,9,1669,1072,86,511
18/07/2020,NUSA TENGGARA BARAT,25,3,13,9,1694,1085,89,520
19/07/2020,NUSA TENGGARA BARAT,31,5,19,7,1725,1104,94,527
20/07/2020,NUSA TENGGARA BARAT,34,2,1,31,1759,1105,96,558
21/07/2020,NUSA TENGGARA BARAT,18,2,14,2,1777,1119,98,560
22/07/2020,NUSA TENGGARA BARAT,12,0,10,2,1789,1129,98,562
23/07/2020,NUSA TENGGARA BARAT,33,0,13,20,1822,1142,98,582
24/07/2020,NUSA TENGGARA BARAT,28,5,16,7,1850,1158,103,589
25/07/2020,NUSA TENGGARA BARAT,33,0,13,20,1883,1171,103,609
26/07/2020,NUSA TENGGARA BARAT,20,1,22,-3,1903,1193,104,606
27/07/2020,NUSA TENGGARA BARAT,23,3,21,-1,1926,1214,107,605
28/07/2020,NUSA TENGGARA BARAT,20,1,6,13,1946,1220,108,618
29/07/2020,NUSA TENGGARA BARAT,40,0,30,10,1986,1250,108,628
30/07/2020,NUSA TENGGARA BARAT,36,0,12,24,2022,1262,108,652
31/07/2020,NUSA TENGGARA BARAT,43,2,24,17,2065,1286,110,669
01/08/2020,NUSA TENGGARA BARAT,0,0,0,0,2065,1286,110,669
02/08/2020,NUSA TENGGARA BARAT,50,5,26,19,2115,1312,115,688
03/08/2020,NUSA TENGGARA BARAT,35,2,9,24,2150,1321,117,712
04/08/2020,NUSA TENGGARA BARAT,21,2,11,8,2171,1332,119,720
05/08/2020,NUSA TENGGARA BARAT,26,2,29,-5,2197,1361,121,715
06/08/2020,NUSA TENGGARA BARAT,27,1,15,11,2224,1376,122,726
07/08/2020,NUSA TENGGARA BARAT,15,0,27,-12,2239,1403,122,714
08/08/2020,NUSA TENGGARA BARAT,24,1,8,15,2263,1411,123,729
09/08/2020,NUSA TENGGARA BARAT,27,0,14,13,2290,1425,123,742
10/08/2020,NUSA TENGGARA BARAT,26,2,10,14,2316,1435,125,756
11/08/2020,NUSA TENGGARA BARAT,22,3,55,-36,2338,1490,128,720
12/08/2020,NUSA TENGGARA BARAT,24,1,54,-31,2362,1544,129,689
13/08/2020,NUSA TENGGARA BARAT,13,0,48,-35,2375,1592,129,654
14/08/2020,NUSA TENGGARA BARAT,24,0,18,6,2399,1610,129,660
15/08/2020,NUSA TENGGARA BARAT,22,2,15,5,2421,1625,131,665
16/08/2020,NUSA TENGGARA BARAT,15,0,20,-5,2436,1645,131,660
17/08/2020,NUSA TENGGARA BARAT,22,1,13,8,2458,1658,132,668
18/08/2020,NUSA TENGGARA BARAT,23,2,19,2,2481,1677,134,670
19/08/2020,NUSA TENGGARA BARAT,24,1,21,2,2505,1698,135,672
20/08/2020,NUSA TENGGARA BARAT,21,1,29,-9,2526,1727,136,663
21/08/2020,NUSA TENGGARA BARAT,24,2,110,-88,2550,1837,138,575
22/08/2020,NUSA TENGGARA BARAT,14,3,26,-15,2564,1863,141,560
23/08/2020,NUSA TENGGARA BARAT,18,2,15,1,2582,1878,143,561
24/08/2020,NUSA TENGGARA BARAT,14,5,8,1,2596,1886,148,562
25/08/2020,NUSA TENGGARA BARAT,17,2,18,-3,2613,1904,150,559
26/08/2020,NUSA TENGGARA BARAT,28,2,16,10,2641,1920,152,569
27/08/2020,NUSA TENGGARA BARAT,21,3,21,-3,2662,1941,155,566
28/08/2020,NUSA TENGGARA BARAT,23,1,27,-5,2685,1968,156,561
29/08/2020,NUSA TENGGARA BARAT,42,0,27,15,2727,1995,156,576
30/08/2020,NUSA TENGGARA BARAT,1,1,24,-24,2728,2019,157,552
31/08/2020,NUSA TENGGARA BARAT,14,2,28,-16,2742,2047,159,536
01/09/2020,NUSA TENGGARA BARAT,16,3,28,-15,2758,2075,162,521
02/09/2020,NUSA TENGGARA BARAT,14,0,29,-15,2772,2104,162,506
03/09/2020,NUSA TENGGARA BARAT,14,0,12,2,2786,2116,162,508
04/09/2020,NUSA TENGGARA BARAT,9,3,14,-8,2795,2130,165,500
05/09/2020,NUSA TENGGARA BARAT,33,2,25,6,2828,2155,167,506
06/09/2020,NUSA TENGGARA BARAT,19,1,21,-3,2847,2176,168,503
07/09/2020,NUSA TENGGARA BARAT,8,1,16,-9,2855,2192,169,494
08/09/2020,NUSA TENGGARA BARAT,20,2,19,-1,2875,2211,171,493
09/09/2020,NUSA TENGGARA BARAT,15,0,25,-10,2890,2236,171,483
10/09/2020,NUSA TENGGARA BARAT,11,0,31,-20,2901,2267,171,463
11/09/2020,NUSA TENGGARA BARAT,9,1,19,-11,2910,2286,172,452
12/09/2020,NUSA TENGGARA BARAT,13,0,26,-13,2923,2312,172,439
13/09/2020,NUSA TENGGARA BARAT,16,1,9,6,2939,2321,173,445
14/09/2020,NUSA TENGGARA BARAT,22,0,23,-1,2961,2344,173,444
15/09/2020,NUSA TENGGARA BARAT,20,1,9,10,2981,2353,174,454
16/09/2020,NUSA TENGGARA BARAT,9,0,13,-4,2990,2366,174,450
17/09/2020,NUSA TENGGARA BARAT,19,3,20,-4,3009,2386,177,446
18/09/2020,NUSA TENGGARA BARAT,20,2,11,7,3029,2397,179,453
19/09/2020,NUSA TENGGARA BARAT,53,3,22,28,3082,2419,182,481
20/09/2020,NUSA TENGGARA BARAT,19,0,12,7,3101,2431,182,488
21/09/2020,NUSA TENGGARA BARAT,25,3,12,10,3126,2443,185,498
22/09/2020,NUSA TENGGARA BARAT,11,2,15,-6,3137,2458,187,492
23/09/2020,NUSA TENGGARA BARAT,24,0,20,4,3161,2478,187,496
24/09/2020,NUSA TENGGARA BARAT,39,3,20,16,3200,2498,190,512
25/09/2020,NUSA TENGGARA BARAT,18,2,39,-23,3218,2537,192,489
26/09/2020,NUSA TENGGARA BARAT,28,0,11,17,3246,2548,192,506
27/09/2020,NUSA TENGGARA BARAT,19,2,8,9,3265,2556,194,515
28/09/2020,NUSA TENGGARA BARAT,17,1,4,12,3282,2560,195,527
29/09/2020,NUSA TENGGARA BARAT,7,0,39,-32,3289,2599,195,495
30/09/2020,NUSA TENGGARA BARAT,27,1,40,-14,3316,2639,196,481
01/10/2020,NUSA TENGGARA BARAT,30,2,14,14,3346,2653,198,495
02/10/2020,NUSA TENGGARA BARAT,26,2,7,17,3372,2660,200,512
03/10/2020,NUSA TENGGARA BARAT,22,2,17,3,3394,2677,202,515
04/10/2020,NUSA TENGGARA BARAT,26,1,10,15,3420,2687,203,530
05/10/2020,NUSA TENGGARA BARAT,21,0,20,1,3441,2707,203,531
06/10/2020,NUSA TENGGARA BARAT,23,0,33,-10,3464,2740,203,521
07/10/2020,NUSA TENGGARA BARAT,7,0,18,-11,3471,2758,203,510
08/10/2020,NUSA TENGGARA BARAT,14,0,13,1,3485,2771,203,511
09/10/2020,NUSA TENGGARA BARAT,28,2,22,4,3513,2793,205,515
10/10/2020,NUSA TENGGARA BARAT,7,1,7,-1,3520,2800,206,514
11/10/2020,NUSA TENGGARA BARAT,19,0,7,12,3539,2807,206,526
12/10/2020,NUSA TENGGARA BARAT,15,0,7,8,3554,2814,206,534
13/10/2020,NUSA TENGGARA BARAT,8,0,72,-64,3562,2886,206,470
14/10/2020,NUSA TENGGARA BARAT,26,2,51,-27,3588,2937,208,443
15/10/2020,NUSA TENGGARA BARAT,25,0,15,10,3613,2952,208,453
16/10/2020,NUSA TENGGARA BARAT,33,0,19,14,3646,2971,208,467
17/10/2020,NUSA TENGGARA BARAT,27,1,24,2,3673,2995,209,469
18/10/2020,NUSA TENGGARA BARAT,31,0,11,20,3704,3006,209,489
19/10/2020,NUSA TENGGARA BARAT,28,2,6,20,3732,3012,211,509
20/10/2020,NUSA TENGGARA BARAT,21,2,10,9,3753,3022,213,518
21/10/2020,NUSA TENGGARA BARAT,32,1,14,17,3785,3036,214,535
22/10/2020,NUSA TENGGARA BARAT,25,1,42,-18,3810,3078,215,517
23/10/2020,NUSA TENGGARA BARAT,20,1,27,-8,3830,3105,216,509
24/10/2020,NUSA TENGGARA BARAT,6,1,14,-9,3836,3119,217,500
25/10/2020,NUSA TENGGARA BARAT,22,2,16,4,3858,3135,219,504
26/10/2020,NUSA TENGGARA BARAT,26,0,22,4,3884,3157,219,508
27/10/2020,NUSA TENGGARA BARAT,29,0,32,-3,3913,3189,219,505
28/10/2020,NUSA TENGGARA BARAT,27,0,32,-5,3940,3221,219,500
29/10/2020,NUSA TENGGARA BARAT,10,0,31,-21,3950,3252,219,479
30/10/2020,NUSA TENGGARA BARAT,16,1,4,11,3966,3256,220,490
31/10/2020,NUSA TENGGARA BARAT,6,1,3,2,3972,3259,221,492
01/11/2020,NUSA TENGGARA BARAT,24,0,5,19,3996,3264,221,511
02/11/2020,NUSA TENGGARA BARAT,2,1,9,-8,3998,3273,222,503
03/11/2020,NUSA TENGGARA BARAT,18,0,23,-5,4016,3296,222,498
04/11/2020,NUSA TENGGARA BARAT,26,2,59,-35,4042,3355,224,463
05/11/2020,NUSA TENGGARA BARAT,54,1,78,-25,4096,3433,225,438
06/11/2020,NUSA TENGGARA BARAT,21,2,27,-8,4117,3460,227,430
07/11/2020,NUSA TENGGARA BARAT,32,0,17,15,4149,3477,227,445
08/11/2020,NUSA TENGGARA BARAT,46,2,61,-17,4195,3538,229,428
09/11/2020,NUSA TENGGARA BARAT,44,0,3,41,4239,3541,229,469
10/11/2020,NUSA TENGGARA BARAT,11,0,0,11,4250,3541,229,480
11/11/2020,NUSA TENGGARA BARAT,36,0,0,36,4286,3541,229,516
12/11/2020,NUSA TENGGARA BARAT,28,0,0,28,4314,3541,229,544
13/11/2020,NUSA TENGGARA BARAT,48,0,0,48,4362,3541,229,592
14/11/2020,NUSA TENGGARA BARAT,27,0,0,27,4389,3541,229,619
15/11/2020,NUSA TENGGARA BARAT,14,0,0,14,4403,3541,229,633
16/11/2020,NUSA TENGGARA BARAT,0,0,0,0,4403,3541,229,633
17/11/2020,NUSA TENGGARA BARAT,4,0,3,1,4407,3544,229,634
18/11/2020,NUSA TENGGARA BARAT,21,1,10,10,4428,3554,230,644
19/11/2020,NUSA TENGGARA BARAT,16,0,14,2,4444,3568,230,646
20/11/2020,NUSA TENGGARA BARAT,39,4,22,13,4483,3590,234,659
21/11/2020,NUSA TENGGARA BARAT,28,0,2,26,4511,3592,234,685
22/11/2020,NUSA TENGGARA BARAT,10,0,30,-20,4521,3622,234,665
23/11/2020,NUSA TENGGARA BARAT,15,1,3,11,4536,3625,235,676
24/11/2020,NUSA TENGGARA BARAT,14,0,9,5,4550,3634,235,681
25/11/2020,NUSA TENGGARA BARAT,10,2,32,-24,4560,3666,237,657
26/11/2020,NUSA TENGGARA BARAT,17,0,21,-4,4577,3687,237,653
27/11/2020,NUSA TENGGARA BARAT,38,1,13,24,4615,3700,238,677
28/11/2020,NUSA TENGGARA BARAT,32,1,17,14,4647,3717,239,691
29/11/2020,NUSA TENGGARA BARAT,24,1,8,15,4671,3725,240,706
30/11/2020,NUSA TENGGARA BARAT,8,2,4,2,4679,3729,242,708
01/12/2020,NUSA TENGGARA BARAT,18,1,36,-19,4697,3765,243,689
02/12/2020,NUSA TENGGARA BARAT,22,1,49,-28,4719,3814,244,661
03/12/2020,NUSA TENGGARA BARAT,12,1,51,-40,4731,3865,245,621
04/12/2020,NUSA TENGGARA BARAT,33,2,103,-72,4764,3968,247,549
05/12/2020,NUSA TENGGARA BARAT,27,0,66,-39,4791,4034,247,510
06/12/2020,NUSA TENGGARA BARAT,14,1,32,-19,4805,4066,248,491
07/12/2020,NUSA TENGGARA BARAT,25,2,14,9,4830,4080,250,500
08/12/2020,NUSA TENGGARA BARAT,9,1,18,-10,4839,4098,251,490
09/12/2020,NUSA TENGGARA BARAT,57,1,22,34,4896,4120,252,524
10/12/2020,NUSA TENGGARA BARAT,20,0,19,1,4916,4139,252,525
11/12/2020,NUSA TENGGARA BARAT,34,0,14,20,4950,4153,252,545
12/12/2020,NUSA TENGGARA BARAT,37,1,28,8,4987,4181,253,553
13/12/2020,NUSA TENGGARA BARAT,29,2,16,11,5016,4197,255,564
14/12/2020,NUSA TENGGARA BARAT,47,0,4,43,5063,4201,255,607
15/12/2020,NUSA TENGGARA BARAT,34,2,19,13,5097,4220,257,620
16/12/2020,NUSA TENGGARA BARAT,33,0,10,23,5130,4230,257,643
17/12/2020,NUSA TENGGARA BARAT,31,0,0,31,5161,4230,257,674
18/12/2020,NUSA TENGGARA BARAT,19,0,0,19,5180,4230,257,693
19/12/2020,NUSA TENGGARA BARAT,35,1,26,8,5215,4256,258,701
20/12/2020,NUSA TENGGARA BARAT,23,0,10,13,5238,4266,258,714
21/12/2020,NUSA TENGGARA BARAT,57,2,1,54,5295,4267,260,768
22/12/2020,NUSA TENGGARA BARAT,39,0,36,3,5334,4303,260,771
23/12/2020,NUSA TENGGARA BARAT,22,0,23,-1,5356,4326,260,770
24/12/2020,NUSA TENGGARA BARAT,42,0,35,7,5398,4361,260,777
25/12/2020,NUSA TENGGARA BARAT,24,0,5,19,5422,4366,260,796
26/12/2020,NUSA TENGGARA BARAT,32,0,18,14,5454,4384,260,810
27/12/2020,NUSA TENGGARA BARAT,16,0,25,-9,5470,4409,260,801
28/12/2020,NUSA TENGGARA BARAT,53,0,5,48,5523,4414,260,849
29/12/2020,NUSA TENGGARA BARAT,11,0,36,-25,5534,4450,260,824
30/12/2020,NUSA TENGGARA BARAT,65,0,60,5,5599,4510,260,829
31/12/2020,NUSA TENGGARA BARAT,65,0,48,17,5664,4558,260,846
01/01/2021,NUSA TENGGARA BARAT,60,0,20,40,5724,4578,260,886
02/01/2021,NUSA TENGGARA BARAT,59,2,39,18,5783,4617,262,904
03/01/2021,NUSA TENGGARA BARAT,21,0,14,7,5804,4631,262,911
04/01/2021,NUSA TENGGARA BARAT,43,0,13,30,5847,4644,262,941
05/01/2021,NUSA TENGGARA BARAT,13,0,0,13,5860,4644,262,954
06/01/2021,NUSA TENGGARA BARAT,42,1,12,29,5902,4656,263,983
07/01/2021,NUSA TENGGARA BARAT,59,0,46,13,5961,4702,263,996
08/01/2021,NUSA TENGGARA BARAT,37,0,102,-65,5998,4804,263,931
09/01/2021,NUSA TENGGARA BARAT,70,0,88,-18,6068,4892,263,913
10/01/2021,NUSA TENGGARA BARAT,68,0,98,-30,6136,4990,263,883
11/01/2021,NUSA TENGGARA BARAT,43,0,72,-29,6179,5062,263,854
12/01/2021,NUSA TENGGARA BARAT,58,0,1,57,6237,5063,263,911
13/01/2021,NUSA TENGGARA BARAT,33,0,29,4,6270,5092,263,915
14/01/2021,NUSA TENGGARA BARAT,83,0,28,55,6353,5120,263,970
15/01/2021,NUSA TENGGARA BARAT,58,0,17,41,6411,5137,263,1011
16/01/2021,NUSA TENGGARA BARAT,72,0,14,58,6483,5151,263,1069
17/01/2021,NUSA TENGGARA BARAT,60,0,33,27,6543,5184,263,1096
18/01/2021,NUSA TENGGARA BARAT,35,1,40,-6,6578,5224,264,1090
19/01/2021,NUSA TENGGARA BARAT,65,2,23,40,6643,5247,266,1130
20/01/2021,NUSA TENGGARA BARAT,64,0,45,19,6707,5292,266,1149
21/01/2021,NUSA TENGGARA BARAT,90,3,97,-10,6797,5389,269,1139
22/01/2021,NUSA TENGGARA BARAT,55,1,68,-14,6852,5457,270,1125
23/01/2021,NUSA TENGGARA BARAT,88,1,33,54,6940,5490,271,1179
24/01/2021,NUSA TENGGARA BARAT,83,0,28,55,7023,5518,271,1234
25/01/2021,NUSA TENGGARA BARAT,57,0,25,32,7080,5543,271,1266
26/01/2021,NUSA TENGGARA BARAT,50,0,33,17,7130,5576,271,1283
27/01/2021,NUSA TENGGARA BARAT,107,0,50,57,7237,5626,271,1340
28/01/2021,NUSA TENGGARA BARAT,100,0,22,78,7337,5648,271,1418
29/01/2021,NUSA TENGGARA BARAT,83,3,37,43,7420,5685,274,1461
30/01/2021,NUSA TENGGARA BARAT,58,1,46,11,7478,5731,275,1472
31/01/2021,NUSA TENGGARA BARAT,96,4,42,50,7574,5773,279,1522
01/02/2021,NUSA TENGGARA BARAT,48,1,57,-10,7622,5830,280,1512
02/02/2021,NUSA TENGGARA BARAT,0,0,118,-118,7622,5948,280,1394
03/02/2021,NUSA TENGGARA BARAT,6,4,11,-9,7628,5959,284,1385
04/02/2021,NUSA TENGGARA BARAT,0,0,36,-36,7628,5995,284,1349
05/02/2021,NUSA TENGGARA BARAT,1,2,1,-2,7629,5996,286,1347
06/02/2021,NUSA TENGGARA BARAT,22,23,45,-46,7651,6041,309,1301
07/02/2021,NUSA TENGGARA BARAT,0,0,12,-12,7651,6053,309,1289
08/02/2021,NUSA TENGGARA BARAT,141,2,110,29,7792,6163,311,1318
09/02/2021,NUSA TENGGARA BARAT,87,22,110,-45,7879,6273,333,1273
10/02/2021,NUSA TENGGARA BARAT,90,1,53,36,7969,6326,334,1309
11/02/2021,NUSA TENGGARA BARAT,63,0,12,51,8032,6338,334,1360
12/02/2021,NUSA TENGGARA BARAT,36,1,78,-43,8068,6416,335,1317
13/02/2021,NUSA TENGGARA BARAT,17,0,58,-41,8085,6474,335,1276
14/02/2021,NUSA TENGGARA BARAT,13,1,75,-63,8098,6549,336,1213
15/02/2021,NUSA TENGGARA BARAT,3,0,11,-8,8101,6560,336,1205
16/02/2021,NUSA TENGGARA BARAT,57,0,12,45,8158,6572,336,1250
17/02/2021,NUSA TENGGARA BARAT,61,0,18,43,8219,6590,336,1293
18/02/2021,NUSA TENGGARA BARAT,38,0,16,22,8257,6606,336,1315
19/02/2021,NUSA TENGGARA BARAT,58,0,11,47,8315,6617,336,1362
20/02/2021,NUSA TENGGARA BARAT,39,0,18,21,8354,6635,336,1383
21/02/2021,NUSA TENGGARA BARAT,50,0,6,44,8404,6641,336,1427
22/02/2021,NUSA TENGGARA BARAT,75,0,3,72,8479,6644,336,1499
23/02/2021,NUSA TENGGARA BARAT,33,1,60,-28,8512,6704,337,1471
24/02/2021,NUSA TENGGARA BARAT,20,0,25,-5,8532,6729,337,1466
25/02/2021,NUSA TENGGARA BARAT,44,1,107,-64,8576,6836,338,1402
26/02/2021,NUSA TENGGARA BARAT,65,0,121,-56,8641,6957,338,1346
27/02/2021,NUSA TENGGARA BARAT,32,0,28,4,8673,6985,338,1350
28/02/2021,NUSA TENGGARA BARAT,67,3,70,-6,8740,7055,341,1344
01/03/2021,NUSA TENGGARA BARAT,50,1,23,26,8790,7078,342,1370
02/03/2021,NUSA TENGGARA BARAT,5,0,14,-9,8795,7092,342,1361
03/03/2021,NUSA TENGGARA BARAT,9,0,18,-9,8804,7110,342,1352
04/03/2021,NUSA TENGGARA BARAT,6,1,3,2,8810,7113,343,1354
05/03/2021,NUSA TENGGARA BARAT,41,1,1,39,8851,7114,344,1393
06/03/2021,NUSA TENGGARA BARAT,3,1,26,-24,8854,7140,345,1369
07/03/2021,NUSA TENGGARA BARAT,16,0,1,15,8870,7141,345,1384
08/03/2021,NUSA TENGGARA BARAT,2,1,1,0,8872,7142,346,1384
09/03/2021,NUSA TENGGARA BARAT,11,0,5,6,8883,7147,346,1390
10/03/2021,NUSA TENGGARA BARAT,25,0,99,-74,8908,7246,346,1316
11/03/2021,NUSA TENGGARA BARAT,0,0,6,-6,8908,7252,346,1310
12/03/2021,NUSA TENGGARA BARAT,1,1,0,0,8909,7252,347,1310
13/03/2021,NUSA TENGGARA BARAT,20,0,12,8,8929,7264,347,1318
14/03/2021,NUSA TENGGARA BARAT,69,0,0,69,8998,7264,347,1387
15/03/2021,NUSA TENGGARA BARAT,42,1,10,31,9040,7274,348,1418
16/03/2021,NUSA TENGGARA BARAT,1,0,0,1,9041,7274,348,1419
17/03/2021,NUSA TENGGARA BARAT,34,0,1,33,9075,7275,348,1452
18/03/2021,NUSA TENGGARA BARAT,67,0,28,39,9142,7303,348,1491
19/03/2021,NUSA TENGGARA BARAT,28,0,16,12,9170,7319,348,1503
20/03/2021,NUSA TENGGARA BARAT,41,2,2,37,9211,7321,350,1540
21/03/2021,NUSA TENGGARA BARAT,33,0,8,25,9244,7329,350,1565
22/03/2021,NUSA TENGGARA BARAT,64,1,50,13,9308,7379,351,1578
23/03/2021,NUSA TENGGARA BARAT,15,0,2,13,9323,7381,351,1591
24/03/2021,NUSA TENGGARA BARAT,38,0,5,33,9361,7386,351,1624
25/03/2021,NUSA TENGGARA BARAT,41,0,13,28,9402,7399,351,1652
26/03/2021,NUSA TENGGARA BARAT,17,0,1,16,9419,7400,351,1668
27/03/2021,NUSA TENGGARA BARAT,35,3,6,26,9454,7406,354,1694
28/03/2021,NUSA TENGGARA BARAT,6,0,0,6,9460,7406,354,1700
29/03/2021,NUSA TENGGARA BARAT,32,2,12,18,9492,7418,356,1718
30/03/2021,NUSA TENGGARA BARAT,60,4,75,-19,9552,7493,360,1699
31/03/2021,NUSA TENGGARA BARAT,42,0,12,30,9594,7505,360,1729
01/04/2021,NUSA TENGGARA BARAT,15,2,3,10,9609,7508,362,1739
02/04/2021,NUSA TENGGARA BARAT,17,0,8,9,9626,7516,362,1748
03/04/2021,NUSA TENGGARA BARAT,21,0,0,21,9647,7516,362,1769
04/04/2021,NUSA TENGGARA BARAT,19,1,0,18,9666,7516,363,1787
05/04/2021,NUSA TENGGARA BARAT,32,2,0,30,9698,7516,365,1817
06/04/2021,NUSA TENGGARA BARAT,7,1,1,5,9705,7517,366,1822
07/04/2021,NUSA TENGGARA BARAT,26,0,10,16,9731,7527,366,1838
08/04/2021,NUSA TENGGARA BARAT,43,1,5,37,9774,7532,367,1875
09/04/2021,NUSA TENGGARA BARAT,25,0,0,25,9799,7532,367,1900
10/04/2021,NUSA TENGGARA BARAT,17,0,20,-3,9816,7552,367,1897
11/04/2021,NUSA TENGGARA BARAT,19,0,3,16,9835,7555,367,1913
12/04/2021,NUSA TENGGARA BARAT,32,0,0,32,9867,7555,367,1945
13/04/2021,NUSA TENGGARA BARAT,5,1,52,-48,9872,7607,368,1897
14/04/2021,NUSA TENGGARA BARAT,20,0,4,16,9892,7611,368,1913
15/04/2021,NUSA TENGGARA BARAT,31,0,0,31,9923,7611,368,1944
16/04/2021,NUSA TENGGARA BARAT,86,0,4,82,10009,7615,368,2026
17/04/2021,NUSA TENGGARA BARAT,33,4,27,2,10042,7642,372,2028
18/04/2021,NUSA TENGGARA BARAT,0,0,1,-1,10042,7643,372,2027
19/04/2021,NUSA TENGGARA BARAT,52,0,6,46,10094,7649,372,2073
20/04/2021,NUSA TENGGARA BARAT,18,0,0,18,10112,7649,372,2091
21/04/2021,NUSA TENGGARA BARAT,42,0,18,24,10154,7667,372,2115
22/04/2021,NUSA TENGGARA BARAT,16,1,0,15,10170,7667,373,2130
23/04/2021,NUSA TENGGARA BARAT,1,0,10,-9,10171,7677,373,2121
24/04/2021,NUSA TENGGARA BARAT,0,0,0,0,10171,7677,373,2121
25/04/2021,NUSA TENGGARA BARAT,3,0,0,3,10174,7677,373,2124
26/04/2021,NUSA TENGGARA BARAT,58,0,9,49,10232,7686,373,2173
27/04/2021,NUSA TENGGARA BARAT,59,1,6,52,10291,7692,374,2225
28/04/2021,NUSA TENGGARA BARAT,49,1,60,-12,10340,7752,375,2213
29/04/2021,NUSA TENGGARA BARAT,36,9,58,-31,10376,7810,384,2182
30/04/2021,NUSA TENGGARA BARAT,65,0,29,36,10441,7839,384,2218
01/05/2021,NUSA TENGGARA BARAT,18,0,35,-17,10459,7874,384,2201
02/05/2021,NUSA TENGGARA BARAT,29,1,6,22,10488,7880,385,2223
03/05/2021,NUSA TENGGARA BARAT,129,2,28,99,10617,7908,387,2322
04/05/2021,NUSA TENGGARA BARAT,30,6,24,0,10647,7932,393,2322
05/05/2021,NUSA TENGGARA BARAT,26,12,0,14,10673,7932,405,2336
06/05/2021,NUSA TENGGARA BARAT,19,0,16,3,10692,7948,405,2339
07/05/2021,NUSA TENGGARA BARAT,28,1,9,18,10720,7957,406,2357
08/05/2021,NUSA TENGGARA BARAT,23,0,1,22,10743,7958,406,2379
09/05/2021,NUSA TENGGARA BARAT,2,0,2,0,10745,7960,406,2379
10/05/2021,NUSA TENGGARA BARAT,29,2,2,25,10774,7962,408,2404
11/05/2021,NUSA TENGGARA BARAT,15,2,12,1,10789,7974,410,2405
12/05/2021,NUSA TENGGARA BARAT,21,0,0,21,10810,7974,410,2426
13/05/2021,NUSA TENGGARA BARAT,5,0,0,5,10815,7974,410,2431
14/05/2021,NUSA TENGGARA BARAT,12,0,9,3,10827,7983,410,2434
15/05/2021,NUSA TENGGARA BARAT,5,0,0,5,10832,7983,410,2439
16/05/2021,NUSA TENGGARA BARAT,18,0,3,15,10850,7986,410,2454
17/05/2021,NUSA TENGGARA BARAT,12,0,0,12,10862,7986,410,2466
18/05/2021,NUSA TENGGARA BARAT,50,1,50,-1,10912,8036,411,2465
19/05/2021,NUSA TENGGARA BARAT,54,1,7,46,10966,8043,412,2511
20/05/2021,NUSA TENGGARA BARAT,16,1,11,4,10982,8054,413,2515
21/05/2021,NUSA TENGGARA BARAT,35,5,4,26,11017,8058,418,2541
22/05/2021,NUSA TENGGARA BARAT,30,0,21,9,11047,8079,418,2550
23/05/2021,NUSA TENGGARA BARAT,26,0,0,26,11073,8079,418,2576
24/05/2021,NUSA TENGGARA BARAT,24,0,7,17,11097,8086,418,2593
25/05/2021,NUSA TENGGARA BARAT,17,0,3,14,11114,8089,418,2607
26/05/2021,NUSA TENGGARA BARAT,22,4,0,18,11136,8089,422,2625
27/05/2021,NUSA TENGGARA BARAT,15,1,2,12,11151,8091,423,2637
28/05/2021,NUSA TENGGARA BARAT,451,1,507,-57,11602,8598,424,2580
29/05/2021,NUSA TENGGARA BARAT,40,1,10,29,11642,8608,425,2609
30/05/2021,NUSA TENGGARA BARAT,76,10,101,-35,11718,8709,435,2574
31/05/2021,NUSA TENGGARA BARAT,237,7,103,127,11955,8812,442,2701
01/06/2021,NUSA TENGGARA BARAT,82,4,111,-33,12037,8923,446,2668
02/06/2021,NUSA TENGGARA BARAT,124,7,170,-53,12161,9093,453,2615
03/06/2021,NUSA TENGGARA BARAT,67,4,63,0,12228,9156,457,2615
04/06/2021,NUSA TENGGARA BARAT,77,4,55,18,12305,9211,461,2633
05/06/2021,NUSA TENGGARA BARAT,28,4,47,-23,12333,9258,465,2610
06/06/2021,NUSA TENGGARA BARAT,20,4,2,14,12353,9260,469,2624
07/06/2021,NUSA TENGGARA BARAT,60,5,111,-56,12413,9371,474,2568
08/06/2021,NUSA TENGGARA BARAT,72,2,59,11,12485,9430,476,2579
09/06/2021,NUSA TENGGARA BARAT,49,0,28,21,12534,9458,476,2600
10/06/2021,NUSA TENGGARA BARAT,37,3,32,2,12571,9490,479,2602
11/06/2021,NUSA TENGGARA BARAT,20,0,61,-41,12591,9551,479,2561
12/06/2021,NUSA TENGGARA BARAT,20,1,25,-6,12611,9576,480,2555
13/06/2021,NUSA TENGGARA BARAT,10,0,6,4,12621,9582,480,2559
11/03/2020,BALI,1,1,0,0,1,0,1,0
12/03/2020,BALI,0,0,0,0,1,0,1,0
13/03/2020,BALI,0,0,0,0,1,0,1,0
14/03/2020,BALI,0,0,0,0,1,0,1,0
15/03/2020,BALI,0,0,0,0,1,0,1,0
16/03/2020,BALI,0,0,0,0,1,0,1,0
17/03/2020,BALI,0,0,0,0,1,0,1,0
18/03/2020,BALI,0,0,0,0,1,0,1,0
19/03/2020,BALI,1,1,0,0,2,0,2,0
20/03/2020,BALI,0,0,0,0,2,0,2,0
21/03/2020,BALI,0,0,0,0,2,0,2,0
22/03/2020,BALI,0,0,0,0,2,0,2,0
23/03/2020,BALI,0,0,0,0,2,0,2,0
24/03/2020,BALI,0,0,0,0,2,0,2,0
25/03/2020,BALI,0,0,0,0,2,0,2,0
26/03/2020,BALI,0,0,0,0,2,0,2,0
27/03/2020,BALI,0,0,0,0,2,0,2,0
28/03/2020,BALI,0,0,0,0,2,0,2,0
29/03/2020,BALI,1,0,0,1,3,0,2,1
30/03/2020,BALI,9,0,0,9,12,0,2,10
31/03/2020,BALI,0,0,1,-1,12,1,2,9
01/04/2020,BALI,6,0,1,5,18,2,2,14
02/04/2020,BALI,0,0,0,0,18,2,2,14
03/04/2020,BALI,3,0,0,3,21,2,2,17
04/04/2020,BALI,5,0,0,5,26,2,2,22
05/04/2020,BALI,5,0,4,1,31,6,2,23
06/04/2020,BALI,7,0,0,7,38,6,2,30
07/04/2020,BALI,0,0,0,0,38,6,2,30
08/04/2020,BALI,6,0,0,6,44,6,2,36
09/04/2020,BALI,14,0,0,14,58,6,2,50
10/04/2020,BALI,12,0,1,11,70,7,2,61
11/04/2020,BALI,4,0,0,4,74,7,2,65
12/04/2020,BALI,2,0,0,2,76,7,2,67
13/04/2020,BALI,5,0,0,5,81,7,2,72
14/04/2020,BALI,6,0,0,6,87,7,2,78
15/04/2020,BALI,6,0,0,6,93,7,2,84
16/04/2020,BALI,15,0,2,13,108,9,2,97
17/04/2020,BALI,11,0,1,10,119,10,2,107
18/04/2020,BALI,7,0,1,6,126,11,2,113
19/04/2020,BALI,4,0,2,2,130,13,2,115
20/04/2020,BALI,5,0,4,1,135,17,2,116
21/04/2020,BALI,10,0,0,10,145,17,2,126
22/04/2020,BALI,2,1,5,-4,147,22,3,122
23/04/2020,BALI,15,0,7,8,162,29,3,130
24/04/2020,BALI,10,0,2,8,172,31,3,138
25/04/2020,BALI,6,0,9,-3,178,40,3,135
26/04/2020,BALI,3,0,0,3,181,40,3,138
27/04/2020,BALI,7,0,6,1,188,46,3,139
28/04/2020,BALI,22,0,6,16,210,52,3,155
29/04/2020,BALI,0,0,7,-7,210,59,3,148
30/04/2020,BALI,7,0,11,-4,217,70,3,144
01/05/2020,BALI,13,0,5,8,230,75,3,152
02/05/2020,BALI,2,0,1,1,232,76,3,153
03/05/2020,BALI,25,0,17,8,257,93,3,161
04/05/2020,BALI,9,0,10,-1,266,103,3,160
05/05/2020,BALI,6,0,0,6,272,103,3,166
06/05/2020,BALI,0,0,3,-3,272,106,3,163
07/05/2020,BALI,10,0,11,-1,282,117,3,162
08/05/2020,BALI,13,0,9,4,295,126,3,166
09/05/2020,BALI,6,0,0,6,301,126,3,172
10/05/2020,BALI,5,0,4,1,306,130,3,173
11/05/2020,BALI,3,0,5,-2,309,135,3,171
12/05/2020,BALI,14,0,2,12,323,137,3,183
13/05/2020,BALI,4,0,1,3,327,138,3,186
14/05/2020,BALI,5,0,3,2,332,141,3,188
15/05/2020,BALI,6,0,8,-2,338,149,3,186
16/05/2020,BALI,3,0,4,-1,341,153,3,185
17/05/2020,BALI,2,0,4,-2,343,157,3,183
18/05/2020,BALI,11,0,3,8,354,160,3,191
19/05/2020,BALI,4,0,7,-3,358,167,3,188
20/05/2020,BALI,8,0,7,1,366,174,3,189
21/05/2020,BALI,3,0,2,1,369,176,3,190
22/05/2020,BALI,6,0,2,4,375,178,3,194
23/05/2020,BALI,8,0,0,8,383,178,3,202
24/05/2020,BALI,6,0,4,2,389,182,3,204
25/05/2020,BALI,2,0,1,1,391,183,3,205
26/05/2020,BALI,12,0,1,11,403,184,3,216
27/05/2020,BALI,8,0,4,4,411,188,3,220
28/05/2020,BALI,5,0,7,-2,416,195,3,218
29/05/2020,BALI,23,0,4,19,439,199,3,237
30/05/2020,BALI,12,0,6,6,451,205,3,243
31/05/2020,BALI,10,0,0,10,461,205,3,253
01/06/2020,BALI,17,1,4,12,478,209,4,265
02/06/2020,BALI,5,0,1,4,483,210,4,269
03/06/2020,BALI,3,0,3,0,486,213,4,269
04/06/2020,BALI,20,0,8,12,506,221,4,281
05/06/2020,BALI,14,0,4,10,520,225,4,291
06/06/2020,BALI,33,0,1,32,553,226,4,323
07/06/2020,BALI,25,0,1,24,578,227,4,347
08/06/2020,BALI,12,0,3,9,590,230,4,356
09/06/2020,BALI,14,0,12,2,604,242,4,358
10/06/2020,BALI,32,0,1,31,636,243,4,389
11/06/2020,BALI,19,0,7,12,655,250,4,401
12/06/2020,BALI,36,0,9,27,691,259,4,428
13/06/2020,BALI,28,1,7,20,719,266,5,448
14/06/2020,BALI,18,0,8,10,737,274,5,458
15/06/2020,BALI,19,0,27,-8,756,301,5,450
16/06/2020,BALI,22,0,8,14,778,309,5,464
17/06/2020,BALI,47,0,20,27,825,329,5,491
18/06/2020,BALI,65,0,3,62,890,332,5,553
19/06/2020,BALI,81,0,11,70,971,343,5,623
20/06/2020,BALI,35,1,9,25,1006,352,6,648
21/06/2020,BALI,35,1,7,27,1041,359,7,675
22/06/2020,BALI,31,0,9,22,1072,368,7,697
23/06/2020,BALI,35,0,9,26,1107,377,7,723
24/06/2020,BALI,43,0,3,40,1150,380,7,763
25/06/2020,BALI,56,1,8,47,1206,388,8,810
26/06/2020,BALI,49,0,27,22,1255,415,8,832
27/06/2020,BALI,107,0,6,101,1362,421,8,933
28/06/2020,BALI,45,2,10,33,1407,431,10,966
29/06/2020,BALI,28,0,8,20,1435,439,10,986
30/06/2020,BALI,49,0,13,36,1484,452,10,1022
01/07/2020,BALI,32,1,17,14,1516,469,11,1036
02/07/2020,BALI,114,0,5,109,1630,474,11,1145
03/07/2020,BALI,66,0,9,57,1696,483,11,1202
04/07/2020,BALI,92,2,8,82,1788,491,13,1284
05/07/2020,BALI,52,2,12,38,1840,503,15,1322
06/07/2020,BALI,50,0,7,43,1890,510,15,1365
07/07/2020,BALI,39,0,18,21,1929,528,15,1386
08/07/2020,BALI,30,1,12,17,1959,540,16,1403
09/07/2020,BALI,53,0,39,14,2012,579,16,1417
10/07/2020,BALI,86,0,15,71,2098,594,16,1488
11/07/2020,BALI,35,0,47,-12,2133,641,16,1476
12/07/2020,BALI,45,0,12,33,2178,653,16,1509
13/07/2020,BALI,63,0,43,20,2241,696,16,1529
14/07/2020,BALI,101,0,25,76,2342,721,16,1605
15/07/2020,BALI,64,0,12,52,2406,733,16,1657
16/07/2020,BALI,112,0,26,86,2518,759,16,1743
17/07/2020,BALI,85,1,20,64,2603,779,17,1807
18/07/2020,BALI,71,0,14,57,2674,793,17,1864
19/07/2020,BALI,54,1,36,17,2728,829,18,1881
20/07/2020,BALI,36,1,17,18,2764,846,19,1899
21/07/2020,BALI,88,0,9,79,2852,855,19,1978
22/07/2020,BALI,77,0,34,43,2929,889,19,2021
23/07/2020,BALI,62,2,20,40,2991,909,21,2061
24/07/2020,BALI,62,0,15,47,3053,924,21,2108
25/07/2020,BALI,56,0,15,41,3109,939,21,2149
26/07/2020,BALI,43,0,13,30,3152,952,21,2179
27/07/2020,BALI,63,0,9,54,3215,961,21,2233
28/07/2020,BALI,30,0,11,19,3245,972,21,2252
29/07/2020,BALI,61,0,21,40,3306,993,21,2292
30/07/2020,BALI,50,0,18,32,3356,1011,21,2324
31/07/2020,BALI,47,0,10,37,3403,1021,21,2361
01/08/2020,BALI,41,0,8,33,3444,1029,21,2394
02/08/2020,BALI,40,0,6,34,3484,1035,21,2428
03/08/2020,BALI,41,0,4,37,3525,1039,21,2465
04/08/2020,BALI,49,0,12,37,3574,1051,21,2502
05/08/2020,BALI,39,0,3,36,3613,1054,21,2538
06/08/2020,BALI,27,0,17,10,3640,1071,21,2548
07/08/2020,BALI,38,0,9,29,3678,1080,21,2577
08/08/2020,BALI,38,0,9,29,3716,1089,21,2606
09/08/2020,BALI,59,0,2,57,3775,1091,21,2663
10/08/2020,BALI,38,0,9,29,3813,1100,21,2692
11/08/2020,BALI,45,0,12,33,3858,1112,21,2725
12/08/2020,BALI,30,0,1,29,3888,1113,21,2754
13/08/2020,BALI,35,0,13,22,3923,1126,21,2776
14/08/2020,BALI,53,0,4,49,3976,1130,21,2825
15/08/2020,BALI,44,0,4,40,4020,1134,21,2865
16/08/2020,BALI,41,0,15,26,4061,1149,21,2891
17/08/2020,BALI,45,0,12,33,4106,1161,21,2924
18/08/2020,BALI,48,0,9,39,4154,1170,21,2963
19/08/2020,BALI,62,0,8,54,4216,1178,21,3017
20/08/2020,BALI,72,0,7,65,4288,1185,21,3082
21/08/2020,BALI,76,0,6,70,4364,1191,21,3152
22/08/2020,BALI,78,0,6,72,4442,1197,21,3224
23/08/2020,BALI,67,0,11,56,4509,1208,21,3280
24/08/2020,BALI,63,0,8,55,4572,1216,21,3335
25/08/2020,BALI,74,0,12,62,4646,1228,21,3397
26/08/2020,BALI,76,0,9,67,4722,1237,21,3464
27/08/2020,BALI,82,0,19,63,4804,1256,21,3527
28/08/2020,BALI,93,0,6,87,4897,1262,21,3614
29/08/2020,BALI,88,1,13,74,4985,1275,22,3688
30/08/2020,BALI,89,1,1,87,5074,1276,23,3775
31/08/2020,BALI,129,2,10,117,5203,1286,25,3892
01/09/2020,BALI,160,0,18,142,5363,1304,25,4034
02/09/2020,BALI,169,2,14,153,5532,1318,27,4187
03/09/2020,BALI,174,1,19,154,5706,1337,28,4341
04/09/2020,BALI,196,1,7,188,5902,1344,29,4529
05/09/2020,BALI,165,3,12,150,6067,1356,32,4679
06/09/2020,BALI,141,2,5,134,6208,1361,34,4813
07/09/2020,BALI,173,3,17,153,6381,1378,37,4966
08/09/2020,BALI,164,2,4,158,6545,1382,39,5124
09/09/2020,BALI,173,1,12,160,6718,1394,40,5284
10/09/2020,BALI,111,2,11,98,6829,1405,42,5382
11/09/2020,BALI,143,0,8,135,6972,1413,42,5517
12/09/2020,BALI,135,0,11,124,7107,1424,42,5641
13/09/2020,BALI,113,3,10,100,7220,1434,45,5741
14/09/2020,BALI,86,2,8,76,7306,1442,47,5817
15/09/2020,BALI,68,1,12,55,7374,1454,48,5872
16/09/2020,BALI,49,0,6,43,7423,1460,48,5915
17/09/2020,BALI,63,2,25,36,7486,1485,50,5951
18/09/2020,BALI,50,2,12,36,7536,1497,52,5987
19/09/2020,BALI,85,0,13,72,7621,1510,52,6059
20/09/2020,BALI,121,3,7,111,7742,1517,55,6170
21/09/2020,BALI,139,0,9,130,7881,1526,55,6300
22/09/2020,BALI,108,1,24,83,7989,1550,56,6383
23/09/2020,BALI,132,1,23,108,8121,1573,57,6491
24/09/2020,BALI,119,13,14,92,8240,1587,70,6583
25/09/2020,BALI,144,3,13,128,8384,1600,73,6711
26/09/2020,BALI,63,1,8,54,8447,1608,74,6765
27/09/2020,BALI,80,1,12,67,8527,1620,75,6832
28/09/2020,BALI,107,4,25,78,8634,1645,79,6910
29/09/2020,BALI,106,1,19,86,8740,1664,80,6996
30/09/2020,BALI,133,2,22,109,8873,1686,82,7105
01/10/2020,BALI,141,1,24,116,9014,1710,83,7221
02/10/2020,BALI,130,2,17,111,9144,1727,85,7332
03/10/2020,BALI,105,0,20,85,9249,1747,85,7417
04/10/2020,BALI,111,0,25,86,9360,1772,85,7503
05/10/2020,BALI,83,1,10,72,9443,1782,86,7575
06/10/2020,BALI,99,1,21,77,9542,1803,87,7652
07/10/2020,BALI,105,5,7,93,9647,1810,92,7745
08/10/2020,BALI,107,0,21,86,9754,1831,92,7831
09/10/2020,BALI,138,0,7,131,9892,1838,92,7962
10/10/2020,BALI,131,1,20,110,10023,1858,93,8072
11/10/2020,BALI,107,1,14,92,10130,1872,94,8164
12/10/2020,BALI,93,2,25,66,10223,1897,96,8230
13/10/2020,BALI,76,2,19,55,10299,1916,98,8285
14/10/2020,BALI,109,2,14,93,10408,1930,100,8378
15/10/2020,BALI,100,0,31,69,10508,1961,100,8447
16/10/2020,BALI,92,0,42,50,10600,2003,100,8497
17/10/2020,BALI,92,1,20,71,10692,2023,101,8568
18/10/2020,BALI,74,0,13,61,10766,2036,101,8629
19/10/2020,BALI,110,2,30,78,10876,2066,103,8707
20/10/2020,BALI,75,1,26,48,10951,2092,104,8755
21/10/2020,BALI,87,0,13,74,11038,2105,104,8829
22/10/2020,BALI,83,2,26,55,11121,2131,106,8884
23/10/2020,BALI,78,2,17,59,11199,2148,108,8943
24/10/2020,BALI,76,2,22,52,11275,2170,110,8995
25/10/2020,BALI,109,0,18,91,11384,2188,110,9086
26/10/2020,BALI,67,0,13,54,11451,2201,110,9140
27/10/2020,BALI,65,2,19,44,11516,2220,112,9184
28/10/2020,BALI,72,269,8184,-8381,11588,10404,381,803
29/10/2020,BALI,59,2,57,0,11647,10461,383,803
30/10/2020,BALI,65,3,105,-43,11712,10566,386,760
31/10/2020,BALI,52,2,63,-13,11764,10629,388,747
01/11/2020,BALI,57,2,53,2,11821,10682,390,749
02/11/2020,BALI,25,1,82,-58,11846,10764,391,691
03/11/2020,BALI,60,1,77,-18,11906,10841,392,673
04/11/2020,BALI,73,0,86,-13,11979,10927,392,660
05/11/2020,BALI,60,3,102,-45,12039,11029,395,615
06/11/2020,BALI,74,2,73,-1,12113,11102,397,614
07/11/2020,BALI,68,0,46,22,12181,11148,397,636
08/11/2020,BALI,44,0,56,-12,12225,11204,397,624
09/11/2020,BALI,68,1,88,-21,12293,11292,398,603
10/11/2020,BALI,44,2,92,-50,12337,11384,400,553
11/11/2020,BALI,93,0,63,30,12430,11447,400,583
12/11/2020,BALI,89,1,51,37,12519,11498,401,620
13/11/2020,BALI,64,1,59,4,12583,11557,402,624
14/11/2020,BALI,48,0,50,-2,12631,11607,402,622
15/11/2020,BALI,60,0,49,11,12691,11656,402,633
16/11/2020,BALI,7,1,38,-32,12698,11694,403,601
17/11/2020,BALI,2,2,60,-60,12700,11754,405,541
18/11/2020,BALI,69,0,99,-30,12769,11853,405,511
19/11/2020,BALI,88,0,65,23,12857,11918,405,534
20/11/2020,BALI,61,2,70,-11,12918,11988,407,523
21/11/2020,BALI,94,0,70,24,13012,12058,407,547
22/11/2020,BALI,103,1,68,34,13115,12126,408,581
23/11/2020,BALI,68,3,76,-11,13183,12202,411,570
24/11/2020,BALI,111,2,93,16,13294,12295,413,586
25/11/2020,BALI,95,2,68,25,13389,12363,415,611
26/11/2020,BALI,111,4,59,48,13500,12422,419,659
27/11/2020,BALI,82,4,52,26,13582,12474,423,685
28/11/2020,BALI,99,1,90,8,13681,12564,424,693
29/11/2020,BALI,109,2,54,53,13790,12618,426,746
30/11/2020,BALI,89,4,134,-49,13879,12752,430,697
01/12/2020,BALI,109,2,42,65,13988,12794,432,762
02/12/2020,BALI,202,0,96,106,14190,12890,432,868
03/12/2020,BALI,230,6,103,121,14420,12993,438,989
04/12/2020,BALI,122,3,88,31,14542,13081,441,1020
05/12/2020,BALI,91,1,105,-15,14633,13186,442,1005
06/12/2020,BALI,110,2,78,30,14743,13264,444,1035
07/12/2020,BALI,102,1,356,-255,14845,13620,445,780
08/12/2020,BALI,86,1,85,0,14931,13705,446,780
09/12/2020,BALI,139,4,91,44,15070,13796,450,824
10/12/2020,BALI,112,4,105,3,15182,13901,454,827
11/12/2020,BALI,110,4,92,14,15292,13993,458,841
12/12/2020,BALI,69,0,91,-22,15361,14084,458,819
13/12/2020,BALI,72,2,70,0,15433,14154,460,819
14/12/2020,BALI,77,0,102,-25,15510,14256,460,794
15/12/2020,BALI,73,7,66,0,15583,14322,467,794
16/12/2020,BALI,145,1,150,-6,15728,14472,468,788
17/12/2020,BALI,132,2,81,49,15860,14553,470,837
18/12/2020,BALI,121,3,79,39,15981,14632,473,876
19/12/2020,BALI,96,0,60,36,16077,14692,473,912
20/12/2020,BALI,99,3,79,17,16176,14771,476,929
21/12/2020,BALI,135,1,161,-27,16311,14932,477,902
22/12/2020,BALI,117,1,134,-18,16428,15066,478,884
23/12/2020,BALI,122,4,126,-8,16550,15192,482,876
24/12/2020,BALI,123,3,109,11,16673,15301,485,887
25/12/2020,BALI,112,4,95,13,16785,15396,489,900
26/12/2020,BALI,96,5,102,-11,16881,15498,494,889
27/12/2020,BALI,66,3,112,-49,16947,15610,497,840
28/12/2020,BALI,138,4,123,11,17085,15733,501,851
29/12/2020,BALI,172,3,187,-18,17257,15920,504,833
30/12/2020,BALI,157,8,125,24,17414,16045,512,857
31/12/2020,BALI,179,4,99,76,17593,16144,516,933
01/01/2021,BALI,101,1,76,24,17694,16220,517,957
02/01/2021,BALI,165,5,125,35,17859,16345,522,992
03/01/2021,BALI,119,0,84,35,17978,16429,522,1027
04/01/2021,BALI,118,8,114,-4,18096,16543,530,1023
05/01/2021,BALI,167,1,126,40,18263,16669,531,1063
06/01/2021,BALI,191,11,170,10,18454,16839,542,1073
07/01/2021,BALI,189,5,147,37,18643,16986,547,1110
08/01/2021,BALI,231,3,105,123,18874,17091,550,1233
09/01/2021,BALI,189,4,100,85,19063,17191,554,1318
10/01/2021,BALI,169,2,137,30,19232,17328,556,1348
11/01/2021,BALI,253,4,135,114,19485,17463,560,1462
12/01/2021,BALI,350,10,159,181,19835,17622,570,1643
13/01/2021,BALI,268,3,97,168,20103,17719,573,1811
14/01/2021,BALI,297,1,265,31,20400,17984,574,1842
15/01/2021,BALI,311,6,197,108,20711,18181,580,1950
16/01/2021,BALI,319,1,124,194,21030,18305,581,2144
17/01/2021,BALI,262,2,150,110,21292,18455,583,2254
18/01/2021,BALI,238,8,210,20,21530,18665,591,2274
19/01/2021,BALI,247,5,248,-6,21777,18913,596,2268
20/01/2021,BALI,494,7,241,246,22271,19154,603,2514
21/01/2021,BALI,483,4,179,300,22754,19333,607,2814
22/01/2021,BALI,313,9,269,35,23067,19602,616,2849
23/01/2021,BALI,253,8,223,22,23320,19825,624,2871
24/01/2021,BALI,292,5,212,75,23612,20037,629,2946
25/01/2021,BALI,186,10,260,-84,23798,20297,639,2862
26/01/2021,BALI,542,7,254,281,24340,20551,646,3143
27/01/2021,BALI,540,3,240,297,24880,20791,649,3440
28/01/2021,BALI,366,7,237,122,25246,21028,656,3562
29/01/2021,BALI,415,7,349,59,25661,21377,663,3621
30/01/2021,BALI,253,5,222,26,25914,21599,668,3647
31/01/2021,BALI,238,8,228,2,26152,21827,676,3649
01/02/2021,BALI,253,6,331,-84,26405,22158,682,3565
02/02/2021,BALI,309,6,385,-82,26714,22543,688,3483
03/02/2021,BALI,261,5,202,54,26975,22745,693,3537
04/02/2021,BALI,216,9,448,-241,27191,23193,702,3296
05/02/2021,BALI,508,9,354,145,27699,23547,711,3441
06/02/2021,BALI,197,14,389,-206,27896,23936,725,3235
07/02/2021,BALI,381,5,217,159,28277,24153,730,3394
08/02/2021,BALI,260,11,471,-222,28537,24624,741,3172
09/02/2021,BALI,453,6,328,119,28990,24952,747,3291
10/02/2021,BALI,305,11,305,-11,29295,25257,758,3280
11/02/2021,BALI,371,13,377,-19,29666,25634,771,3261
12/02/2021,BALI,312,9,307,-4,29978,25941,780,3257
13/02/2021,BALI,156,14,201,-59,30134,26142,794,3198
14/02/2021,BALI,139,6,196,-63,30273,26338,800,3135
15/02/2021,BALI,274,9,279,-14,30547,26617,809,3121
16/02/2021,BALI,274,11,301,-38,30821,26918,820,3083
17/02/2021,BALI,374,11,232,131,31195,27150,831,3214
18/02/2021,BALI,306,12,416,-122,31501,27566,843,3092
19/02/2021,BALI,330,10,411,-91,31831,27977,853,3001
20/02/2021,BALI,202,5,417,-220,32033,28394,858,2781
21/02/2021,BALI,326,7,204,115,32359,28598,865,2896
22/02/2021,BALI,278,8,300,-30,32637,28898,873,2866
23/02/2021,BALI,288,10,354,-76,32925,29252,883,2790
24/02/2021,BALI,307,6,303,-2,33232,29555,889,2788
25/02/2021,BALI,263,9,307,-53,33495,29862,898,2735
26/02/2021,BALI,330,10,307,13,33825,30169,908,2748
27/02/2021,BALI,151,6,280,-135,33976,30449,914,2613
28/02/2021,BALI,239,5,157,77,34215,30606,919,2690
01/03/2021,BALI,165,5,224,-64,34380,30830,924,2626
02/03/2021,BALI,167,7,253,-93,34547,31083,931,2533
03/03/2021,BALI,198,10,227,-39,34745,31310,941,2494
04/03/2021,BALI,268,14,245,9,35013,31555,955,2503
05/03/2021,BALI,214,8,296,-90,35227,31851,963,2413
06/03/2021,BALI,153,5,215,-67,35380,32066,968,2346
07/03/2021,BALI,147,3,186,-42,35527,32252,971,2304
08/03/2021,BALI,200,5,308,-113,35727,32560,976,2191
09/03/2021,BALI,256,7,256,-7,35983,32816,983,2184
10/03/2021,BALI,254,6,220,28,36237,33036,989,2212
11/03/2021,BALI,156,6,141,9,36393,33177,995,2221
12/03/2021,BALI,197,12,216,-31,36590,33393,1007,2190
13/03/2021,BALI,158,4,145,9,36748,33538,1011,2199
14/03/2021,BALI,0,3,21,-24,36748,33559,1014,2175
15/03/2021,BALI,100,5,230,-135,36848,33789,1019,2040
16/03/2021,BALI,77,7,210,-140,36925,33999,1026,1900
17/03/2021,BALI,227,9,291,-73,37152,34290,1035,1827
18/03/2021,BALI,306,8,226,72,37458,34516,1043,1899
19/03/2021,BALI,207,7,328,-128,37665,34844,1050,1771
20/03/2021,BALI,130,7,279,-156,37795,35123,1057,1615
21/03/2021,BALI,186,2,124,60,37981,35247,1059,1675
22/03/2021,BALI,174,7,225,-58,38155,35472,1066,1617
23/03/2021,BALI,182,10,116,56,38337,35588,1076,1673
24/03/2021,BALI,189,10,158,21,38526,35746,1086,1694
25/03/2021,BALI,201,5,140,56,38727,35886,1091,1750
26/03/2021,BALI,178,6,170,2,38905,36056,1097,1752
27/03/2021,BALI,145,8,135,2,39050,36191,1105,1754
28/03/2021,BALI,121,5,126,-10,39171,36317,1110,1744
29/03/2021,BALI,144,8,232,-96,39315,36549,1118,1648
30/03/2021,BALI,169,11,172,-14,39484,36721,1129,1634
31/03/2021,BALI,200,4,203,-7,39684,36924,1133,1627
01/04/2021,BALI,172,12,195,-35,39856,37119,1145,1592
02/04/2021,BALI,169,3,128,38,40025,37247,1148,1630
03/04/2021,BALI,141,6,221,-86,40166,37468,1154,1544
04/04/2021,BALI,255,5,257,-7,40421,37725,1159,1537
05/04/2021,BALI,187,6,152,29,40608,37877,1165,1566
06/04/2021,BALI,236,8,214,14,40844,38091,1173,1580
07/04/2021,BALI,210,9,153,48,41054,38244,1182,1628
08/04/2021,BALI,205,9,208,-12,41259,38452,1191,1616
09/04/2021,BALI,207,8,158,41,41466,38610,1199,1657
10/04/2021,BALI,153,4,135,14,41619,38745,1203,1671
11/04/2021,BALI,115,0,108,7,41734,38853,1203,1678
12/04/2021,BALI,169,9,177,-17,41903,39030,1212,1661
13/04/2021,BALI,150,6,120,24,42053,39150,1218,1685
14/04/2021,BALI,121,2,66,53,42174,39216,1220,1738
15/04/2021,BALI,202,5,143,54,42376,39359,1225,1792
16/04/2021,BALI,211,4,294,-87,42587,39653,1229,1705
17/04/2021,BALI,169,11,180,-22,42756,39833,1240,1683
18/04/2021,BALI,172,8,212,-48,42928,40045,1248,1635
19/04/2021,BALI,154,10,231,-87,43082,40276,1258,1548
20/04/2021,BALI,207,10,231,-34,43289,40507,1268,1514
21/04/2021,BALI,196,9,153,34,43485,40660,1277,1548
22/04/2021,BALI,168,8,232,-72,43653,40892,1285,1476
23/04/2021,BALI,138,8,124,6,43791,41016,1293,1482
24/04/2021,BALI,124,1,76,47,43915,41092,1294,1529
25/04/2021,BALI,66,5,87,-26,43981,41179,1299,1503
26/04/2021,BALI,105,8,182,-85,44086,41361,1307,1418
27/04/2021,BALI,150,8,113,29,44236,41474,1315,1447
28/04/2021,BALI,166,10,139,17,44402,41613,1325,1464
29/04/2021,BALI,132,5,207,-80,44534,41820,1330,1384
30/04/2021,BALI,137,6,147,-16,44671,41967,1336,1368
01/05/2021,BALI,142,10,165,-33,44813,42132,1346,1335
02/05/2021,BALI,86,5,61,20,44899,42193,1351,1355
03/05/2021,BALI,105,9,131,-35,45004,42324,1360,1320
04/05/2021,BALI,150,9,123,18,45154,42447,1369,1338
05/05/2021,BALI,128,9,126,-7,45282,42573,1378,1331
06/05/2021,BALI,146,11,156,-21,45428,42729,1389,1310
07/05/2021,BALI,114,5,150,-41,45542,42879,1394,1269
08/05/2021,BALI,113,8,130,-25,45655,43009,1402,1244
09/05/2021,BALI,103,5,103,-5,45758,43112,1407,1239
10/05/2021,BALI,74,9,134,-69,45832,43246,1416,1170
11/05/2021,BALI,101,9,90,2,45933,43336,1425,1172
12/05/2021,BALI,97,6,120,-29,46030,43456,1431,1143
13/05/2021,BALI,94,4,88,2,46124,43544,1435,1145
14/05/2021,BALI,47,4,98,-55,46171,43642,1439,1090
15/05/2021,BALI,45,3,121,-79,46216,43763,1442,1011
16/05/2021,BALI,74,4,52,18,46290,43815,1446,1029
17/05/2021,BALI,74,5,135,-66,46364,43950,1451,963
18/05/2021,BALI,79,4,114,-39,46443,44064,1455,924
19/05/2021,BALI,112,8,125,-21,46555,44189,1463,903
20/05/2021,BALI,83,4,94,-15,46638,44283,1467,888
21/05/2021,BALI,100,1,185,-86,46738,44468,1468,802
22/05/2021,BALI,50,5,83,-38,46788,44551,1473,764
23/05/2021,BALI,68,2,48,18,46856,44599,1475,782
24/05/2021,BALI,62,1,70,-9,46918,44669,1476,773
25/05/2021,BALI,55,5,83,-33,46973,44752,1481,740
26/05/2021,BALI,59,5,41,13,47032,44793,1486,753
27/05/2021,BALI,31,5,74,-48,47063,44867,1491,705
28/05/2021,BALI,61,6,69,-14,47124,44936,1497,691
29/05/2021,BALI,49,2,72,-25,47173,45008,1499,666
30/05/2021,BALI,42,2,42,-2,47215,45050,1501,664
31/05/2021,BALI,44,3,94,-53,47259,45144,1504,611
01/06/2021,BALI,28,0,31,-3,47287,45175,1504,608
02/06/2021,BALI,33,1,72,-40,47320,45247,1505,568
03/06/2021,BALI,46,0,70,-24,47366,45317,1505,544
04/06/2021,BALI,51,3,75,-27,47417,45392,1508,517
05/06/2021,BALI,28,0,44,-16,47445,45436,1508,501
06/06/2021,BALI,27,1,53,-27,47472,45489,1509,474
07/06/2021,BALI,36,0,45,-9,47508,45534,1509,465
08/06/2021,BALI,36,5,40,-9,47544,45574,1514,456
09/06/2021,BALI,37,0,55,-18,47581,45629,1514,438
10/06/2021,BALI,61,1,58,2,47642,45687,1515,440
11/06/2021,BALI,46,2,60,-16,47688,45747,1517,424
12/06/2021,BALI,22,3,35,-16,47710,45782,1520,408
13/06/2021,BALI,44,3,42,-1,47754,45824,1523,407
22/03/2020,PAPUA,2,0,0,2,2,0,0,2
23/03/2020,PAPUA,0,0,0,0,2,0,0,2
24/03/2020,PAPUA,0,0,0,0,2,0,0,2
25/03/2020,PAPUA,0,0,0,0,2,0,0,2
26/03/2020,PAPUA,4,0,0,4,6,0,0,6
27/03/2020,PAPUA,0,0,0,0,6,0,0,6
28/03/2020,PAPUA,0,0,0,0,6,0,0,6
29/03/2020,PAPUA,2,0,0,2,8,0,0,8
30/03/2020,PAPUA,0,0,0,0,8,0,0,8
31/03/2020,PAPUA,1,0,1,0,9,1,0,8
01/04/2020,PAPUA,0,0,1,-1,9,2,0,7
02/04/2020,PAPUA,0,0,1,-1,9,3,0,6
03/04/2020,PAPUA,6,1,0,5,15,3,1,11
04/04/2020,PAPUA,2,0,1,1,17,4,1,12
05/04/2020,PAPUA,8,0,0,8,25,4,1,20
06/04/2020,PAPUA,0,1,0,-1,25,4,2,19
07/04/2020,PAPUA,0,1,0,-1,25,4,3,18
08/04/2020,PAPUA,11,0,0,11,36,4,3,29
09/04/2020,PAPUA,0,0,0,0,36,4,3,29
10/04/2020,PAPUA,0,1,1,-2,36,5,4,27
11/04/2020,PAPUA,24,0,2,22,60,7,4,49
12/04/2020,PAPUA,1,0,2,-1,61,9,4,48
13/04/2020,PAPUA,6,0,0,6,67,9,4,54
14/04/2020,PAPUA,0,0,0,0,67,9,4,54
15/04/2020,PAPUA,7,0,0,7,74,9,4,61
16/04/2020,PAPUA,6,2,5,-1,80,14,6,60
17/04/2020,PAPUA,9,0,0,9,89,14,6,69
18/04/2020,PAPUA,6,0,0,6,95,14,6,75
19/04/2020,PAPUA,12,0,0,12,107,14,6,87
20/04/2020,PAPUA,0,0,14,-14,107,28,6,73
21/04/2020,PAPUA,11,0,4,7,118,32,6,80
22/04/2020,PAPUA,5,0,0,5,123,32,6,85
23/04/2020,PAPUA,7,0,0,7,130,32,6,92
24/04/2020,PAPUA,6,0,0,6,136,32,6,98
25/04/2020,PAPUA,0,0,0,0,136,32,6,98
26/04/2020,PAPUA,5,0,0,5,141,32,6,103
27/04/2020,PAPUA,10,0,0,10,151,32,6,113
28/04/2020,PAPUA,26,0,16,10,177,48,6,123
29/04/2020,PAPUA,12,0,0,12,189,48,6,135
30/04/2020,PAPUA,16,0,0,16,205,48,6,151
01/05/2020,PAPUA,5,0,1,4,210,49,6,155
02/05/2020,PAPUA,29,0,0,29,239,49,6,184
03/05/2020,PAPUA,0,0,0,0,239,49,6,184
04/05/2020,PAPUA,0,0,0,0,239,49,6,184
05/05/2020,PAPUA,6,0,0,6,245,49,6,190
06/05/2020,PAPUA,1,0,0,1,246,49,6,191
07/05/2020,PAPUA,4,0,0,4,250,49,6,195
08/05/2020,PAPUA,13,0,0,13,263,49,6,208
09/05/2020,PAPUA,12,0,0,12,275,49,6,220
10/05/2020,PAPUA,30,0,0,30,305,49,6,250
11/05/2020,PAPUA,0,0,0,0,305,49,6,250
12/05/2020,PAPUA,16,0,0,16,321,49,6,266
13/05/2020,PAPUA,5,0,0,5,326,49,6,271
14/05/2020,PAPUA,4,0,0,4,330,49,6,275
15/05/2020,PAPUA,3,0,0,3,333,49,6,278
16/05/2020,PAPUA,15,0,0,15,348,49,6,293
17/05/2020,PAPUA,33,0,0,33,381,49,6,326
18/05/2020,PAPUA,0,0,0,0,381,49,6,326
19/05/2020,PAPUA,6,0,0,6,387,49,6,332
20/05/2020,PAPUA,20,0,0,20,407,49,6,352
21/05/2020,PAPUA,1,0,0,1,408,49,6,353
22/05/2020,PAPUA,27,0,0,27,435,49,6,380
23/05/2020,PAPUA,56,0,0,56,491,49,6,436
24/05/2020,PAPUA,62,0,0,62,553,49,6,498
25/05/2020,PAPUA,9,0,20,-11,562,69,6,487
26/05/2020,PAPUA,0,0,0,0,562,69,6,487
27/05/2020,PAPUA,14,0,0,14,576,69,6,501
28/05/2020,PAPUA,4,0,0,4,580,69,6,505
29/05/2020,PAPUA,56,0,0,56,636,69,6,561
30/05/2020,PAPUA,18,0,0,18,654,69,6,579
31/05/2020,PAPUA,17,0,0,17,671,69,6,596
01/06/2020,PAPUA,41,0,0,41,712,69,6,637
02/06/2020,PAPUA,99,1,10,88,811,79,7,725
03/06/2020,PAPUA,46,0,0,46,857,79,7,771
04/06/2020,PAPUA,17,0,0,17,874,79,7,788
05/06/2020,PAPUA,42,0,0,42,916,79,7,830
06/06/2020,PAPUA,86,0,0,86,1002,79,7,916
07/06/2020,PAPUA,54,0,0,54,1056,79,7,970
08/06/2020,PAPUA,22,0,0,22,1078,79,7,992
09/06/2020,PAPUA,16,0,0,16,1094,79,7,1008
10/06/2020,PAPUA,28,0,0,28,1122,79,7,1036
11/06/2020,PAPUA,19,0,0,19,1141,79,7,1055
12/06/2020,PAPUA,31,0,0,31,1172,79,7,1086
13/06/2020,PAPUA,42,0,0,42,1214,79,7,1128
14/06/2020,PAPUA,12,0,50,-38,1226,129,7,1090
15/06/2020,PAPUA,0,0,63,-63,1226,192,7,1027
16/06/2020,PAPUA,29,0,103,-74,1255,295,7,953
17/06/2020,PAPUA,29,0,3,26,1284,298,7,979
18/06/2020,PAPUA,38,0,0,38,1322,298,7,1017
19/06/2020,PAPUA,18,0,0,18,1340,298,7,1035
20/06/2020,PAPUA,12,0,0,12,1352,298,7,1047
21/06/2020,PAPUA,49,0,0,49,1401,298,7,1096
22/06/2020,PAPUA,11,0,0,11,1412,298,7,1107
23/06/2020,PAPUA,49,0,0,49,1461,298,7,1156
24/06/2020,PAPUA,55,0,0,55,1516,298,7,1211
25/06/2020,PAPUA,56,0,0,56,1572,298,7,1267
26/06/2020,PAPUA,17,0,0,17,1589,298,7,1284
27/06/2020,PAPUA,35,0,0,35,1624,298,7,1319
28/06/2020,PAPUA,25,0,337,-312,1649,635,7,1007
29/06/2020,PAPUA,2,0,105,-103,1651,740,7,904
30/06/2020,PAPUA,62,8,119,-65,1713,859,15,839
01/07/2020,PAPUA,94,0,14,80,1807,873,15,919
02/07/2020,PAPUA,70,1,0,69,1877,873,16,988
03/07/2020,PAPUA,23,0,10,13,1900,883,16,1001
04/07/2020,PAPUA,38,0,0,38,1938,883,16,1039
05/07/2020,PAPUA,36,0,0,36,1974,883,16,1075
06/07/2020,PAPUA,7,2,48,-43,1981,931,18,1032
07/07/2020,PAPUA,30,1,35,-6,2011,966,19,1026
08/07/2020,PAPUA,18,1,23,-6,2029,989,20,1020
09/07/2020,PAPUA,28,0,57,-29,2057,1046,20,991
10/07/2020,PAPUA,85,0,16,69,2142,1062,20,1060
11/07/2020,PAPUA,28,0,19,9,2170,1081,20,1069
12/07/2020,PAPUA,67,2,7,58,2237,1088,22,1127
13/07/2020,PAPUA,101,0,9,92,2338,1097,22,1219
14/07/2020,PAPUA,1,0,2,-1,2339,1099,22,1218
15/07/2020,PAPUA,68,3,59,6,2407,1158,25,1224
16/07/2020,PAPUA,55,1,9,45,2462,1167,26,1269
17/07/2020,PAPUA,21,0,35,-14,2483,1202,26,1255
18/07/2020,PAPUA,58,0,11,47,2541,1213,26,1302
19/07/2020,PAPUA,50,1,13,36,2591,1226,27,1338
20/07/2020,PAPUA,41,0,10,31,2632,1236,27,1369
21/07/2020,PAPUA,9,3,7,-1,2641,1243,30,1368
22/07/2020,PAPUA,32,0,13,19,2673,1256,30,1387
23/07/2020,PAPUA,46,0,4,42,2719,1260,30,1429
24/07/2020,PAPUA,68,0,2,66,2787,1262,30,1495
25/07/2020,PAPUA,42,2,52,-12,2829,1314,32,1483
26/07/2020,PAPUA,57,0,8,49,2886,1322,32,1532
27/07/2020,PAPUA,56,0,16,40,2942,1338,32,1572
28/07/2020,PAPUA,19,0,9,10,2961,1347,32,1582
29/07/2020,PAPUA,27,0,17,10,2988,1364,32,1592
30/07/2020,PAPUA,33,0,14,19,3021,1378,32,1611
31/07/2020,PAPUA,38,0,0,38,3059,1378,32,1649
01/08/2020,PAPUA,28,0,0,28,3087,1378,32,1677
02/08/2020,PAPUA,27,1,22,4,3114,1400,33,1681
03/08/2020,PAPUA,0,0,0,0,3114,1400,33,1681
04/08/2020,PAPUA,50,0,47,3,3164,1447,33,1684
05/08/2020,PAPUA,11,0,27,-16,3175,1474,33,1668
06/08/2020,PAPUA,17,1,49,-33,3192,1523,34,1635
07/08/2020,PAPUA,22,0,223,-201,3214,1746,34,1434
08/08/2020,PAPUA,0,1,0,-1,3214,1746,35,1433
09/08/2020,PAPUA,43,0,106,-63,3257,1852,35,1370
10/08/2020,PAPUA,21,0,30,-9,3278,1882,35,1361
11/08/2020,PAPUA,1,0,56,-55,3279,1938,35,1306
12/08/2020,PAPUA,26,0,15,11,3305,1953,35,1317
13/08/2020,PAPUA,31,0,9,22,3336,1962,35,1339
14/08/2020,PAPUA,9,0,3,6,3345,1965,35,1345
15/08/2020,PAPUA,0,0,36,-36,3345,2001,35,1309
16/08/2020,PAPUA,77,1,20,56,3422,2021,36,1365
17/08/2020,PAPUA,10,0,4,6,3432,2025,36,1371
18/08/2020,PAPUA,0,0,0,0,3432,2025,36,1371
19/08/2020,PAPUA,21,2,6,13,3453,2031,38,1384
20/08/2020,PAPUA,67,4,65,-2,3520,2096,42,1382
21/08/2020,PAPUA,14,0,150,-136,3534,2246,42,1246
22/08/2020,PAPUA,33,0,36,-3,3567,2282,42,1243
23/08/2020,PAPUA,0,0,0,0,3567,2282,42,1243
24/08/2020,PAPUA,83,0,409,-326,3650,2691,42,917
25/08/2020,PAPUA,0,0,0,0,3650,2691,42,917
26/08/2020,PAPUA,36,0,340,-304,3686,3031,42,613
27/08/2020,PAPUA,23,0,12,11,3709,3043,42,624
28/08/2020,PAPUA,26,0,53,-27,3735,3096,42,597
29/08/2020,PAPUA,36,0,20,16,3771,3116,42,613
30/08/2020,PAPUA,25,1,5,19,3796,3121,43,632
31/08/2020,PAPUA,0,0,0,0,3796,3121,43,632
01/09/2020,PAPUA,66,1,25,40,3862,3146,44,672
02/09/2020,PAPUA,11,0,21,-10,3873,3167,44,662
03/09/2020,PAPUA,28,1,0,27,3901,3167,45,689
04/09/2020,PAPUA,72,1,18,53,3973,3185,46,742
05/09/2020,PAPUA,101,2,69,30,4074,3254,48,772
06/09/2020,PAPUA,0,0,0,0,4074,3254,48,772
07/09/2020,PAPUA,74,2,39,33,4148,3293,50,805
08/09/2020,PAPUA,14,0,24,-10,4162,3317,50,795
09/09/2020,PAPUA,0,0,0,0,4162,3317,50,795
10/09/2020,PAPUA,113,2,21,90,4275,3338,52,885
11/09/2020,PAPUA,54,2,26,26,4329,3364,54,911
12/09/2020,PAPUA,62,0,27,35,4391,3391,54,946
13/09/2020,PAPUA,84,3,18,63,4475,3409,57,1009
14/09/2020,PAPUA,96,0,0,96,4571,3409,57,1105
15/09/2020,PAPUA,65,2,20,43,4636,3429,59,1148
16/09/2020,PAPUA,126,2,11,113,4762,3440,61,1261
17/09/2020,PAPUA,73,3,16,54,4835,3456,64,1315
18/09/2020,PAPUA,58,5,67,-14,4893,3523,69,1301
19/09/2020,PAPUA,203,3,43,157,5096,3566,72,1458
20/09/2020,PAPUA,50,0,0,50,5146,3566,72,1508
21/09/2020,PAPUA,29,0,0,29,5175,3566,72,1537
22/09/2020,PAPUA,73,2,13,58,5248,3579,74,1595
23/09/2020,PAPUA,139,4,50,85,5387,3629,78,1680
24/09/2020,PAPUA,266,2,68,196,5653,3697,80,1876
25/09/2020,PAPUA,110,0,0,110,5763,3697,80,1986
26/09/2020,PAPUA,77,0,55,22,5840,3752,80,2008
27/09/2020,PAPUA,113,0,0,113,5953,3752,80,2121
28/09/2020,PAPUA,46,0,0,46,5999,3752,80,2167
29/09/2020,PAPUA,0,0,0,0,5999,3752,80,2167
30/09/2020,PAPUA,322,6,92,224,6321,3844,86,2391
01/10/2020,PAPUA,61,5,32,24,6382,3876,91,2415
02/10/2020,PAPUA,122,3,60,59,6504,3936,94,2474
03/10/2020,PAPUA,186,5,47,134,6690,3983,99,2608
04/10/2020,PAPUA,91,4,31,56,6781,4014,103,2664
05/10/2020,PAPUA,100,0,0,100,6881,4014,103,2764
06/10/2020,PAPUA,192,3,55,134,7073,4069,106,2898
07/10/2020,PAPUA,141,0,51,90,7214,4120,106,2988
08/10/2020,PAPUA,98,1,47,50,7312,4167,107,3038
09/10/2020,PAPUA,116,0,0,116,7428,4167,107,3154
10/10/2020,PAPUA,44,3,51,-10,7472,4218,110,3144
11/10/2020,PAPUA,150,0,0,150,7622,4218,110,3294
12/10/2020,PAPUA,0,0,0,0,7622,4218,110,3294
13/10/2020,PAPUA,142,1,114,27,7764,4332,111,3321
14/10/2020,PAPUA,224,1,46,177,7988,4378,112,3498
15/10/2020,PAPUA,111,1,58,52,8099,4436,113,3550
16/10/2020,PAPUA,0,0,0,0,8099,4436,113,3550
17/10/2020,PAPUA,69,4,18,47,8168,4454,117,3597
18/10/2020,PAPUA,71,0,0,71,8239,4454,117,3668
19/10/2020,PAPUA,0,0,0,0,8239,4454,117,3668
20/10/2020,PAPUA,129,2,95,32,8368,4549,119,3700
21/10/2020,PAPUA,0,0,0,0,8368,4549,119,3700
22/10/2020,PAPUA,95,0,0,95,8463,4549,119,3795
23/10/2020,PAPUA,49,0,0,49,8512,4549,119,3844
24/10/2020,PAPUA,57,0,0,57,8569,4549,119,3901
25/10/2020,PAPUA,49,0,0,49,8618,4549,119,3950
26/10/2020,PAPUA,167,5,66,96,8785,4615,124,4046
27/10/2020,PAPUA,0,0,0,0,8785,4615,124,4046
28/10/2020,PAPUA,125,5,39,81,8910,4654,129,4127
29/10/2020,PAPUA,20,0,0,20,8930,4654,129,4147
30/10/2020,PAPUA,62,0,0,62,8992,4654,129,4209
31/10/2020,PAPUA,45,0,0,45,9037,4654,129,4254
01/11/2020,PAPUA,0,0,0,0,9037,4654,129,4254
02/11/2020,PAPUA,0,0,0,0,9037,4654,129,4254
03/11/2020,PAPUA,45,0,22,23,9082,4676,129,4277
04/11/2020,PAPUA,0,0,0,0,9082,4676,129,4277
05/11/2020,PAPUA,193,4,165,24,9275,4841,133,4301
06/11/2020,PAPUA,0,0,0,0,9275,4841,133,4301
07/11/2020,PAPUA,0,0,0,0,9275,4841,133,4301
08/11/2020,PAPUA,33,2,50,-19,9308,4891,135,4282
09/11/2020,PAPUA,0,0,0,0,9308,4891,135,4282
10/11/2020,PAPUA,0,0,0,0,9308,4891,135,4282
11/11/2020,PAPUA,0,0,0,0,9308,4891,135,4282
12/11/2020,PAPUA,100,1,35,64,9408,4926,136,4346
13/11/2020,PAPUA,147,0,0,147,9555,4926,136,4493
14/11/2020,PAPUA,177,1,27,149,9732,4953,137,4642
15/11/2020,PAPUA,0,0,0,0,9732,4953,137,4642
16/11/2020,PAPUA,17,0,77,-60,9749,5030,137,4582
17/11/2020,PAPUA,6,0,0,6,9755,5030,137,4588
18/11/2020,PAPUA,4,0,0,4,9759,5030,137,4592
19/11/2020,PAPUA,0,0,0,0,9759,5030,137,4592
20/11/2020,PAPUA,0,0,0,0,9759,5030,137,4592
21/11/2020,PAPUA,0,0,0,0,9759,5030,137,4592
22/11/2020,PAPUA,0,0,0,0,9759,5030,137,4592
23/11/2020,PAPUA,0,0,0,0,9759,5030,137,4592
24/11/2020,PAPUA,100,0,0,100,9859,5030,137,4692
25/11/2020,PAPUA,39,0,0,39,9898,5030,137,4731
26/11/2020,PAPUA,36,0,0,36,9934,5030,137,4767
27/11/2020,PAPUA,39,0,0,39,9973,5030,137,4806
28/11/2020,PAPUA,28,0,100,-72,10001,5130,137,4734
29/11/2020,PAPUA,8,0,100,-92,10009,5230,137,4642
30/11/2020,PAPUA,5,0,100,-95,10014,5330,137,4547
01/12/2020,PAPUA,80,3,0,77,10094,5330,140,4624
02/12/2020,PAPUA,30,0,20,10,10124,5350,140,4634
03/12/2020,PAPUA,1748,1,102,1645,11872,5452,141,6279
04/12/2020,PAPUA,122,0,224,-102,11994,5676,141,6177
05/12/2020,PAPUA,52,0,0,52,12046,5676,141,6229
06/12/2020,PAPUA,19,0,0,19,12065,5676,141,6248
07/12/2020,PAPUA,48,0,25,23,12113,5701,141,6271
08/12/2020,PAPUA,123,0,0,123,12236,5701,141,6394
09/12/2020,PAPUA,59,0,3,56,12295,5704,141,6450
10/12/2020,PAPUA,37,1,46,-10,12332,5750,142,6440
11/12/2020,PAPUA,64,0,44,20,12396,5794,142,6460
12/12/2020,PAPUA,52,0,39,13,12448,5833,142,6473
13/12/2020,PAPUA,17,0,0,17,12465,5833,142,6490
14/12/2020,PAPUA,31,0,0,31,12496,5833,142,6521
15/12/2020,PAPUA,110,0,7,103,12606,5840,142,6624
16/12/2020,PAPUA,43,0,0,43,12649,5840,142,6667
17/12/2020,PAPUA,26,4,39,-17,12675,5879,146,6650
18/12/2020,PAPUA,28,0,8,20,12703,5887,146,6670
19/12/2020,PAPUA,32,0,0,32,12735,5887,146,6702
20/12/2020,PAPUA,17,0,1,16,12752,5888,146,6718
21/12/2020,PAPUA,32,0,100,-68,12784,5988,146,6650
22/12/2020,PAPUA,33,0,17,16,12817,6005,146,6666
23/12/2020,PAPUA,28,0,43,-15,12845,6048,146,6651
24/12/2020,PAPUA,41,0,0,41,12886,6048,146,6692
25/12/2020,PAPUA,22,0,300,-278,12908,6348,146,6414
26/12/2020,PAPUA,51,0,200,-149,12959,6548,146,6265
27/12/2020,PAPUA,92,0,200,-108,13051,6748,146,6157
28/12/2020,PAPUA,26,0,0,26,13077,6748,146,6183
29/12/2020,PAPUA,46,0,58,-12,13123,6806,146,6171
30/12/2020,PAPUA,31,0,150,-119,13154,6956,146,6052
31/12/2020,PAPUA,55,1,100,-46,13209,7056,147,6006
01/01/2021,PAPUA,11,1,123,-113,13220,7179,148,5893
02/01/2021,PAPUA,23,0,109,-86,13243,7288,148,5807
03/01/2021,PAPUA,27,1,211,-185,13270,7499,149,5622
04/01/2021,PAPUA,36,1,124,-89,13306,7623,150,5533
05/01/2021,PAPUA,67,0,102,-35,13373,7725,150,5498
06/01/2021,PAPUA,58,0,119,-61,13431,7844,150,5437
07/01/2021,PAPUA,47,1,105,-59,13478,7949,151,5378
08/01/2021,PAPUA,70,2,116,-48,13548,8065,153,5330
09/01/2021,PAPUA,75,1,13,61,13623,8078,154,5391
10/01/2021,PAPUA,32,1,8,23,13655,8086,155,5414
11/01/2021,PAPUA,63,0,13,50,13718,8099,155,5464
12/01/2021,PAPUA,42,0,12,30,13760,8111,155,5494
13/01/2021,PAPUA,61,2,12,47,13821,8123,157,5541
14/01/2021,PAPUA,50,1,8,41,13871,8131,158,5582
15/01/2021,PAPUA,99,0,9,90,13970,8140,158,5672
16/01/2021,PAPUA,98,0,8,90,14068,8148,158,5762
17/01/2021,PAPUA,32,0,0,32,14100,8148,158,5794
18/01/2021,PAPUA,31,1,8,22,14131,8156,159,5816
19/01/2021,PAPUA,109,0,9,100,14240,8165,159,5916
20/01/2021,PAPUA,60,0,6,54,14300,8171,159,5970
21/01/2021,PAPUA,90,0,18,72,14390,8189,159,6042
22/01/2021,PAPUA,185,0,16,169,14575,8205,159,6211
23/01/2021,PAPUA,69,3,101,-35,14644,8306,162,6176
24/01/2021,PAPUA,64,0,10,54,14708,8316,162,6230
25/01/2021,PAPUA,18,0,27,-9,14726,8343,162,6221
26/01/2021,PAPUA,136,0,21,115,14862,8364,162,6336
27/01/2021,PAPUA,70,1,19,50,14932,8383,163,6386
28/01/2021,PAPUA,0,2,115,-117,14932,8498,165,6269
29/01/2021,PAPUA,212,2,16,194,15144,8514,167,6463
30/01/2021,PAPUA,64,1,12,51,15208,8526,168,6514
31/01/2021,PAPUA,22,0,16,6,15230,8542,168,6520
01/02/2021,PAPUA,11,0,16,-5,15241,8558,168,6515
02/02/2021,PAPUA,77,0,17,60,15318,8575,168,6575
03/02/2021,PAPUA,69,0,51,18,15387,8626,168,6593
04/02/2021,PAPUA,145,0,23,122,15532,8649,168,6715
05/02/2021,PAPUA,63,0,19,44,15595,8668,168,6759
06/02/2021,PAPUA,67,0,14,53,15662,8682,168,6812
07/02/2021,PAPUA,57,0,10,47,15719,8692,168,6859
08/02/2021,PAPUA,52,0,18,34,15771,8710,168,6893
09/02/2021,PAPUA,63,0,19,44,15834,8729,168,6937
10/02/2021,PAPUA,101,2,10,89,15935,8739,170,7026
11/02/2021,PAPUA,41,0,16,25,15976,8755,170,7051
12/02/2021,PAPUA,67,1,18,48,16043,8773,171,7099
13/02/2021,PAPUA,55,0,7,48,16098,8780,171,7147
14/02/2021,PAPUA,15,0,13,2,16113,8793,171,7149
15/02/2021,PAPUA,17,0,12,5,16130,8805,171,7154
16/02/2021,PAPUA,2,0,13,-11,16132,8818,171,7143
17/02/2021,PAPUA,8,0,225,-217,16140,9043,171,6926
18/02/2021,PAPUA,33,0,8,25,16173,9051,171,6951
19/02/2021,PAPUA,143,0,34,109,16316,9085,171,7060
20/02/2021,PAPUA,118,1,12,105,16434,9097,172,7165
21/02/2021,PAPUA,40,3,12,25,16474,9109,175,7190
22/02/2021,PAPUA,92,0,1,91,16566,9110,175,7281
23/02/2021,PAPUA,76,0,17,59,16642,9127,175,7340
24/02/2021,PAPUA,41,0,19,22,16683,9146,175,7362
25/02/2021,PAPUA,51,0,22,29,16734,9168,175,7391
26/02/2021,PAPUA,160,0,37,123,16894,9205,175,7514
27/02/2021,PAPUA,93,0,31,62,16987,9236,175,7576
28/02/2021,PAPUA,55,0,49,6,17042,9285,175,7582
01/03/2021,PAPUA,41,2,41,-2,17083,9326,177,7580
02/03/2021,PAPUA,82,1,49,32,17165,9375,178,7612
03/03/2021,PAPUA,116,0,36,80,17281,9411,178,7692
04/03/2021,PAPUA,163,0,48,115,17444,9459,178,7807
05/03/2021,PAPUA,63,0,33,30,17507,9492,178,7837
06/03/2021,PAPUA,53,1,27,25,17560,9519,179,7862
07/03/2021,PAPUA,5,2,39,-36,17565,9558,181,7826
08/03/2021,PAPUA,89,0,41,48,17654,9599,181,7874
09/03/2021,PAPUA,360,1,29,330,18014,9628,182,8204
10/03/2021,PAPUA,181,1,32,148,18195,9660,183,8352
11/03/2021,PAPUA,153,14,426,-287,18348,10086,197,8065
12/03/2021,PAPUA,55,0,30,25,18403,10116,197,8090
13/03/2021,PAPUA,47,0,37,10,18450,10153,197,8100
14/03/2021,PAPUA,32,0,38,-6,18482,10191,197,8094
15/03/2021,PAPUA,45,0,30,15,18527,10221,197,8109
16/03/2021,PAPUA,70,0,21,49,18597,10242,197,8158
17/03/2021,PAPUA,65,0,2,63,18662,10244,197,8221
18/03/2021,PAPUA,126,0,30,96,18788,10274,197,8317
19/03/2021,PAPUA,110,1,19,90,18898,10293,198,8407
20/03/2021,PAPUA,40,0,0,40,18938,10293,198,8447
21/03/2021,PAPUA,5,2,35,-32,18943,10328,200,8415
22/03/2021,PAPUA,20,0,0,20,18963,10328,200,8435
23/03/2021,PAPUA,59,0,21,38,19022,10349,200,8473
24/03/2021,PAPUA,66,0,12,54,19088,10361,200,8527
25/03/2021,PAPUA,116,0,40,76,19204,10401,200,8603
26/03/2021,PAPUA,89,0,5,84,19293,10406,200,8687
27/03/2021,PAPUA,121,0,0,121,19414,10406,200,8808
28/03/2021,PAPUA,15,0,15,0,19429,10421,200,8808
29/03/2021,PAPUA,50,1,11,38,19479,10432,201,8846
30/03/2021,PAPUA,52,1,35,16,19531,10467,202,8862
31/03/2021,PAPUA,58,0,0,58,19589,10467,202,8920
01/04/2021,PAPUA,13,1,25,-13,19602,10492,203,8907
02/04/2021,PAPUA,52,0,51,1,19654,10543,203,8908
03/04/2021,PAPUA,21,0,32,-11,19675,10575,203,8897
04/04/2021,PAPUA,17,0,18,-1,19692,10593,203,8896
05/04/2021,PAPUA,6,1,46,-41,19698,10639,204,8855
06/04/2021,PAPUA,30,0,3,27,19728,10642,204,8882
07/04/2021,PAPUA,60,0,20,40,19788,10662,204,8922
08/04/2021,PAPUA,75,2,30,43,19863,10692,206,8965
09/04/2021,PAPUA,66,0,37,29,19929,10729,206,8994
10/04/2021,PAPUA,73,0,0,73,20002,10729,206,9067
11/04/2021,PAPUA,20,1,39,-20,20022,10768,207,9047
12/04/2021,PAPUA,30,0,67,-37,20052,10835,207,9010
13/04/2021,PAPUA,12,0,1,11,20064,10836,207,9021
14/04/2021,PAPUA,0,0,37,-37,20064,10873,207,8984
15/04/2021,PAPUA,63,0,30,33,20127,10903,207,9017
16/04/2021,PAPUA,44,0,41,3,20171,10944,207,9020
17/04/2021,PAPUA,13,0,34,-21,20184,10978,207,8999
18/04/2021,PAPUA,6,0,48,-42,20190,11026,207,8957
19/04/2021,PAPUA,29,0,50,-21,20219,11076,207,8936
20/04/2021,PAPUA,15,0,25,-10,20234,11101,207,8926
21/04/2021,PAPUA,24,0,0,24,20258,11101,207,8950
22/04/2021,PAPUA,13,0,47,-34,20271,11148,207,8916
23/04/2021,PAPUA,8,0,3,5,20279,11151,207,8921
24/04/2021,PAPUA,5,0,15,-10,20284,11166,207,8911
25/04/2021,PAPUA,8,0,24,-16,20292,11190,207,8895
26/04/2021,PAPUA,2,0,19,-17,20294,11209,207,8878
27/04/2021,PAPUA,14,0,16,-2,20308,11225,207,8876
28/04/2021,PAPUA,12,0,25,-13,20320,11250,207,8863
29/04/2021,PAPUA,18,0,39,-21,20338,11289,207,8842
30/04/2021,PAPUA,27,0,31,-4,20365,11320,207,8838
01/05/2021,PAPUA,0,0,10,-10,20365,11330,207,8828
02/05/2021,PAPUA,0,0,14,-14,20365,11344,207,8814
03/05/2021,PAPUA,0,0,16,-16,20365,11360,207,8798
04/05/2021,PAPUA,3,0,5,-2,20368,11365,207,8796
05/05/2021,PAPUA,18,0,18,0,20386,11383,207,8796
06/05/2021,PAPUA,22,0,22,0,20408,11405,207,8796
07/05/2021,PAPUA,2,0,0,2,20410,11405,207,8798
08/05/2021,PAPUA,1,0,4,-3,20411,11409,207,8795
09/05/2021,PAPUA,17,0,18,-1,20428,11427,207,8794
10/05/2021,PAPUA,0,0,0,0,20428,11427,207,8794
11/05/2021,PAPUA,2,0,18,-16,20430,11445,207,8778
12/05/2021,PAPUA,3,0,6,-3,20433,11451,207,8775
13/05/2021,PAPUA,0,0,0,0,20433,11451,207,8775
14/05/2021,PAPUA,0,0,4,-4,20433,11455,207,8771
15/05/2021,PAPUA,0,0,0,0,20433,11455,207,8771
16/05/2021,PAPUA,0,0,0,0,20433,11455,207,8771
17/05/2021,PAPUA,0,0,0,0,20433,11455,207,8771
18/05/2021,PAPUA,0,0,0,0,20433,11455,207,8771
19/05/2021,PAPUA,0,0,0,0,20433,11455,207,8771
20/05/2021,PAPUA,0,0,0,0,20433,11455,207,8771
21/05/2021,PAPUA,0,0,0,0,20433,11455,207,8771
22/05/2021,PAPUA,0,0,0,0,20433,11455,207,8771
23/05/2021,PAPUA,0,0,0,0,20433,11455,207,8771
24/05/2021,PAPUA,28,0,0,28,20461,11455,207,8799
25/05/2021,PAPUA,0,0,0,0,20461,11455,207,8799
26/05/2021,PAPUA,0,0,0,0,20461,11455,207,8799
27/05/2021,PAPUA,0,0,0,0,20461,11455,207,8799
28/05/2021,PAPUA,0,0,0,0,20461,11455,207,8799
29/05/2021,PAPUA,0,0,0,0,20461,11455,207,8799
30/05/2021,PAPUA,0,0,0,0,20461,11455,207,8799
31/05/2021,PAPUA,0,0,0,0,20461,11455,207,8799
01/06/2021,PAPUA,0,0,0,0,20461,11455,207,8799
02/06/2021,PAPUA,0,0,0,0,20461,11455,207,8799
03/06/2021,PAPUA,0,0,0,0,20461,11455,207,8799
04/06/2021,PAPUA,0,0,0,0,20461,11455,207,8799
05/06/2021,PAPUA,12,0,0,12,20473,11455,207,8811
06/06/2021,PAPUA,0,0,0,0,20473,11455,207,8811
07/06/2021,PAPUA,0,0,0,0,20473,11455,207,8811
08/06/2021,PAPUA,16,0,10,6,20489,11465,207,8817
09/06/2021,PAPUA,20,1,20,-1,20509,11485,208,8816
10/06/2021,PAPUA,34,2,20,12,20543,11505,210,8828
11/06/2021,PAPUA,30,2,20,8,20573,11525,212,8836
12/06/2021,PAPUA,20,0,10,10,20593,11535,212,8846
13/06/2021,PAPUA,8,0,20,-12,20601,11555,212,8834
30/03/2020,KALIMANTAN SELATAN,5,0,0,5,5,0,0,5
31/03/2020,KALIMANTAN SELATAN,2,0,0,2,7,0,0,7
01/04/2020,KALIMANTAN SELATAN,0,0,0,0,7,0,0,7
02/04/2020,KALIMANTAN SELATAN,0,0,0,0,7,0,0,7
03/04/2020,KALIMANTAN SELATAN,0,0,0,0,7,0,0,7
04/04/2020,KALIMANTAN SELATAN,0,0,0,0,7,0,0,7
05/04/2020,KALIMANTAN SELATAN,8,1,0,7,15,0,1,14
06/04/2020,KALIMANTAN SELATAN,2,0,0,2,17,0,1,16
07/04/2020,KALIMANTAN SELATAN,0,2,0,-2,17,0,3,14
08/04/2020,KALIMANTAN SELATAN,4,0,1,3,21,1,3,17
09/04/2020,KALIMANTAN SELATAN,0,1,2,-3,21,3,4,14
10/04/2020,KALIMANTAN SELATAN,7,0,0,7,28,3,4,21
11/04/2020,KALIMANTAN SELATAN,0,1,0,-1,28,3,5,20
12/04/2020,KALIMANTAN SELATAN,5,0,0,5,33,3,5,25
13/04/2020,KALIMANTAN SELATAN,1,0,1,0,34,4,5,25
14/04/2020,KALIMANTAN SELATAN,3,2,0,1,37,4,7,26
15/04/2020,KALIMANTAN SELATAN,12,0,1,11,49,5,7,37
16/04/2020,KALIMANTAN SELATAN,9,0,4,5,58,9,7,42
17/04/2020,KALIMANTAN SELATAN,15,0,0,15,73,9,7,57
18/04/2020,KALIMANTAN SELATAN,18,0,1,17,91,10,7,74
19/04/2020,KALIMANTAN SELATAN,4,0,0,4,95,10,7,78
20/04/2020,KALIMANTAN SELATAN,0,0,0,0,95,10,7,78
21/04/2020,KALIMANTAN SELATAN,2,0,1,1,97,11,7,79
22/04/2020,KALIMANTAN SELATAN,10,0,0,10,107,11,7,89
23/04/2020,KALIMANTAN SELATAN,7,1,0,6,114,11,8,95
24/04/2020,KALIMANTAN SELATAN,18,0,0,18,132,11,8,113
25/04/2020,KALIMANTAN SELATAN,14,0,4,10,146,15,8,123
26/04/2020,KALIMANTAN SELATAN,0,0,1,-1,146,16,8,122
27/04/2020,KALIMANTAN SELATAN,4,0,0,4,150,16,8,126
28/04/2020,KALIMANTAN SELATAN,0,1,4,-5,150,20,9,121
29/04/2020,KALIMANTAN SELATAN,7,0,0,7,157,20,9,128
30/04/2020,KALIMANTAN SELATAN,13,0,0,13,170,20,9,141
01/05/2020,KALIMANTAN SELATAN,9,0,4,5,179,24,9,146
02/05/2020,KALIMANTAN SELATAN,0,0,0,0,179,24,9,146
03/05/2020,KALIMANTAN SELATAN,16,0,0,16,195,24,9,162
04/05/2020,KALIMANTAN SELATAN,3,0,0,3,198,24,9,165
05/05/2020,KALIMANTAN SELATAN,14,0,0,14,212,24,9,179
06/05/2020,KALIMANTAN SELATAN,13,0,0,13,225,24,9,192
07/05/2020,KALIMANTAN SELATAN,13,0,0,13,238,24,9,205
08/05/2020,KALIMANTAN SELATAN,8,0,0,8,246,24,9,213
09/05/2020,KALIMANTAN SELATAN,7,0,0,7,253,24,9,220
10/05/2020,KALIMANTAN SELATAN,7,0,0,7,260,24,9,227
11/05/2020,KALIMANTAN SELATAN,0,0,0,0,260,24,9,227
12/05/2020,KALIMANTAN SELATAN,14,0,0,14,274,24,9,241
13/05/2020,KALIMANTAN SELATAN,13,0,0,13,287,24,9,254
14/05/2020,KALIMANTAN SELATAN,2,0,0,2,289,24,9,256
15/05/2020,KALIMANTAN SELATAN,67,27,0,40,356,24,36,296
16/05/2020,KALIMANTAN SELATAN,7,0,50,-43,363,74,36,253
17/05/2020,KALIMANTAN SELATAN,2,8,0,-6,365,74,44,247
18/05/2020,KALIMANTAN SELATAN,71,2,0,69,436,74,46,316
19/05/2020,KALIMANTAN SELATAN,46,5,3,38,482,77,51,354
20/05/2020,KALIMANTAN SELATAN,59,4,0,55,541,77,55,409
21/05/2020,KALIMANTAN SELATAN,8,4,1,3,549,78,59,412
22/05/2020,KALIMANTAN SELATAN,21,0,0,21,570,78,59,433
23/05/2020,KALIMANTAN SELATAN,18,2,0,16,588,78,61,449
24/05/2020,KALIMANTAN SELATAN,9,2,3,4,597,81,63,453
25/05/2020,KALIMANTAN SELATAN,3,2,0,1,600,81,65,454
26/05/2020,KALIMANTAN SELATAN,28,8,0,20,628,81,73,474
27/05/2020,KALIMANTAN SELATAN,73,0,0,73,701,81,73,547
28/05/2020,KALIMANTAN SELATAN,114,1,2,111,815,83,74,658
29/05/2020,KALIMANTAN SELATAN,73,5,15,53,888,98,79,711
30/05/2020,KALIMANTAN SELATAN,3,0,2,1,891,100,79,712
31/05/2020,KALIMANTAN SELATAN,26,6,0,20,917,100,85,732
01/06/2020,KALIMANTAN SELATAN,29,1,0,28,946,100,86,760
02/06/2020,KALIMANTAN SELATAN,21,3,2,16,967,102,89,776
03/06/2020,KALIMANTAN SELATAN,64,3,0,61,1031,102,92,837
04/06/2020,KALIMANTAN SELATAN,109,0,3,106,1140,105,92,943
05/06/2020,KALIMANTAN SELATAN,71,2,0,69,1211,105,94,1012
06/06/2020,KALIMANTAN SELATAN,33,2,4,27,1244,109,96,1039
07/06/2020,KALIMANTAN SELATAN,38,3,0,35,1282,109,99,1074
08/06/2020,KALIMANTAN SELATAN,62,0,9,53,1344,118,99,1127
09/06/2020,KALIMANTAN SELATAN,91,8,1,82,1435,119,107,1209
10/06/2020,KALIMANTAN SELATAN,127,4,10,113,1562,129,111,1322
11/06/2020,KALIMANTAN SELATAN,70,4,36,30,1632,165,115,1352
12/06/2020,KALIMANTAN SELATAN,60,3,15,42,1692,180,118,1394
13/06/2020,KALIMANTAN SELATAN,123,6,22,95,1815,202,124,1489
14/06/2020,KALIMANTAN SELATAN,70,6,29,35,1885,231,130,1524
15/06/2020,KALIMANTAN SELATAN,66,4,16,46,1951,247,134,1570
16/06/2020,KALIMANTAN SELATAN,169,6,6,157,2120,253,140,1727
17/06/2020,KALIMANTAN SELATAN,87,9,79,-1,2207,332,149,1726
18/06/2020,KALIMANTAN SELATAN,118,2,14,102,2325,346,151,1828
19/06/2020,KALIMANTAN SELATAN,66,3,14,49,2391,360,154,1877
20/06/2020,KALIMANTAN SELATAN,84,10,25,49,2475,385,164,1926
21/06/2020,KALIMANTAN SELATAN,94,2,10,82,2569,395,166,2008
22/06/2020,KALIMANTAN SELATAN,89,0,10,79,2658,405,166,2087
23/06/2020,KALIMANTAN SELATAN,27,1,28,-2,2685,433,167,2085
24/06/2020,KALIMANTAN SELATAN,90,7,15,68,2775,448,174,2153
25/06/2020,KALIMANTAN SELATAN,59,3,86,-30,2834,534,177,2123
26/06/2020,KALIMANTAN SELATAN,41,0,15,26,2875,549,177,2149
27/06/2020,KALIMANTAN SELATAN,54,4,94,-44,2929,643,181,2105
28/06/2020,KALIMANTAN SELATAN,73,4,80,-11,3002,723,185,2094
29/06/2020,KALIMANTAN SELATAN,38,3,5,30,3040,728,188,2124
30/06/2020,KALIMANTAN SELATAN,108,1,38,69,3148,766,189,2193
01/07/2020,KALIMANTAN SELATAN,75,0,23,52,3223,789,189,2245
02/07/2020,KALIMANTAN SELATAN,113,5,51,57,3336,840,194,2302
03/07/2020,KALIMANTAN SELATAN,110,3,28,79,3446,868,197,2381
04/07/2020,KALIMANTAN SELATAN,73,2,42,29,3519,910,199,2410
05/07/2020,KALIMANTAN SELATAN,44,2,32,10,3563,942,201,2420
06/07/2020,KALIMANTAN SELATAN,64,3,15,46,3627,957,204,2466
07/07/2020,KALIMANTAN SELATAN,67,1,107,-41,3694,1064,205,2425
08/07/2020,KALIMANTAN SELATAN,123,3,62,58,3817,1126,208,2483
09/07/2020,KALIMANTAN SELATAN,106,2,22,82,3923,1148,210,2565
10/07/2020,KALIMANTAN SELATAN,66,0,55,11,3989,1203,210,2576
11/07/2020,KALIMANTAN SELATAN,79,5,75,-1,4068,1278,215,2575
12/07/2020,KALIMANTAN SELATAN,77,5,107,-35,4145,1385,220,2540
13/07/2020,KALIMANTAN SELATAN,73,3,24,46,4218,1409,223,2586
14/07/2020,KALIMANTAN SELATAN,161,2,54,105,4379,1463,225,2691
15/07/2020,KALIMANTAN SELATAN,109,8,41,60,4488,1504,233,2751
16/07/2020,KALIMANTAN SELATAN,133,2,66,65,4621,1570,235,2816
17/07/2020,KALIMANTAN SELATAN,101,7,42,52,4722,1612,242,2868
18/07/2020,KALIMANTAN SELATAN,107,3,88,16,4829,1700,245,2884
19/07/2020,KALIMANTAN SELATAN,110,5,30,75,4939,1730,250,2959
20/07/2020,KALIMANTAN SELATAN,52,6,99,-53,4991,1829,256,2906
21/07/2020,KALIMANTAN SELATAN,92,5,191,-104,5083,2020,261,2802
22/07/2020,KALIMANTAN SELATAN,133,1,134,-2,5216,2154,262,2800
23/07/2020,KALIMANTAN SELATAN,116,0,115,1,5332,2269,262,2801
24/07/2020,KALIMANTAN SELATAN,90,3,271,-184,5422,2540,265,2617
25/07/2020,KALIMANTAN SELATAN,118,5,178,-65,5540,2718,270,2552
26/07/2020,KALIMANTAN SELATAN,115,2,131,-18,5655,2849,272,2534
27/07/2020,KALIMANTAN SELATAN,33,3,67,-37,5688,2916,275,2497
28/07/2020,KALIMANTAN SELATAN,94,4,157,-67,5782,3073,279,2430
29/07/2020,KALIMANTAN SELATAN,101,8,71,22,5883,3144,287,2452
30/07/2020,KALIMANTAN SELATAN,87,1,155,-69,5970,3299,288,2383
31/07/2020,KALIMANTAN SELATAN,128,6,68,54,6098,3367,294,2437
01/08/2020,KALIMANTAN SELATAN,62,0,82,-20,6160,3449,294,2417
02/08/2020,KALIMANTAN SELATAN,32,0,18,14,6192,3467,294,2431
03/08/2020,KALIMANTAN SELATAN,46,2,92,-48,6238,3559,296,2383
04/08/2020,KALIMANTAN SELATAN,119,1,50,68,6357,3609,297,2451
05/08/2020,KALIMANTAN SELATAN,54,0,95,-41,6411,3704,297,2410
06/08/2020,KALIMANTAN SELATAN,67,0,25,42,6478,3729,297,2452
07/08/2020,KALIMANTAN SELATAN,57,3,121,-67,6535,3850,300,2385
08/08/2020,KALIMANTAN SELATAN,82,2,42,38,6617,3892,302,2423
09/08/2020,KALIMANTAN SELATAN,98,3,133,-38,6715,4025,305,2385
10/08/2020,KALIMANTAN SELATAN,50,1,28,21,6765,4053,306,2406
11/08/2020,KALIMANTAN SELATAN,71,1,82,-12,6836,4135,307,2394
12/08/2020,KALIMANTAN SELATAN,53,2,86,-35,6889,4221,309,2359
13/08/2020,KALIMANTAN SELATAN,45,4,26,15,6934,4247,313,2374
14/08/2020,KALIMANTAN SELATAN,55,2,57,-4,6989,4304,315,2370
15/08/2020,KALIMANTAN SELATAN,62,3,36,23,7051,4340,318,2393
16/08/2020,KALIMANTAN SELATAN,100,0,83,17,7151,4423,318,2410
17/08/2020,KALIMANTAN SELATAN,90,6,126,-42,7241,4549,324,2368
18/08/2020,KALIMANTAN SELATAN,40,0,40,0,7281,4589,324,2368
19/08/2020,KALIMANTAN SELATAN,82,1,136,-55,7363,4725,325,2313
20/08/2020,KALIMANTAN SELATAN,181,0,74,107,7544,4799,325,2420
21/08/2020,KALIMANTAN SELATAN,74,2,275,-203,7618,5074,327,2217
22/08/2020,KALIMANTAN SELATAN,78,3,230,-155,7696,5304,330,2062
23/08/2020,KALIMANTAN SELATAN,81,2,77,2,7777,5381,332,2064
24/08/2020,KALIMANTAN SELATAN,61,2,47,12,7838,5428,334,2076
25/08/2020,KALIMANTAN SELATAN,82,4,66,12,7920,5494,338,2088
26/08/2020,KALIMANTAN SELATAN,54,2,141,-89,7974,5635,340,1999
27/08/2020,KALIMANTAN SELATAN,39,2,184,-147,8013,5819,342,1852
28/08/2020,KALIMANTAN SELATAN,68,5,180,-117,8081,5999,347,1735
29/08/2020,KALIMANTAN SELATAN,111,3,149,-41,8192,6148,350,1694
30/08/2020,KALIMANTAN SELATAN,64,2,96,-34,8256,6244,352,1660
31/08/2020,KALIMANTAN SELATAN,32,1,42,-11,8288,6286,353,1649
01/09/2020,KALIMANTAN SELATAN,69,1,102,-34,8357,6388,354,1615
02/09/2020,KALIMANTAN SELATAN,59,4,105,-50,8416,6493,358,1565
03/09/2020,KALIMANTAN SELATAN,111,4,139,-32,8527,6632,362,1533
04/09/2020,KALIMANTAN SELATAN,49,0,37,12,8576,6669,362,1545
05/09/2020,KALIMANTAN SELATAN,81,6,37,38,8657,6706,368,1583
06/09/2020,KALIMANTAN SELATAN,103,1,95,7,8760,6801,369,1590
07/09/2020,KALIMANTAN SELATAN,77,2,49,26,8837,6850,371,1616
08/09/2020,KALIMANTAN SELATAN,66,1,38,27,8903,6888,372,1643
09/09/2020,KALIMANTAN SELATAN,99,1,106,-8,9002,6994,373,1635
10/09/2020,KALIMANTAN SELATAN,77,6,138,-67,9079,7132,379,1568
11/09/2020,KALIMANTAN SELATAN,73,1,101,-29,9152,7233,380,1539
12/09/2020,KALIMANTAN SELATAN,96,5,84,7,9248,7317,385,1546
13/09/2020,KALIMANTAN SELATAN,33,0,78,-45,9281,7395,385,1501
14/09/2020,KALIMANTAN SELATAN,141,3,78,60,9422,7473,388,1561
15/09/2020,KALIMANTAN SELATAN,77,1,56,20,9499,7529,389,1581
16/09/2020,KALIMANTAN SELATAN,11,2,58,-49,9510,7587,391,1532
17/09/2020,KALIMANTAN SELATAN,36,0,37,-1,9546,7624,391,1531
18/09/2020,KALIMANTAN SELATAN,25,2,199,-176,9571,7823,393,1355
19/09/2020,KALIMANTAN SELATAN,76,2,247,-173,9647,8070,395,1182
20/09/2020,KALIMANTAN SELATAN,87,3,59,25,9734,8129,398,1207
21/09/2020,KALIMANTAN SELATAN,82,2,96,-16,9816,8225,400,1191
22/09/2020,KALIMANTAN SELATAN,85,0,40,45,9901,8265,400,1236
23/09/2020,KALIMANTAN SELATAN,82,3,104,-25,9983,8369,403,1211
24/09/2020,KALIMANTAN SELATAN,63,1,81,-19,10046,8450,404,1192
25/09/2020,KALIMANTAN SELATAN,33,4,51,-22,10079,8501,408,1170
26/09/2020,KALIMANTAN SELATAN,40,2,16,22,10119,8517,410,1192
27/09/2020,KALIMANTAN SELATAN,77,1,75,1,10196,8592,411,1193
28/09/2020,KALIMANTAN SELATAN,40,5,89,-54,10236,8681,416,1139
29/09/2020,KALIMANTAN SELATAN,53,2,64,-13,10289,8745,418,1126
30/09/2020,KALIMANTAN SELATAN,59,2,38,19,10348,8783,420,1145
01/10/2020,KALIMANTAN SELATAN,55,0,73,-18,10403,8856,420,1127
02/10/2020,KALIMANTAN SELATAN,75,4,63,8,10478,8919,424,1135
03/10/2020,KALIMANTAN SELATAN,84,2,71,11,10562,8990,426,1146
04/10/2020,KALIMANTAN SELATAN,59,1,97,-39,10621,9087,427,1107
05/10/2020,KALIMANTAN SELATAN,44,1,32,11,10665,9119,428,1118
06/10/2020,KALIMANTAN SELATAN,73,3,107,-37,10738,9226,431,1081
07/10/2020,KALIMANTAN SELATAN,40,1,68,-29,10778,9294,432,1052
08/10/2020,KALIMANTAN SELATAN,42,5,69,-32,10820,9363,437,1020
09/10/2020,KALIMANTAN SELATAN,81,1,142,-62,10901,9505,438,958
10/10/2020,KALIMANTAN SELATAN,53,1,22,30,10954,9527,439,988
11/10/2020,KALIMANTAN SELATAN,75,1,79,-5,11029,9606,440,983
12/10/2020,KALIMANTAN SELATAN,27,1,45,-19,11056,9651,441,964
13/10/2020,KALIMANTAN SELATAN,77,1,111,-35,11133,9762,442,929
14/10/2020,KALIMANTAN SELATAN,55,3,54,-2,11188,9816,445,927
15/10/2020,KALIMANTAN SELATAN,76,1,59,16,11264,9875,446,943
16/10/2020,KALIMANTAN SELATAN,68,2,43,23,11332,9918,448,966
17/10/2020,KALIMANTAN SELATAN,71,2,66,3,11403,9984,450,969
18/10/2020,KALIMANTAN SELATAN,39,2,58,-21,11442,10042,452,948
19/10/2020,KALIMANTAN SELATAN,8,2,33,-27,11450,10075,454,921
20/10/2020,KALIMANTAN SELATAN,42,2,42,-2,11492,10117,456,919
21/10/2020,KALIMANTAN SELATAN,19,3,37,-21,11511,10154,459,898
22/10/2020,KALIMANTAN SELATAN,28,3,42,-17,11539,10196,462,881
23/10/2020,KALIMANTAN SELATAN,48,3,80,-35,11587,10276,465,846
24/10/2020,KALIMANTAN SELATAN,46,3,99,-56,11633,10375,468,790
25/10/2020,KALIMANTAN SELATAN,19,3,52,-36,11652,10427,471,754
26/10/2020,KALIMANTAN SELATAN,2,2,56,-56,11654,10483,473,698
27/10/2020,KALIMANTAN SELATAN,12,3,32,-23,11666,10515,476,675
28/10/2020,KALIMANTAN SELATAN,69,2,80,-13,11735,10595,478,662
29/10/2020,KALIMANTAN SELATAN,32,2,43,-13,11767,10638,480,649
30/10/2020,KALIMANTAN SELATAN,44,1,59,-16,11811,10697,481,633
31/10/2020,KALIMANTAN SELATAN,48,3,78,-33,11859,10775,484,600
01/11/2020,KALIMANTAN SELATAN,25,2,75,-52,11884,10850,486,548
02/11/2020,KALIMANTAN SELATAN,12,0,25,-13,11896,10875,486,535
03/11/2020,KALIMANTAN SELATAN,16,1,53,-38,11912,10928,487,497
04/11/2020,KALIMANTAN SELATAN,22,0,41,-19,11934,10969,487,478
05/11/2020,KALIMANTAN SELATAN,94,1,27,66,12028,10996,488,544
06/11/2020,KALIMANTAN SELATAN,59,2,45,12,12087,11041,490,556
07/11/2020,KALIMANTAN SELATAN,43,2,15,26,12130,11056,492,582
08/11/2020,KALIMANTAN SELATAN,46,2,16,28,12176,11072,494,610
09/11/2020,KALIMANTAN SELATAN,12,1,8,3,12188,11080,495,613
10/11/2020,KALIMANTAN SELATAN,59,0,43,16,12247,11123,495,629
11/11/2020,KALIMANTAN SELATAN,68,2,61,5,12315,11184,497,634
12/11/2020,KALIMANTAN SELATAN,50,2,28,20,12365,11212,499,654
13/11/2020,KALIMANTAN SELATAN,31,1,29,1,12396,11241,500,655
14/11/2020,KALIMANTAN SELATAN,51,1,91,-41,12447,11332,501,614
15/11/2020,KALIMANTAN SELATAN,74,0,35,39,12521,11367,501,653
16/11/2020,KALIMANTAN SELATAN,22,2,46,-26,12543,11413,503,627
17/11/2020,KALIMANTAN SELATAN,14,0,173,-159,12557,11586,503,468
18/11/2020,KALIMANTAN SELATAN,83,1,2,80,12640,11588,504,548
19/11/2020,KALIMANTAN SELATAN,40,3,2,35,12680,11590,507,583
20/11/2020,KALIMANTAN SELATAN,58,3,3,52,12738,11593,510,635
21/11/2020,KALIMANTAN SELATAN,89,1,0,88,12827,11593,511,723
22/11/2020,KALIMANTAN SELATAN,75,3,1,71,12902,11594,514,794
23/11/2020,KALIMANTAN SELATAN,11,0,9,2,12913,11603,514,796
24/11/2020,KALIMANTAN SELATAN,21,2,26,-7,12934,11629,516,789
25/11/2020,KALIMANTAN SELATAN,64,1,29,34,12998,11658,517,823
26/11/2020,KALIMANTAN SELATAN,49,3,16,30,13047,11674,520,853
27/11/2020,KALIMANTAN SELATAN,44,2,39,3,13091,11713,522,856
28/11/2020,KALIMANTAN SELATAN,56,1,18,37,13147,11731,523,893
29/11/2020,KALIMANTAN SELATAN,40,3,14,23,13187,11745,526,916
30/11/2020,KALIMANTAN SELATAN,12,1,32,-21,13199,11777,527,895
01/12/2020,KALIMANTAN SELATAN,82,4,39,39,13281,11816,531,934
02/12/2020,KALIMANTAN SELATAN,33,1,73,-41,13314,11889,532,893
03/12/2020,KALIMANTAN SELATAN,54,2,10,42,13368,11899,534,935
04/12/2020,KALIMANTAN SELATAN,71,2,84,-15,13439,11983,536,920
05/12/2020,KALIMANTAN SELATAN,96,0,13,83,13535,11996,536,1003
06/12/2020,KALIMANTAN SELATAN,70,1,27,42,13605,12023,537,1045
07/12/2020,KALIMANTAN SELATAN,28,1,10,17,13633,12033,538,1062
08/12/2020,KALIMANTAN SELATAN,62,1,31,30,13695,12064,539,1092
09/12/2020,KALIMANTAN SELATAN,83,3,225,-145,13778,12289,542,947
10/12/2020,KALIMANTAN SELATAN,46,2,109,-65,13824,12398,544,882
11/12/2020,KALIMANTAN SELATAN,56,5,51,0,13880,12449,549,882
12/12/2020,KALIMANTAN SELATAN,91,2,117,-28,13971,12566,551,854
13/12/2020,KALIMANTAN SELATAN,104,1,55,48,14075,12621,552,902
14/12/2020,KALIMANTAN SELATAN,48,1,60,-13,14123,12681,553,889
15/12/2020,KALIMANTAN SELATAN,48,2,68,-22,14171,12749,555,867
16/12/2020,KALIMANTAN SELATAN,72,0,66,6,14243,12815,555,873
17/12/2020,KALIMANTAN SELATAN,95,0,94,1,14338,12909,555,874
18/12/2020,KALIMANTAN SELATAN,82,1,123,-42,14420,13032,556,832
19/12/2020,KALIMANTAN SELATAN,78,5,102,-29,14498,13134,561,803
20/12/2020,KALIMANTAN SELATAN,88,2,41,45,14586,13175,563,848
21/12/2020,KALIMANTAN SELATAN,43,3,25,15,14629,13200,566,863
22/12/2020,KALIMANTAN SELATAN,66,2,32,32,14695,13232,568,895
23/12/2020,KALIMANTAN SELATAN,90,2,39,49,14785,13271,570,944
24/12/2020,KALIMANTAN SELATAN,95,3,33,59,14880,13304,573,1003
25/12/2020,KALIMANTAN SELATAN,93,0,75,18,14973,13379,573,1021
26/12/2020,KALIMANTAN SELATAN,63,0,93,-30,15036,13472,573,991
27/12/2020,KALIMANTAN SELATAN,45,2,35,8,15081,13507,575,999
28/12/2020,KALIMANTAN SELATAN,21,0,40,-19,15102,13547,575,980
29/12/2020,KALIMANTAN SELATAN,61,3,99,-41,15163,13646,578,939
30/12/2020,KALIMANTAN SELATAN,74,2,72,0,15237,13718,580,939
31/12/2020,KALIMANTAN SELATAN,66,4,82,-20,15303,13800,584,919
01/01/2021,KALIMANTAN SELATAN,99,0,61,38,15402,13861,584,957
02/01/2021,KALIMANTAN SELATAN,17,2,45,-30,15419,13906,586,927
03/01/2021,KALIMANTAN SELATAN,71,1,80,-10,15490,13986,587,917
04/01/2021,KALIMANTAN SELATAN,20,2,69,-51,15510,14055,589,866
05/01/2021,KALIMANTAN SELATAN,81,1,59,21,15591,14114,590,887
06/01/2021,KALIMANTAN SELATAN,88,2,59,27,15679,14173,592,914
07/01/2021,KALIMANTAN SELATAN,93,0,47,46,15772,14220,592,960
08/01/2021,KALIMANTAN SELATAN,89,1,46,42,15861,14266,593,1002
09/01/2021,KALIMANTAN SELATAN,98,1,61,36,15959,14327,594,1038
10/01/2021,KALIMANTAN SELATAN,120,3,45,72,16079,14372,597,1110
11/01/2021,KALIMANTAN SELATAN,114,2,59,53,16193,14431,599,1163
12/01/2021,KALIMANTAN SELATAN,34,1,91,-58,16227,14522,600,1105
13/01/2021,KALIMANTAN SELATAN,69,2,37,30,16296,14559,602,1135
14/01/2021,KALIMANTAN SELATAN,101,2,75,24,16397,14634,604,1159
15/01/2021,KALIMANTAN SELATAN,107,1,77,29,16504,14711,605,1188
16/01/2021,KALIMANTAN SELATAN,108,3,76,29,16612,14787,608,1217
17/01/2021,KALIMANTAN SELATAN,112,2,62,48,16724,14849,610,1265
18/01/2021,KALIMANTAN SELATAN,13,3,82,-72,16737,14931,613,1193
19/01/2021,KALIMANTAN SELATAN,68,2,42,24,16805,14973,615,1217
20/01/2021,KALIMANTAN SELATAN,32,1,44,-13,16837,15017,616,1204
21/01/2021,KALIMANTAN SELATAN,106,2,77,27,16943,15094,618,1231
22/01/2021,KALIMANTAN SELATAN,107,3,93,11,17050,15187,621,1242
23/01/2021,KALIMANTAN SELATAN,137,2,105,30,17187,15292,623,1272
24/01/2021,KALIMANTAN SELATAN,120,2,87,31,17307,15379,625,1303
25/01/2021,KALIMANTAN SELATAN,133,2,138,-7,17440,15517,627,1296
26/01/2021,KALIMANTAN SELATAN,97,5,75,17,17537,15592,632,1313
27/01/2021,KALIMANTAN SELATAN,62,3,101,-42,17599,15693,635,1271
28/01/2021,KALIMANTAN SELATAN,103,1,49,53,17702,15742,636,1324
29/01/2021,KALIMANTAN SELATAN,120,3,100,17,17822,15842,639,1341
30/01/2021,KALIMANTAN SELATAN,130,2,42,86,17952,15884,641,1427
31/01/2021,KALIMANTAN SELATAN,124,3,88,33,18076,15972,644,1460
01/02/2021,KALIMANTAN SELATAN,74,3,58,13,18150,16030,647,1473
02/02/2021,KALIMANTAN SELATAN,87,2,64,21,18237,16094,649,1494
03/02/2021,KALIMANTAN SELATAN,104,2,45,57,18341,16139,651,1551
04/02/2021,KALIMANTAN SELATAN,111,5,138,-32,18452,16277,656,1519
05/02/2021,KALIMANTAN SELATAN,128,2,64,62,18580,16341,658,1581
06/02/2021,KALIMANTAN SELATAN,140,4,154,-18,18720,16495,662,1563
07/02/2021,KALIMANTAN SELATAN,117,3,56,58,18837,16551,665,1621
08/02/2021,KALIMANTAN SELATAN,80,2,34,44,18917,16585,667,1665
09/02/2021,KALIMANTAN SELATAN,115,3,181,-69,19032,16766,670,1596
10/02/2021,KALIMANTAN SELATAN,145,2,190,-47,19177,16956,672,1549
11/02/2021,KALIMANTAN SELATAN,139,2,108,29,19316,17064,674,1578
12/02/2021,KALIMANTAN SELATAN,136,3,65,68,19452,17129,677,1646
13/02/2021,KALIMANTAN SELATAN,144,0,120,24,19596,17249,677,1670
14/02/2021,KALIMANTAN SELATAN,97,5,92,0,19693,17341,682,1670
15/02/2021,KALIMANTAN SELATAN,146,0,21,125,19839,17362,682,1795
16/02/2021,KALIMANTAN SELATAN,139,0,52,87,19978,17414,682,1882
17/02/2021,KALIMANTAN SELATAN,151,1,8,142,20129,17422,683,2024
18/02/2021,KALIMANTAN SELATAN,120,0,109,11,20249,17531,683,2035
19/02/2021,KALIMANTAN SELATAN,180,12,211,-43,20429,17742,695,1992
20/02/2021,KALIMANTAN SELATAN,183,0,382,-199,20612,18124,695,1793
21/02/2021,KALIMANTAN SELATAN,162,2,153,7,20774,18277,697,1800
22/02/2021,KALIMANTAN SELATAN,107,7,194,-94,20881,18471,704,1706
23/02/2021,KALIMANTAN SELATAN,101,1,117,-17,20982,18588,705,1689
24/02/2021,KALIMANTAN SELATAN,133,3,129,1,21115,18717,708,1690
25/02/2021,KALIMANTAN SELATAN,179,5,93,81,21294,18810,713,1771
26/02/2021,KALIMANTAN SELATAN,186,3,294,-111,21480,19104,716,1660
27/02/2021,KALIMANTAN SELATAN,187,1,128,58,21667,19232,717,1718
28/02/2021,KALIMANTAN SELATAN,170,3,43,124,21837,19275,720,1842
01/03/2021,KALIMANTAN SELATAN,206,1,91,114,22043,19366,721,1956
02/03/2021,KALIMANTAN SELATAN,187,6,102,79,22230,19468,727,2035
03/03/2021,KALIMANTAN SELATAN,179,2,121,56,22409,19589,729,2091
04/03/2021,KALIMANTAN SELATAN,167,5,129,33,22576,19718,734,2124
05/03/2021,KALIMANTAN SELATAN,197,3,242,-48,22773,19960,737,2076
06/03/2021,KALIMANTAN SELATAN,171,6,83,82,22944,20043,743,2158
07/03/2021,KALIMANTAN SELATAN,196,2,136,58,23140,20179,745,2216
08/03/2021,KALIMANTAN SELATAN,160,2,265,-107,23300,20444,747,2109
09/03/2021,KALIMANTAN SELATAN,126,4,131,-9,23426,20575,751,2100
10/03/2021,KALIMANTAN SELATAN,112,4,114,-6,23538,20689,755,2094
11/03/2021,KALIMANTAN SELATAN,196,2,125,69,23734,20814,757,2163
12/03/2021,KALIMANTAN SELATAN,199,3,72,124,23933,20886,760,2287
13/03/2021,KALIMANTAN SELATAN,197,3,146,48,24130,21032,763,2335
14/03/2021,KALIMANTAN SELATAN,204,5,279,-80,24334,21311,768,2255
15/03/2021,KALIMANTAN SELATAN,175,4,142,29,24509,21453,772,2284
16/03/2021,KALIMANTAN SELATAN,191,2,266,-77,24700,21719,774,2207
17/03/2021,KALIMANTAN SELATAN,158,5,130,23,24858,21849,779,2230
18/03/2021,KALIMANTAN SELATAN,118,4,134,-20,24976,21983,783,2210
19/03/2021,KALIMANTAN SELATAN,197,4,157,36,25173,22140,787,2246
20/03/2021,KALIMANTAN SELATAN,215,4,188,23,25388,22328,791,2269
21/03/2021,KALIMANTAN SELATAN,228,0,116,112,25616,22444,791,2381
22/03/2021,KALIMANTAN SELATAN,207,4,91,112,25823,22535,795,2493
23/03/2021,KALIMANTAN SELATAN,140,4,117,19,25963,22652,799,2512
24/03/2021,KALIMANTAN SELATAN,190,5,363,-178,26153,23015,804,2334
25/03/2021,KALIMANTAN SELATAN,236,3,110,123,26389,23125,807,2457
26/03/2021,KALIMANTAN SELATAN,215,3,159,53,26604,23284,810,2510
27/03/2021,KALIMANTAN SELATAN,267,4,164,99,26871,23448,814,2609
28/03/2021,KALIMANTAN SELATAN,248,6,196,46,27119,23644,820,2655
29/03/2021,KALIMANTAN SELATAN,275,6,217,52,27394,23861,826,2707
30/03/2021,KALIMANTAN SELATAN,221,3,82,136,27615,23943,829,2843
31/03/2021,KALIMANTAN SELATAN,267,4,83,180,27882,24026,833,3023
01/04/2021,KALIMANTAN SELATAN,262,4,258,0,28144,24284,837,3023
02/04/2021,KALIMANTAN SELATAN,283,5,141,137,28427,24425,842,3160
03/04/2021,KALIMANTAN SELATAN,154,5,220,-71,28581,24645,847,3089
04/04/2021,KALIMANTAN SELATAN,290,0,258,32,28871,24903,847,3121
05/04/2021,KALIMANTAN SELATAN,153,2,213,-62,29024,25116,849,3059
06/04/2021,KALIMANTAN SELATAN,153,5,222,-74,29177,25338,854,2985
07/04/2021,KALIMANTAN SELATAN,140,3,122,15,29317,25460,857,3000
08/04/2021,KALIMANTAN SELATAN,301,7,498,-204,29618,25958,864,2796
09/04/2021,KALIMANTAN SELATAN,281,5,174,102,29899,26132,869,2898
10/04/2021,KALIMANTAN SELATAN,257,4,225,28,30156,26357,873,2926
11/04/2021,KALIMANTAN SELATAN,241,0,290,-49,30397,26647,873,2877
12/04/2021,KALIMANTAN SELATAN,82,4,184,-106,30479,26831,877,2771
13/04/2021,KALIMANTAN SELATAN,142,5,124,13,30621,26955,882,2784
14/04/2021,KALIMANTAN SELATAN,256,1,154,101,30877,27109,883,2885
15/04/2021,KALIMANTAN SELATAN,221,6,237,-22,31098,27346,889,2863
16/04/2021,KALIMANTAN SELATAN,153,6,215,-68,31251,27561,895,2795
17/04/2021,KALIMANTAN SELATAN,156,2,287,-133,31407,27848,897,2662
18/04/2021,KALIMANTAN SELATAN,186,3,142,41,31593,27990,900,2703
19/04/2021,KALIMANTAN SELATAN,31,2,112,-83,31624,28102,902,2620
20/04/2021,KALIMANTAN SELATAN,147,4,142,1,31771,28244,906,2621
21/04/2021,KALIMANTAN SELATAN,95,5,279,-189,31866,28523,911,2432
22/04/2021,KALIMANTAN SELATAN,206,5,210,-9,32072,28733,916,2423
23/04/2021,KALIMANTAN SELATAN,197,4,327,-134,32269,29060,920,2289
24/04/2021,KALIMANTAN SELATAN,173,5,54,114,32442,29114,925,2403
25/04/2021,KALIMANTAN SELATAN,56,2,62,-8,32498,29176,927,2395
26/04/2021,KALIMANTAN SELATAN,16,3,212,-199,32514,29388,930,2196
27/04/2021,KALIMANTAN SELATAN,98,7,130,-39,32612,29518,937,2157
28/04/2021,KALIMANTAN SELATAN,74,1,97,-24,32686,29615,938,2133
29/04/2021,KALIMANTAN SELATAN,65,3,59,3,32751,29674,941,2136
30/04/2021,KALIMANTAN SELATAN,207,0,166,41,32958,29840,941,2177
01/05/2021,KALIMANTAN SELATAN,88,4,99,-15,33046,29939,945,2162
02/05/2021,KALIMANTAN SELATAN,12,4,62,-54,33058,30001,949,2108
03/05/2021,KALIMANTAN SELATAN,34,1,45,-12,33092,30046,950,2096
04/05/2021,KALIMANTAN SELATAN,56,5,224,-173,33148,30270,955,1923
05/05/2021,KALIMANTAN SELATAN,108,3,211,-106,33256,30481,958,1817
06/05/2021,KALIMANTAN SELATAN,64,2,140,-78,33320,30621,960,1739
07/05/2021,KALIMANTAN SELATAN,144,1,223,-80,33464,30844,961,1659
08/05/2021,KALIMANTAN SELATAN,108,3,92,13,33572,30936,964,1672
09/05/2021,KALIMANTAN SELATAN,64,2,129,-67,33636,31065,966,1605
10/05/2021,KALIMANTAN SELATAN,22,3,63,-44,33658,31128,969,1561
11/05/2021,KALIMANTAN SELATAN,46,2,114,-70,33704,31242,971,1491
12/05/2021,KALIMANTAN SELATAN,85,1,458,-374,33789,31700,972,1117
13/05/2021,KALIMANTAN SELATAN,27,3,100,-76,33816,31800,975,1041
14/05/2021,KALIMANTAN SELATAN,19,1,39,-21,33835,31839,976,1020
15/05/2021,KALIMANTAN SELATAN,1,1,44,-44,33836,31883,977,976
16/05/2021,KALIMANTAN SELATAN,37,4,48,-15,33873,31931,981,961
17/05/2021,KALIMANTAN SELATAN,25,3,77,-55,33898,32008,984,906
18/05/2021,KALIMANTAN SELATAN,42,5,76,-39,33940,32084,989,867
19/05/2021,KALIMANTAN SELATAN,55,3,86,-34,33995,32170,992,833
20/05/2021,KALIMANTAN SELATAN,81,3,47,31,34076,32217,995,864
21/05/2021,KALIMANTAN SELATAN,85,2,64,19,34161,32281,997,883
22/05/2021,KALIMANTAN SELATAN,48,1,27,20,34209,32308,998,903
23/05/2021,KALIMANTAN SELATAN,73,2,57,14,34282,32365,1000,917
24/05/2021,KALIMANTAN SELATAN,29,2,194,-167,34311,32559,1002,750
25/05/2021,KALIMANTAN SELATAN,43,1,65,-23,34354,32624,1003,727
26/05/2021,KALIMANTAN SELATAN,82,3,25,54,34436,32649,1006,781
27/05/2021,KALIMANTAN SELATAN,56,2,47,7,34492,32696,1008,788
28/05/2021,KALIMANTAN SELATAN,68,2,39,27,34560,32735,1010,815
29/05/2021,KALIMANTAN SELATAN,110,2,42,66,34670,32777,1012,881
30/05/2021,KALIMANTAN SELATAN,74,2,45,27,34744,32822,1014,908
31/05/2021,KALIMANTAN SELATAN,15,1,65,-51,34759,32887,1015,857
01/06/2021,KALIMANTAN SELATAN,43,2,41,0,34802,32928,1017,857
02/06/2021,KALIMANTAN SELATAN,12,3,32,-23,34814,32960,1020,834
03/06/2021,KALIMANTAN SELATAN,56,3,42,11,34870,33002,1023,845
04/06/2021,KALIMANTAN SELATAN,53,3,54,-4,34923,33056,1026,841
05/06/2021,KALIMANTAN SELATAN,48,0,41,7,34971,33097,1026,848
06/06/2021,KALIMANTAN SELATAN,72,7,83,-18,35043,33180,1033,830
07/06/2021,KALIMANTAN SELATAN,9,2,33,-26,35052,33213,1035,804
08/06/2021,KALIMANTAN SELATAN,17,2,52,-37,35069,33265,1037,767
09/06/2021,KALIMANTAN SELATAN,28,3,92,-67,35097,33357,1040,700
10/06/2021,KALIMANTAN SELATAN,102,1,164,-63,35199,33521,1041,637
11/06/2021,KALIMANTAN SELATAN,34,0,35,-1,35233,33556,1041,636
12/06/2021,KALIMANTAN SELATAN,23,0,24,-1,35256,33580,1041,635
13/06/2021,KALIMANTAN SELATAN,29,3,30,-4,35285,33610,1044,631
26/03/2020,SUMATERA BARAT,3,0,0,3,3,0,0,3
27/03/2020,SUMATERA BARAT,2,0,0,2,5,0,0,5
28/03/2020,SUMATERA BARAT,0,0,0,0,5,0,0,5
29/03/2020,SUMATERA BARAT,0,0,0,0,5,0,0,5
30/03/2020,SUMATERA BARAT,3,0,0,3,8,0,0,8
31/03/2020,SUMATERA BARAT,0,0,0,0,8,0,0,8
01/04/2020,SUMATERA BARAT,0,0,0,0,8,0,0,8
02/04/2020,SUMATERA BARAT,0,0,0,0,8,0,0,8
03/04/2020,SUMATERA BARAT,0,0,0,0,8,0,0,8
04/04/2020,SUMATERA BARAT,0,0,0,0,8,0,0,8
05/04/2020,SUMATERA BARAT,0,0,0,0,8,0,0,8
06/04/2020,SUMATERA BARAT,10,0,0,10,18,0,0,18
07/04/2020,SUMATERA BARAT,0,0,0,0,18,0,0,18
08/04/2020,SUMATERA BARAT,0,0,0,0,18,0,0,18
09/04/2020,SUMATERA BARAT,0,0,0,0,18,0,0,18
10/04/2020,SUMATERA BARAT,13,3,5,5,31,5,3,23
11/04/2020,SUMATERA BARAT,0,0,0,0,31,5,3,23
12/04/2020,SUMATERA BARAT,13,0,1,12,44,6,3,35
13/04/2020,SUMATERA BARAT,1,0,0,1,45,6,3,36
14/04/2020,SUMATERA BARAT,3,1,0,2,48,6,4,38
15/04/2020,SUMATERA BARAT,7,0,1,6,55,7,4,44
16/04/2020,SUMATERA BARAT,0,0,0,0,55,7,4,44
17/04/2020,SUMATERA BARAT,7,2,3,2,62,10,6,46
18/04/2020,SUMATERA BARAT,9,1,2,6,71,12,7,52
19/04/2020,SUMATERA BARAT,1,0,0,1,72,12,7,53
20/04/2020,SUMATERA BARAT,2,0,1,1,74,13,7,54
21/04/2020,SUMATERA BARAT,2,1,0,1,76,13,8,55
22/04/2020,SUMATERA BARAT,5,1,0,4,81,13,9,59
23/04/2020,SUMATERA BARAT,5,0,3,2,86,16,9,61
24/04/2020,SUMATERA BARAT,10,1,1,8,96,17,10,69
25/04/2020,SUMATERA BARAT,1,1,4,-4,97,21,11,65
26/04/2020,SUMATERA BARAT,5,0,0,5,102,21,11,70
27/04/2020,SUMATERA BARAT,19,3,4,12,121,25,14,82
28/04/2020,SUMATERA BARAT,23,0,0,23,144,25,14,105
29/04/2020,SUMATERA BARAT,1,1,0,0,145,25,15,105
30/04/2020,SUMATERA BARAT,3,0,1,2,148,26,15,107
01/05/2020,SUMATERA BARAT,24,0,5,19,172,31,15,126
02/05/2020,SUMATERA BARAT,10,1,0,9,182,31,16,135
03/05/2020,SUMATERA BARAT,13,0,5,8,195,36,16,143
04/05/2020,SUMATERA BARAT,8,0,2,6,203,38,16,149
05/05/2020,SUMATERA BARAT,18,0,1,17,221,39,16,166
06/05/2020,SUMATERA BARAT,17,1,0,16,238,39,17,182
07/05/2020,SUMATERA BARAT,14,1,3,10,252,42,18,192
08/05/2020,SUMATERA BARAT,18,0,7,11,270,49,18,203
09/05/2020,SUMATERA BARAT,16,0,7,9,286,56,18,212
10/05/2020,SUMATERA BARAT,13,0,2,11,299,58,18,223
11/05/2020,SUMATERA BARAT,0,0,11,-11,299,69,18,212
12/05/2020,SUMATERA BARAT,20,1,3,16,319,72,19,228
13/05/2020,SUMATERA BARAT,20,1,13,6,339,85,20,234
14/05/2020,SUMATERA BARAT,32,2,3,27,371,88,22,261
15/05/2020,SUMATERA BARAT,22,0,3,19,393,91,22,280
16/05/2020,SUMATERA BARAT,3,1,3,-1,396,94,23,279
17/05/2020,SUMATERA BARAT,12,0,3,9,408,97,23,288
18/05/2020,SUMATERA BARAT,1,0,12,-11,409,109,23,277
19/05/2020,SUMATERA BARAT,11,0,10,1,420,119,23,278
20/05/2020,SUMATERA BARAT,8,1,28,-21,428,147,24,257
21/05/2020,SUMATERA BARAT,8,0,7,1,436,154,24,258
22/05/2020,SUMATERA BARAT,2,0,5,-3,438,159,24,255
23/05/2020,SUMATERA BARAT,5,1,20,-16,443,179,25,239
24/05/2020,SUMATERA BARAT,35,0,5,30,478,184,25,269
25/05/2020,SUMATERA BARAT,0,0,5,-5,478,189,25,264
26/05/2020,SUMATERA BARAT,32,0,22,10,510,211,25,274
27/05/2020,SUMATERA BARAT,27,1,28,-2,537,239,26,272
28/05/2020,SUMATERA BARAT,4,0,8,-4,541,247,26,268
29/05/2020,SUMATERA BARAT,0,0,6,-6,541,253,26,262
30/05/2020,SUMATERA BARAT,11,0,6,5,552,259,26,267
31/05/2020,SUMATERA BARAT,15,0,9,6,567,268,26,273
01/06/2020,SUMATERA BARAT,0,0,2,-2,567,270,26,271
02/06/2020,SUMATERA BARAT,7,0,5,2,574,275,26,273
03/06/2020,SUMATERA BARAT,9,0,5,4,583,280,26,277
04/06/2020,SUMATERA BARAT,11,0,35,-24,594,315,26,253
05/06/2020,SUMATERA BARAT,13,1,21,-9,607,336,27,244
06/06/2020,SUMATERA BARAT,11,0,3,8,618,339,27,252
07/06/2020,SUMATERA BARAT,8,0,4,4,626,343,27,256
08/06/2020,SUMATERA BARAT,0,0,11,-11,626,354,27,245
09/06/2020,SUMATERA BARAT,19,2,10,7,645,364,29,252
10/06/2020,SUMATERA BARAT,14,0,28,-14,659,392,29,238
11/06/2020,SUMATERA BARAT,2,0,3,-1,661,395,29,237
12/06/2020,SUMATERA BARAT,10,0,15,-5,671,410,29,232
13/06/2020,SUMATERA BARAT,3,0,4,-1,674,414,29,231
14/06/2020,SUMATERA BARAT,7,1,12,-6,681,426,30,225
15/06/2020,SUMATERA BARAT,0,0,0,0,681,426,30,225
16/06/2020,SUMATERA BARAT,6,0,36,-30,687,462,30,195
17/06/2020,SUMATERA BARAT,4,0,6,-2,691,468,30,193
18/06/2020,SUMATERA BARAT,5,0,17,-12,696,485,30,181
19/06/2020,SUMATERA BARAT,4,0,11,-7,700,496,30,174
20/06/2020,SUMATERA BARAT,3,0,4,-1,703,500,30,173
21/06/2020,SUMATERA BARAT,4,0,6,-2,707,506,30,171
22/06/2020,SUMATERA BARAT,0,0,2,-2,707,508,30,169
23/06/2020,SUMATERA BARAT,5,0,19,-14,712,527,30,155
24/06/2020,SUMATERA BARAT,3,0,15,-12,715,542,30,143
25/06/2020,SUMATERA BARAT,2,0,22,-20,717,564,30,123
26/06/2020,SUMATERA BARAT,3,1,10,-8,720,574,31,115
27/06/2020,SUMATERA BARAT,2,0,10,-8,722,584,31,107
28/06/2020,SUMATERA BARAT,3,0,6,-3,725,590,31,104
29/06/2020,SUMATERA BARAT,0,0,1,-1,725,591,31,103
30/06/2020,SUMATERA BARAT,1,0,12,-11,726,603,31,92
01/07/2020,SUMATERA BARAT,16,0,7,9,742,610,31,101
02/07/2020,SUMATERA BARAT,8,0,11,-3,750,621,31,98
03/07/2020,SUMATERA BARAT,10,0,4,6,760,625,31,104
04/07/2020,SUMATERA BARAT,2,0,2,0,762,627,31,104
05/07/2020,SUMATERA BARAT,13,0,1,12,775,628,31,116
06/07/2020,SUMATERA BARAT,0,0,2,-2,775,630,31,114
07/07/2020,SUMATERA BARAT,5,0,10,-5,780,640,31,109
08/07/2020,SUMATERA BARAT,0,1,10,-11,780,650,32,98
09/07/2020,SUMATERA BARAT,5,0,8,-3,785,658,32,95
10/07/2020,SUMATERA BARAT,6,0,6,0,791,664,32,95
11/07/2020,SUMATERA BARAT,3,0,5,-2,794,669,32,93
12/07/2020,SUMATERA BARAT,6,0,5,1,800,674,32,94
13/07/2020,SUMATERA BARAT,0,0,0,0,800,674,32,94
14/07/2020,SUMATERA BARAT,3,0,11,-8,803,685,32,86
15/07/2020,SUMATERA BARAT,2,0,5,-3,805,690,32,83
16/07/2020,SUMATERA BARAT,1,0,3,-2,806,693,32,81
17/07/2020,SUMATERA BARAT,7,0,2,5,813,695,32,86
18/07/2020,SUMATERA BARAT,4,0,5,-1,817,700,32,85
19/07/2020,SUMATERA BARAT,9,1,4,4,826,704,33,89
20/07/2020,SUMATERA BARAT,2,0,0,2,828,704,33,91
21/07/2020,SUMATERA BARAT,8,0,7,1,836,711,33,92
22/07/2020,SUMATERA BARAT,10,0,1,9,846,712,33,101
23/07/2020,SUMATERA BARAT,3,0,3,0,849,715,33,101
24/07/2020,SUMATERA BARAT,3,0,6,-3,852,721,33,98
25/07/2020,SUMATERA BARAT,12,0,13,-1,864,734,33,97
26/07/2020,SUMATERA BARAT,5,0,6,-1,869,740,33,96
27/07/2020,SUMATERA BARAT,0,0,3,-3,869,743,33,93
28/07/2020,SUMATERA BARAT,5,0,4,1,874,747,33,94
29/07/2020,SUMATERA BARAT,17,0,7,10,891,754,33,104
30/07/2020,SUMATERA BARAT,16,0,8,8,907,762,33,112
31/07/2020,SUMATERA BARAT,41,1,2,38,948,764,34,150
01/08/2020,SUMATERA BARAT,0,0,0,0,948,764,34,150
02/08/2020,SUMATERA BARAT,9,0,8,1,957,772,34,151
03/08/2020,SUMATERA BARAT,17,0,2,15,974,774,34,166
04/08/2020,SUMATERA BARAT,13,0,3,10,987,777,34,176
05/08/2020,SUMATERA BARAT,19,0,3,16,1006,780,34,192
06/08/2020,SUMATERA BARAT,32,0,12,20,1038,792,34,212
07/08/2020,SUMATERA BARAT,41,0,10,31,1079,802,34,243
08/08/2020,SUMATERA BARAT,23,0,5,18,1102,807,34,261
09/08/2020,SUMATERA BARAT,38,0,3,35,1140,810,34,296
10/08/2020,SUMATERA BARAT,36,0,9,27,1176,819,34,323
11/08/2020,SUMATERA BARAT,13,0,9,4,1189,828,34,327
12/08/2020,SUMATERA BARAT,27,2,11,14,1216,839,36,341
13/08/2020,SUMATERA BARAT,42,1,20,21,1258,859,37,362
14/08/2020,SUMATERA BARAT,42,1,15,26,1300,874,38,388
15/08/2020,SUMATERA BARAT,37,0,19,18,1337,893,38,406
16/08/2020,SUMATERA BARAT,13,2,8,3,1350,901,40,409
17/08/2020,SUMATERA BARAT,26,1,18,7,1376,919,41,416
18/08/2020,SUMATERA BARAT,37,2,4,31,1413,923,43,447
19/08/2020,SUMATERA BARAT,26,2,20,4,1439,943,45,451
20/08/2020,SUMATERA BARAT,44,0,19,25,1483,962,45,476
21/08/2020,SUMATERA BARAT,45,0,42,3,1528,1004,45,479
22/08/2020,SUMATERA BARAT,37,3,7,27,1565,1011,48,506
23/08/2020,SUMATERA BARAT,68,1,37,30,1633,1048,49,536
24/08/2020,SUMATERA BARAT,26,0,12,14,1659,1060,49,550
25/08/2020,SUMATERA BARAT,77,1,20,56,1736,1080,50,606
26/08/2020,SUMATERA BARAT,87,1,8,78,1823,1088,51,684
27/08/2020,SUMATERA BARAT,41,2,55,-16,1864,1143,53,668
28/08/2020,SUMATERA BARAT,26,2,11,13,1890,1154,55,681
29/08/2020,SUMATERA BARAT,88,0,8,80,1978,1162,55,761
30/08/2020,SUMATERA BARAT,90,1,39,50,2068,1201,56,811
31/08/2020,SUMATERA BARAT,89,0,27,62,2157,1228,56,873
01/09/2020,SUMATERA BARAT,83,0,19,64,2240,1247,56,937
02/09/2020,SUMATERA BARAT,88,0,66,22,2328,1313,56,959
03/09/2020,SUMATERA BARAT,44,0,21,23,2372,1334,56,982
04/09/2020,SUMATERA BARAT,65,3,70,-8,2437,1404,59,974
05/09/2020,SUMATERA BARAT,70,0,30,40,2507,1434,59,1014
06/09/2020,SUMATERA BARAT,244,1,23,220,2751,1457,60,1234
07/09/2020,SUMATERA BARAT,44,1,57,-14,2795,1514,61,1220
08/09/2020,SUMATERA BARAT,115,0,53,62,2910,1567,61,1282
09/09/2020,SUMATERA BARAT,110,2,65,43,3020,1632,63,1325
10/09/2020,SUMATERA BARAT,104,0,61,43,3124,1693,63,1368
11/09/2020,SUMATERA BARAT,37,0,50,-13,3161,1743,63,1355
12/09/2020,SUMATERA BARAT,103,4,5,94,3264,1748,67,1449
13/09/2020,SUMATERA BARAT,123,3,23,97,3387,1771,70,1546
14/09/2020,SUMATERA BARAT,118,4,41,73,3505,1812,74,1619
15/09/2020,SUMATERA BARAT,128,5,86,37,3633,1898,79,1656
16/09/2020,SUMATERA BARAT,116,5,59,52,3749,1957,84,1708
17/09/2020,SUMATERA BARAT,119,2,36,81,3868,1993,86,1789
18/09/2020,SUMATERA BARAT,134,2,63,69,4002,2056,88,1858
19/09/2020,SUMATERA BARAT,159,2,130,27,4161,2186,90,1885
20/09/2020,SUMATERA BARAT,106,3,37,66,4267,2223,93,1951
21/09/2020,SUMATERA BARAT,181,1,88,92,4448,2311,94,2043
22/09/2020,SUMATERA BARAT,202,2,91,109,4650,2402,96,2152
23/09/2020,SUMATERA BARAT,204,2,105,97,4854,2507,98,2249
24/09/2020,SUMATERA BARAT,302,2,144,156,5156,2651,100,2405
25/09/2020,SUMATERA BARAT,208,4,89,115,5364,2740,104,2520
26/09/2020,SUMATERA BARAT,140,1,117,22,5504,2857,105,2542
27/09/2020,SUMATERA BARAT,216,3,68,145,5720,2925,108,2687
28/09/2020,SUMATERA BARAT,206,2,80,124,5926,3005,110,2811
29/09/2020,SUMATERA BARAT,254,6,85,163,6180,3090,116,2974
30/09/2020,SUMATERA BARAT,101,11,105,-15,6281,3195,127,2959
01/10/2020,SUMATERA BARAT,192,4,107,81,6473,3302,131,3040
02/10/2020,SUMATERA BARAT,114,5,133,-24,6587,3435,136,3016
03/10/2020,SUMATERA BARAT,285,7,114,164,6872,3549,143,3180
04/10/2020,SUMATERA BARAT,255,4,132,119,7127,3681,147,3299
05/10/2020,SUMATERA BARAT,216,4,156,56,7343,3837,151,3355
06/10/2020,SUMATERA BARAT,85,3,300,-218,7428,4137,154,3137
07/10/2020,SUMATERA BARAT,194,9,119,66,7622,4256,163,3203
08/10/2020,SUMATERA BARAT,201,5,142,54,7823,4398,168,3257
09/10/2020,SUMATERA BARAT,295,4,167,124,8118,4565,172,3381
10/10/2020,SUMATERA BARAT,244,5,134,105,8362,4699,177,3486
11/10/2020,SUMATERA BARAT,341,4,207,130,8703,4906,181,3616
12/10/2020,SUMATERA BARAT,176,0,112,64,8879,5018,181,3680
13/10/2020,SUMATERA BARAT,173,3,91,79,9052,5109,184,3759
14/10/2020,SUMATERA BARAT,351,1,125,225,9403,5234,185,3984
15/10/2020,SUMATERA BARAT,346,4,131,211,9749,5365,189,4195
16/10/2020,SUMATERA BARAT,500,4,148,348,10249,5513,193,4543
17/10/2020,SUMATERA BARAT,435,3,257,175,10684,5770,196,4718
18/10/2020,SUMATERA BARAT,277,2,107,168,10961,5877,198,4886
19/10/2020,SUMATERA BARAT,242,13,170,59,11203,6047,211,4945
20/10/2020,SUMATERA BARAT,170,3,110,57,11373,6157,214,5002
21/10/2020,SUMATERA BARAT,279,7,268,4,11652,6425,221,5006
22/10/2020,SUMATERA BARAT,222,3,114,105,11874,6539,224,5111
23/10/2020,SUMATERA BARAT,257,7,523,-273,12131,7062,231,4838
24/10/2020,SUMATERA BARAT,296,0,203,93,12427,7265,231,4931
25/10/2020,SUMATERA BARAT,356,6,173,177,12783,7438,237,5108
26/10/2020,SUMATERA BARAT,271,4,185,82,13054,7623,241,5190
27/10/2020,SUMATERA BARAT,312,9,481,-178,13366,8104,250,5012
28/10/2020,SUMATERA BARAT,266,4,199,63,13632,8303,254,5075
29/10/2020,SUMATERA BARAT,345,9,553,-217,13977,8856,263,4858
30/10/2020,SUMATERA BARAT,301,7,1176,-882,14278,10032,270,3976
31/10/2020,SUMATERA BARAT,252,5,261,-14,14530,10293,275,3962
01/11/2020,SUMATERA BARAT,223,6,244,-27,14753,10537,281,3935
02/11/2020,SUMATERA BARAT,178,5,252,-79,14931,10789,286,3856
03/11/2020,SUMATERA BARAT,78,4,252,-178,15009,11041,290,3678
04/11/2020,SUMATERA BARAT,170,5,663,-498,15179,11704,295,3180
05/11/2020,SUMATERA BARAT,240,5,373,-138,15419,12077,300,3042
06/11/2020,SUMATERA BARAT,234,6,291,-63,15653,12368,306,2979
07/11/2020,SUMATERA BARAT,167,8,267,-108,15820,12635,314,2871
08/11/2020,SUMATERA BARAT,197,6,240,-49,16017,12875,320,2822
09/11/2020,SUMATERA BARAT,126,2,184,-60,16143,13059,322,2762
10/11/2020,SUMATERA BARAT,112,4,298,-190,16255,13357,326,2572
11/11/2020,SUMATERA BARAT,254,2,119,133,16509,13476,328,2705
12/11/2020,SUMATERA BARAT,200,4,144,52,16709,13620,332,2757
13/11/2020,SUMATERA BARAT,189,2,125,62,16898,13745,334,2819
14/11/2020,SUMATERA BARAT,244,3,147,94,17142,13892,337,2913
15/11/2020,SUMATERA BARAT,213,0,138,75,17355,14030,337,2988
16/11/2020,SUMATERA BARAT,38,3,80,-45,17393,14110,340,2943
17/11/2020,SUMATERA BARAT,105,11,37,57,17498,14147,351,3000
18/11/2020,SUMATERA BARAT,210,6,147,57,17708,14294,357,3057
19/11/2020,SUMATERA BARAT,195,2,501,-308,17903,14795,359,2749
20/11/2020,SUMATERA BARAT,218,4,319,-105,18121,15114,363,2644
21/11/2020,SUMATERA BARAT,243,11,324,-92,18364,15438,374,2552
22/11/2020,SUMATERA BARAT,229,7,443,-221,18593,15881,381,2331
23/11/2020,SUMATERA BARAT,33,4,161,-132,18626,16042,385,2199
24/11/2020,SUMATERA BARAT,58,1,431,-374,18684,16473,386,1825
25/11/2020,SUMATERA BARAT,260,6,332,-78,18944,16805,392,1747
26/11/2020,SUMATERA BARAT,307,5,147,155,19251,16952,397,1902
27/11/2020,SUMATERA BARAT,239,3,250,-14,19490,17202,400,1888
28/11/2020,SUMATERA BARAT,186,4,210,-28,19676,17412,404,1860
29/11/2020,SUMATERA BARAT,273,3,192,78,19949,17604,407,1938
30/11/2020,SUMATERA BARAT,92,7,216,-131,20041,17820,414,1807
01/12/2020,SUMATERA BARAT,57,1,118,-62,20098,17938,415,1745
02/12/2020,SUMATERA BARAT,175,5,216,-46,20273,18154,420,1699
03/12/2020,SUMATERA BARAT,191,4,151,36,20464,18305,424,1735
04/12/2020,SUMATERA BARAT,209,5,211,-7,20673,18516,429,1728
05/12/2020,SUMATERA BARAT,161,1,151,9,20834,18667,430,1737
06/12/2020,SUMATERA BARAT,139,5,201,-67,20973,18868,435,1670
07/12/2020,SUMATERA BARAT,114,0,113,1,21087,18981,435,1671
08/12/2020,SUMATERA BARAT,88,5,164,-81,21175,19145,440,1590
09/12/2020,SUMATERA BARAT,125,5,159,-39,21300,19304,445,1551
10/12/2020,SUMATERA BARAT,140,0,278,-138,21440,19582,445,1413
11/12/2020,SUMATERA BARAT,63,1,253,-191,21503,19835,446,1222
12/12/2020,SUMATERA BARAT,85,0,39,46,21588,19874,446,1268
13/12/2020,SUMATERA BARAT,116,2,245,-131,21704,20119,448,1137
14/12/2020,SUMATERA BARAT,54,2,51,1,21758,20170,450,1138
15/12/2020,SUMATERA BARAT,39,0,143,-104,21797,20313,450,1034
16/12/2020,SUMATERA BARAT,175,4,154,17,21972,20467,454,1051
17/12/2020,SUMATERA BARAT,114,6,128,-20,22086,20595,460,1031
18/12/2020,SUMATERA BARAT,109,7,127,-25,22195,20722,467,1006
19/12/2020,SUMATERA BARAT,136,6,34,96,22331,20756,473,1102
20/12/2020,SUMATERA BARAT,127,7,113,7,22458,20869,480,1109
21/12/2020,SUMATERA BARAT,122,6,102,14,22580,20971,486,1123
22/12/2020,SUMATERA BARAT,48,2,107,-61,22628,21078,488,1062
23/12/2020,SUMATERA BARAT,160,5,39,116,22788,21117,493,1178
24/12/2020,SUMATERA BARAT,100,6,29,65,22888,21146,499,1243
25/12/2020,SUMATERA BARAT,100,5,20,75,22988,21166,504,1318
26/12/2020,SUMATERA BARAT,75,5,11,59,23063,21177,509,1377
27/12/2020,SUMATERA BARAT,60,4,126,-70,23123,21303,513,1307
28/12/2020,SUMATERA BARAT,16,1,115,-100,23139,21418,514,1207
29/12/2020,SUMATERA BARAT,83,6,129,-52,23222,21547,520,1155
30/12/2020,SUMATERA BARAT,125,1,143,-19,23347,21690,521,1136
31/12/2020,SUMATERA BARAT,117,4,125,-12,23464,21815,525,1124
01/01/2021,SUMATERA BARAT,147,1,115,31,23611,21930,526,1155
02/01/2021,SUMATERA BARAT,38,2,125,-89,23649,22055,528,1066
03/01/2021,SUMATERA BARAT,61,3,116,-58,23710,22171,531,1008
04/01/2021,SUMATERA BARAT,24,3,142,-121,23734,22313,534,887
05/01/2021,SUMATERA BARAT,72,2,141,-71,23806,22454,536,816
06/01/2021,SUMATERA BARAT,178,4,123,51,23984,22577,540,867
07/01/2021,SUMATERA BARAT,171,4,23,144,24155,22600,544,1011
08/01/2021,SUMATERA BARAT,167,0,23,144,24322,22623,544,1155
09/01/2021,SUMATERA BARAT,182,1,19,162,24504,22642,545,1317
10/01/2021,SUMATERA BARAT,5,0,12,-7,24509,22654,545,1310
11/01/2021,SUMATERA BARAT,0,3,24,-27,24509,22678,548,1283
12/01/2021,SUMATERA BARAT,111,4,19,88,24620,22697,552,1371
13/01/2021,SUMATERA BARAT,170,4,43,123,24790,22740,556,1494
14/01/2021,SUMATERA BARAT,269,1,40,228,25059,22780,557,1722
15/01/2021,SUMATERA BARAT,191,5,33,153,25250,22813,562,1875
16/01/2021,SUMATERA BARAT,182,3,29,150,25432,22842,565,2025
17/01/2021,SUMATERA BARAT,168,0,14,154,25600,22856,565,2179
18/01/2021,SUMATERA BARAT,35,2,4,29,25635,22860,567,2208
19/01/2021,SUMATERA BARAT,108,0,59,49,25743,22919,567,2257
20/01/2021,SUMATERA BARAT,167,7,17,143,25910,22936,574,2400
21/01/2021,SUMATERA BARAT,181,4,49,128,26091,22985,578,2528
22/01/2021,SUMATERA BARAT,127,7,22,98,26218,23007,585,2626
23/01/2021,SUMATERA BARAT,111,0,114,-3,26329,23121,585,2623
24/01/2021,SUMATERA BARAT,123,0,122,1,26452,23243,585,2624
25/01/2021,SUMATERA BARAT,44,3,80,-39,26496,23323,588,2585
26/01/2021,SUMATERA BARAT,31,3,52,-24,26527,23375,591,2561
27/01/2021,SUMATERA BARAT,100,1,53,46,26627,23428,592,2607
28/01/2021,SUMATERA BARAT,110,1,133,-24,26737,23561,593,2583
29/01/2021,SUMATERA BARAT,71,6,311,-246,26808,23872,599,2337
30/01/2021,SUMATERA BARAT,84,1,77,6,26892,23949,600,2343
31/01/2021,SUMATERA BARAT,87,2,144,-59,26979,24093,602,2284
01/02/2021,SUMATERA BARAT,44,2,39,3,27023,24132,604,2287
02/02/2021,SUMATERA BARAT,37,7,183,-153,27060,24315,611,2134
03/02/2021,SUMATERA BARAT,129,3,118,8,27189,24433,614,2142
04/02/2021,SUMATERA BARAT,97,3,176,-82,27286,24609,617,2060
05/02/2021,SUMATERA BARAT,58,1,106,-49,27344,24715,618,2011
06/02/2021,SUMATERA BARAT,95,1,161,-67,27439,24876,619,1944
07/02/2021,SUMATERA BARAT,129,0,111,18,27568,24987,619,1962
08/02/2021,SUMATERA BARAT,42,1,154,-113,27610,25141,620,1849
09/02/2021,SUMATERA BARAT,51,0,171,-120,27661,25312,620,1729
10/02/2021,SUMATERA BARAT,141,1,59,81,27802,25371,621,1810
11/02/2021,SUMATERA BARAT,85,5,91,-11,27887,25462,626,1799
12/02/2021,SUMATERA BARAT,123,3,52,68,28010,25514,629,1867
13/02/2021,SUMATERA BARAT,81,1,61,19,28091,25575,630,1886
14/02/2021,SUMATERA BARAT,77,0,116,-39,28168,25691,630,1847
15/02/2021,SUMATERA BARAT,14,4,46,-36,28182,25737,634,1811
16/02/2021,SUMATERA BARAT,54,0,0,54,28236,25737,634,1865
17/02/2021,SUMATERA BARAT,71,0,27,44,28307,25764,634,1909
18/02/2021,SUMATERA BARAT,112,1,49,62,28419,25813,635,1971
19/02/2021,SUMATERA BARAT,90,3,6,81,28509,25819,638,2052
20/02/2021,SUMATERA BARAT,81,3,60,18,28590,25879,641,2070
21/02/2021,SUMATERA BARAT,71,0,55,16,28661,25934,641,2086
22/02/2021,SUMATERA BARAT,29,0,227,-198,28690,26161,641,1888
23/02/2021,SUMATERA BARAT,60,1,184,-125,28750,26345,642,1763
24/02/2021,SUMATERA BARAT,87,0,189,-102,28837,26534,642,1661
25/02/2021,SUMATERA BARAT,83,0,133,-50,28920,26667,642,1611
26/02/2021,SUMATERA BARAT,97,1,137,-41,29017,26804,643,1570
27/02/2021,SUMATERA BARAT,81,0,95,-14,29098,26899,643,1556
28/02/2021,SUMATERA BARAT,84,0,129,-45,29182,27028,643,1511
01/03/2021,SUMATERA BARAT,22,4,164,-146,29204,27192,647,1365
02/03/2021,SUMATERA BARAT,71,1,149,-79,29275,27341,648,1286
03/03/2021,SUMATERA BARAT,105,2,184,-81,29380,27525,650,1205
04/03/2021,SUMATERA BARAT,87,2,75,10,29467,27600,652,1215
05/03/2021,SUMATERA BARAT,87,1,165,-79,29554,27765,653,1136
06/03/2021,SUMATERA BARAT,92,0,141,-49,29646,27906,653,1087
07/03/2021,SUMATERA BARAT,60,1,69,-10,29706,27975,654,1077
08/03/2021,SUMATERA BARAT,8,1,75,-68,29714,28050,655,1009
09/03/2021,SUMATERA BARAT,83,2,33,48,29797,28083,657,1057
10/03/2021,SUMATERA BARAT,101,1,101,-1,29898,28184,658,1056
11/03/2021,SUMATERA BARAT,87,1,104,-18,29985,28288,659,1038
12/03/2021,SUMATERA BARAT,57,4,48,5,30042,28336,663,1043
13/03/2021,SUMATERA BARAT,68,2,50,16,30110,28386,665,1059
14/03/2021,SUMATERA BARAT,93,3,145,-55,30203,28531,668,1004
15/03/2021,SUMATERA BARAT,22,0,33,-11,30225,28564,668,993
16/03/2021,SUMATERA BARAT,55,0,64,-9,30280,28628,668,984
17/03/2021,SUMATERA BARAT,135,4,66,65,30415,28694,672,1049
18/03/2021,SUMATERA BARAT,105,0,91,14,30520,28785,672,1063
19/03/2021,SUMATERA BARAT,109,2,80,27,30629,28865,674,1090
20/03/2021,SUMATERA BARAT,77,1,172,-96,30706,29037,675,994
21/03/2021,SUMATERA BARAT,87,2,60,25,30793,29097,677,1019
22/03/2021,SUMATERA BARAT,41,0,59,-18,30834,29156,677,1001
23/03/2021,SUMATERA BARAT,90,2,41,47,30924,29197,679,1048
24/03/2021,SUMATERA BARAT,89,0,105,-16,31013,29302,679,1032
25/03/2021,SUMATERA BARAT,111,0,123,-12,31124,29425,679,1020
26/03/2021,SUMATERA BARAT,115,0,46,69,31239,29471,679,1089
27/03/2021,SUMATERA BARAT,110,1,64,45,31349,29535,680,1134
28/03/2021,SUMATERA BARAT,106,2,128,-24,31455,29663,682,1110
29/03/2021,SUMATERA BARAT,41,1,37,3,31496,29700,683,1113
30/03/2021,SUMATERA BARAT,106,0,13,93,31602,29713,683,1206
31/03/2021,SUMATERA BARAT,126,1,56,69,31728,29769,684,1275
01/04/2021,SUMATERA BARAT,134,1,76,57,31862,29845,685,1332
02/04/2021,SUMATERA BARAT,150,4,55,91,32012,29900,689,1423
03/04/2021,SUMATERA BARAT,86,1,92,-7,32098,29992,690,1416
04/04/2021,SUMATERA BARAT,57,0,37,20,32155,30029,690,1436
05/04/2021,SUMATERA BARAT,51,4,110,-63,32206,30139,694,1373
06/04/2021,SUMATERA BARAT,105,4,115,-14,32311,30254,698,1359
07/04/2021,SUMATERA BARAT,129,0,121,8,32440,30375,698,1367
08/04/2021,SUMATERA BARAT,215,10,193,12,32655,30568,708,1379
09/04/2021,SUMATERA BARAT,145,2,67,76,32800,30635,710,1455
10/04/2021,SUMATERA BARAT,155,5,54,96,32955,30689,715,1551
11/04/2021,SUMATERA BARAT,114,1,153,-40,33069,30842,716,1511
12/04/2021,SUMATERA BARAT,57,2,50,5,33126,30892,718,1516
13/04/2021,SUMATERA BARAT,101,4,162,-65,33227,31054,722,1451
14/04/2021,SUMATERA BARAT,174,3,168,3,33401,31222,725,1454
15/04/2021,SUMATERA BARAT,158,5,153,0,33559,31375,730,1454
16/04/2021,SUMATERA BARAT,168,4,162,2,33727,31537,734,1456
17/04/2021,SUMATERA BARAT,206,7,140,59,33933,31677,741,1515
18/04/2021,SUMATERA BARAT,204,3,99,102,34137,31776,744,1617
19/04/2021,SUMATERA BARAT,89,3,59,27,34226,31835,747,1644
20/04/2021,SUMATERA BARAT,176,6,146,24,34402,31981,753,1668
21/04/2021,SUMATERA BARAT,514,8,106,400,34916,32087,761,2068
22/04/2021,SUMATERA BARAT,286,2,100,184,35202,32187,763,2252
23/04/2021,SUMATERA BARAT,232,2,230,0,35434,32417,765,2252
24/04/2021,SUMATERA BARAT,295,6,259,30,35729,32676,771,2282
25/04/2021,SUMATERA BARAT,234,2,77,155,35963,32753,773,2437
26/04/2021,SUMATERA BARAT,93,6,56,31,36056,32809,779,2468
27/04/2021,SUMATERA BARAT,212,4,247,-39,36268,33056,783,2429
28/04/2021,SUMATERA BARAT,220,4,231,-15,36488,33287,787,2414
29/04/2021,SUMATERA BARAT,281,6,247,28,36769,33534,793,2442
30/04/2021,SUMATERA BARAT,162,2,140,20,36931,33674,795,2462
01/05/2021,SUMATERA BARAT,179,8,333,-162,37110,34007,803,2300
02/05/2021,SUMATERA BARAT,270,6,137,127,37380,34144,809,2427
03/05/2021,SUMATERA BARAT,58,5,98,-45,37438,34242,814,2382
04/05/2021,SUMATERA BARAT,144,5,223,-84,37582,34465,819,2298
05/05/2021,SUMATERA BARAT,263,5,208,50,37845,34673,824,2348
06/05/2021,SUMATERA BARAT,416,10,257,149,38261,34930,834,2497
07/05/2021,SUMATERA BARAT,283,7,204,72,38544,35134,841,2569
08/05/2021,SUMATERA BARAT,300,3,276,21,38844,35410,844,2590
09/05/2021,SUMATERA BARAT,322,11,171,140,39166,35581,855,2730
10/05/2021,SUMATERA BARAT,177,11,103,63,39343,35684,866,2793
11/05/2021,SUMATERA BARAT,231,3,268,-40,39574,35952,869,2753
12/05/2021,SUMATERA BARAT,443,9,184,250,40017,36136,878,3003
13/05/2021,SUMATERA BARAT,94,0,228,-134,40111,36364,878,2869
14/05/2021,SUMATERA BARAT,0,0,2,-2,40111,36366,878,2867
15/05/2021,SUMATERA BARAT,0,0,10,-10,40111,36376,878,2857
16/05/2021,SUMATERA BARAT,141,6,230,-95,40252,36606,884,2762
17/05/2021,SUMATERA BARAT,127,10,146,-29,40379,36752,894,2733
18/05/2021,SUMATERA BARAT,230,7,244,-21,40609,36996,901,2712
19/05/2021,SUMATERA BARAT,295,5,358,-68,40904,37354,906,2644
20/05/2021,SUMATERA BARAT,349,7,223,119,41253,37577,913,2763
21/05/2021,SUMATERA BARAT,362,10,314,38,41615,37891,923,2801
22/05/2021,SUMATERA BARAT,301,8,304,-11,41916,38195,931,2790
23/05/2021,SUMATERA BARAT,381,9,181,191,42297,38376,940,2981
24/05/2021,SUMATERA BARAT,154,1,194,-41,42451,38570,941,2940
25/05/2021,SUMATERA BARAT,271,8,184,79,42722,38754,949,3019
26/05/2021,SUMATERA BARAT,290,3,268,19,43012,39022,952,3038
27/05/2021,SUMATERA BARAT,313,4,137,172,43325,39159,956,3210
28/05/2021,SUMATERA BARAT,172,11,217,-56,43497,39376,967,3154
29/05/2021,SUMATERA BARAT,361,10,401,-50,43858,39777,977,3104
30/05/2021,SUMATERA BARAT,269,15,188,66,44127,39965,992,3170
31/05/2021,SUMATERA BARAT,131,2,123,6,44258,40088,994,3176
01/06/2021,SUMATERA BARAT,185,9,333,-157,44443,40421,1003,3019
02/06/2021,SUMATERA BARAT,224,1,118,105,44667,40539,1004,3124
03/06/2021,SUMATERA BARAT,177,6,280,-109,44844,40819,1010,3015
04/06/2021,SUMATERA BARAT,306,3,184,119,45150,41003,1013,3134
05/06/2021,SUMATERA BARAT,467,8,276,183,45617,41279,1021,3317
06/06/2021,SUMATERA BARAT,388,4,240,144,46005,41519,1025,3461
07/06/2021,SUMATERA BARAT,239,14,52,173,46244,41571,1039,3634
08/06/2021,SUMATERA BARAT,141,9,229,-97,46385,41800,1048,3537
09/06/2021,SUMATERA BARAT,259,7,168,84,46644,41968,1055,3621
10/06/2021,SUMATERA BARAT,353,6,199,148,46997,42167,1061,3769
11/06/2021,SUMATERA BARAT,278,10,366,-98,47275,42533,1071,3671
12/06/2021,SUMATERA BARAT,232,3,221,8,47507,42754,1074,3679
13/06/2021,SUMATERA BARAT,267,8,454,-195,47774,43208,1082,3484
23/03/2020,SUMATERA SELATAN,1,2,0,-1,1,0,2,-1
24/03/2020,SUMATERA SELATAN,0,0,0,0,1,0,2,-1
25/03/2020,SUMATERA SELATAN,0,0,0,0,1,0,2,-1
26/03/2020,SUMATERA SELATAN,0,0,0,0,1,0,2,-1
27/03/2020,SUMATERA SELATAN,0,0,0,0,1,0,2,-1
28/03/2020,SUMATERA SELATAN,1,0,0,1,2,0,2,0
29/03/2020,SUMATERA SELATAN,0,0,0,0,2,0,2,0
30/03/2020,SUMATERA SELATAN,0,0,0,0,2,0,2,0
31/03/2020,SUMATERA SELATAN,3,0,0,3,5,0,2,3
01/04/2020,SUMATERA SELATAN,0,0,0,0,5,0,2,3
02/04/2020,SUMATERA SELATAN,6,0,0,6,11,0,2,9
03/04/2020,SUMATERA SELATAN,1,0,0,1,12,0,2,10
04/04/2020,SUMATERA SELATAN,0,0,1,-1,12,1,2,9
05/04/2020,SUMATERA SELATAN,4,0,0,4,16,1,2,13
06/04/2020,SUMATERA SELATAN,0,0,0,0,16,1,2,13
07/04/2020,SUMATERA SELATAN,0,0,0,0,16,1,2,13
08/04/2020,SUMATERA SELATAN,0,0,0,0,16,1,2,13
09/04/2020,SUMATERA SELATAN,1,0,0,1,17,1,2,14
10/04/2020,SUMATERA SELATAN,1,0,0,1,18,1,2,15
11/04/2020,SUMATERA SELATAN,0,0,0,0,18,1,2,15
12/04/2020,SUMATERA SELATAN,0,0,2,-2,18,3,2,13
13/04/2020,SUMATERA SELATAN,0,0,0,0,18,3,2,13
14/04/2020,SUMATERA SELATAN,1,0,0,1,19,3,2,14
15/04/2020,SUMATERA SELATAN,3,0,0,3,22,3,2,17
16/04/2020,SUMATERA SELATAN,18,0,0,18,40,3,2,35
17/04/2020,SUMATERA SELATAN,14,0,0,14,54,3,2,49
18/04/2020,SUMATERA SELATAN,30,1,0,29,84,3,3,78
19/04/2020,SUMATERA SELATAN,5,0,0,5,89,3,3,83
20/04/2020,SUMATERA SELATAN,0,0,0,0,89,3,3,83
21/04/2020,SUMATERA SELATAN,0,0,0,0,89,3,3,83
22/04/2020,SUMATERA SELATAN,0,0,0,0,89,3,3,83
23/04/2020,SUMATERA SELATAN,4,0,1,3,93,4,3,86
24/04/2020,SUMATERA SELATAN,13,0,2,11,106,6,3,97
25/04/2020,SUMATERA SELATAN,13,0,10,3,119,16,3,100
26/04/2020,SUMATERA SELATAN,10,0,0,10,129,16,3,110
27/04/2020,SUMATERA SELATAN,0,0,4,-4,129,20,3,106
28/04/2020,SUMATERA SELATAN,14,0,3,11,143,23,3,117
29/04/2020,SUMATERA SELATAN,1,0,0,1,144,23,3,118
30/04/2020,SUMATERA SELATAN,6,0,0,6,150,23,3,124
01/05/2020,SUMATERA SELATAN,6,0,5,1,156,28,3,125
02/05/2020,SUMATERA SELATAN,0,2,0,-2,156,28,5,123
03/05/2020,SUMATERA SELATAN,28,0,7,21,184,35,5,144
04/05/2020,SUMATERA SELATAN,0,1,7,-8,184,42,6,136
05/05/2020,SUMATERA SELATAN,15,0,4,11,199,46,6,147
06/05/2020,SUMATERA SELATAN,11,1,0,10,210,46,7,157
07/05/2020,SUMATERA SELATAN,17,2,2,13,227,48,9,170
08/05/2020,SUMATERA SELATAN,0,1,0,-1,227,48,10,169
09/05/2020,SUMATERA SELATAN,51,0,6,45,278,54,10,214
10/05/2020,SUMATERA SELATAN,0,3,9,-12,278,63,13,202
11/05/2020,SUMATERA SELATAN,0,0,0,0,278,63,13,202
12/05/2020,SUMATERA SELATAN,1,1,9,-9,279,72,14,193
13/05/2020,SUMATERA SELATAN,43,2,0,41,322,72,16,234
14/05/2020,SUMATERA SELATAN,117,1,0,116,439,72,17,350
15/05/2020,SUMATERA SELATAN,16,1,0,15,455,72,18,365
16/05/2020,SUMATERA SELATAN,0,0,0,0,455,72,18,365
17/05/2020,SUMATERA SELATAN,66,3,0,63,521,72,21,428
18/05/2020,SUMATERA SELATAN,16,2,4,10,537,76,23,438
19/05/2020,SUMATERA SELATAN,57,0,0,57,594,76,23,495
20/05/2020,SUMATERA SELATAN,50,2,1,47,644,77,25,542
21/05/2020,SUMATERA SELATAN,28,1,17,10,672,94,26,552
22/05/2020,SUMATERA SELATAN,19,1,5,13,691,99,27,565
23/05/2020,SUMATERA SELATAN,32,3,2,27,723,101,30,592
24/05/2020,SUMATERA SELATAN,11,0,10,1,734,111,30,593
25/05/2020,SUMATERA SELATAN,72,0,2,70,806,113,30,663
26/05/2020,SUMATERA SELATAN,58,0,0,58,864,113,30,721
27/05/2020,SUMATERA SELATAN,48,1,8,39,912,121,31,760
28/05/2020,SUMATERA SELATAN,27,0,14,13,939,135,31,773
29/05/2020,SUMATERA SELATAN,12,1,0,11,951,135,32,784
30/05/2020,SUMATERA SELATAN,11,4,66,-59,962,201,36,725
31/05/2020,SUMATERA SELATAN,19,0,11,8,981,212,36,733
01/06/2020,SUMATERA SELATAN,12,0,9,3,993,221,36,736
02/06/2020,SUMATERA SELATAN,26,0,2,24,1019,223,36,760
03/06/2020,SUMATERA SELATAN,10,0,22,-12,1029,245,36,748
04/06/2020,SUMATERA SELATAN,27,3,17,7,1056,262,39,755
05/06/2020,SUMATERA SELATAN,17,3,19,-5,1073,281,42,750
06/06/2020,SUMATERA SELATAN,28,1,14,13,1101,295,43,763
07/06/2020,SUMATERA SELATAN,25,0,48,-23,1126,343,43,740
08/06/2020,SUMATERA SELATAN,27,0,47,-20,1153,390,43,720
09/06/2020,SUMATERA SELATAN,30,1,11,18,1183,401,44,738
10/06/2020,SUMATERA SELATAN,40,3,48,-11,1223,449,47,727
11/06/2020,SUMATERA SELATAN,39,0,63,-24,1262,512,47,703
12/06/2020,SUMATERA SELATAN,34,5,31,-2,1296,543,52,701
13/06/2020,SUMATERA SELATAN,23,2,14,7,1319,557,54,708
14/06/2020,SUMATERA SELATAN,69,0,61,8,1388,618,54,716
15/06/2020,SUMATERA SELATAN,49,2,31,16,1437,649,56,732
16/06/2020,SUMATERA SELATAN,50,4,21,25,1487,670,60,757
17/06/2020,SUMATERA SELATAN,53,3,11,39,1540,681,63,796
18/06/2020,SUMATERA SELATAN,56,2,26,28,1596,707,65,824
19/06/2020,SUMATERA SELATAN,74,1,31,42,1670,738,66,866
20/06/2020,SUMATERA SELATAN,50,3,9,38,1720,747,69,904
21/06/2020,SUMATERA SELATAN,57,4,4,49,1777,751,73,953
22/06/2020,SUMATERA SELATAN,59,0,17,42,1836,768,73,995
23/06/2020,SUMATERA SELATAN,17,2,47,-32,1853,815,75,963
24/06/2020,SUMATERA SELATAN,13,3,14,-4,1866,829,78,959
25/06/2020,SUMATERA SELATAN,26,2,76,-52,1892,905,80,907
26/06/2020,SUMATERA SELATAN,14,1,15,-2,1906,920,81,905
27/06/2020,SUMATERA SELATAN,42,0,16,26,1948,936,81,931
28/06/2020,SUMATERA SELATAN,51,1,17,33,1999,953,82,964
29/06/2020,SUMATERA SELATAN,23,8,66,-51,2022,1019,90,913
30/06/2020,SUMATERA SELATAN,27,3,5,19,2049,1024,93,932
01/07/2020,SUMATERA SELATAN,29,8,17,4,2078,1041,101,936
02/07/2020,SUMATERA SELATAN,42,3,43,-4,2120,1084,104,932
03/07/2020,SUMATERA SELATAN,36,0,24,12,2156,1108,104,944
04/07/2020,SUMATERA SELATAN,49,1,11,37,2205,1119,105,981
05/07/2020,SUMATERA SELATAN,50,1,40,9,2255,1159,106,990
06/07/2020,SUMATERA SELATAN,71,6,22,43,2326,1181,112,1033
07/07/2020,SUMATERA SELATAN,30,1,28,1,2356,1209,113,1034
08/07/2020,SUMATERA SELATAN,63,0,10,53,2419,1219,113,1087
09/07/2020,SUMATERA SELATAN,56,6,4,46,2475,1223,119,1133
10/07/2020,SUMATERA SELATAN,93,2,15,76,2568,1238,121,1209
11/07/2020,SUMATERA SELATAN,36,3,4,29,2604,1242,124,1238
12/07/2020,SUMATERA SELATAN,49,1,34,14,2653,1276,125,1252
13/07/2020,SUMATERA SELATAN,50,4,30,16,2703,1306,129,1268
14/07/2020,SUMATERA SELATAN,51,4,19,28,2754,1325,133,1296
15/07/2020,SUMATERA SELATAN,30,0,14,16,2784,1339,133,1312
16/07/2020,SUMATERA SELATAN,45,3,21,21,2829,1360,136,1333
17/07/2020,SUMATERA SELATAN,70,2,27,41,2899,1387,138,1374
18/07/2020,SUMATERA SELATAN,67,1,4,62,2966,1391,139,1436
19/07/2020,SUMATERA SELATAN,46,1,17,28,3012,1408,140,1464
20/07/2020,SUMATERA SELATAN,42,2,1,39,3054,1409,142,1503
21/07/2020,SUMATERA SELATAN,58,2,9,47,3112,1418,144,1550
22/07/2020,SUMATERA SELATAN,37,0,53,-16,3149,1471,144,1534
23/07/2020,SUMATERA SELATAN,16,5,54,-43,3165,1525,149,1491
24/07/2020,SUMATERA SELATAN,46,0,55,-9,3211,1580,149,1482
25/07/2020,SUMATERA SELATAN,17,4,29,-16,3228,1609,153,1466
26/07/2020,SUMATERA SELATAN,23,1,35,-13,3251,1644,154,1453
27/07/2020,SUMATERA SELATAN,24,1,35,-12,3275,1679,155,1441
28/07/2020,SUMATERA SELATAN,21,0,14,7,3296,1693,155,1448
29/07/2020,SUMATERA SELATAN,34,7,20,7,3330,1713,162,1455
30/07/2020,SUMATERA SELATAN,57,0,42,15,3387,1755,162,1470
31/07/2020,SUMATERA SELATAN,30,1,38,-9,3417,1793,163,1461
01/08/2020,SUMATERA SELATAN,10,0,32,-22,3427,1825,163,1439
02/08/2020,SUMATERA SELATAN,17,2,31,-16,3444,1856,165,1423
03/08/2020,SUMATERA SELATAN,11,4,7,0,3455,1863,169,1423
04/08/2020,SUMATERA SELATAN,35,0,26,9,3490,1889,169,1432
05/08/2020,SUMATERA SELATAN,62,6,25,31,3552,1914,175,1463
06/08/2020,SUMATERA SELATAN,50,4,94,-48,3602,2008,179,1415
07/08/2020,SUMATERA SELATAN,21,4,89,-72,3623,2097,183,1343
08/08/2020,SUMATERA SELATAN,52,2,71,-21,3675,2168,185,1322
09/08/2020,SUMATERA SELATAN,19,11,64,-56,3694,2232,196,1266
10/08/2020,SUMATERA SELATAN,19,3,79,-63,3713,2311,199,1203
11/08/2020,SUMATERA SELATAN,22,2,60,-40,3735,2371,201,1163
12/08/2020,SUMATERA SELATAN,43,2,1,40,3778,2372,203,1203
13/08/2020,SUMATERA SELATAN,27,0,43,-16,3805,2415,203,1187
14/08/2020,SUMATERA SELATAN,39,2,112,-75,3844,2527,205,1112
15/08/2020,SUMATERA SELATAN,36,1,36,-1,3880,2563,206,1111
16/08/2020,SUMATERA SELATAN,29,0,35,-6,3909,2598,206,1105
17/08/2020,SUMATERA SELATAN,1,0,28,-27,3910,2626,206,1078
18/08/2020,SUMATERA SELATAN,9,1,15,-7,3919,2641,207,1071
19/08/2020,SUMATERA SELATAN,45,6,38,1,3964,2679,213,1072
20/08/2020,SUMATERA SELATAN,24,3,13,8,3988,2692,216,1080
21/08/2020,SUMATERA SELATAN,49,2,50,-3,4037,2742,218,1077
22/08/2020,SUMATERA SELATAN,54,5,19,30,4091,2761,223,1107
23/08/2020,SUMATERA SELATAN,34,4,60,-30,4125,2821,227,1077
24/08/2020,SUMATERA SELATAN,32,1,85,-54,4157,2906,228,1023
25/08/2020,SUMATERA SELATAN,45,3,34,8,4202,2940,231,1031
26/08/2020,SUMATERA SELATAN,21,2,17,2,4223,2957,233,1033
27/08/2020,SUMATERA SELATAN,25,3,59,-37,4248,3016,236,996
28/08/2020,SUMATERA SELATAN,57,3,39,15,4305,3055,239,1011
29/08/2020,SUMATERA SELATAN,56,11,61,-16,4361,3116,250,995
30/08/2020,SUMATERA SELATAN,40,0,16,24,4401,3132,250,1019
31/08/2020,SUMATERA SELATAN,53,2,26,25,4454,3158,252,1044
01/09/2020,SUMATERA SELATAN,32,2,65,-35,4486,3223,254,1009
02/09/2020,SUMATERA SELATAN,34,6,23,5,4520,3246,260,1014
03/09/2020,SUMATERA SELATAN,63,2,37,24,4583,3283,262,1038
04/09/2020,SUMATERA SELATAN,35,4,36,-5,4618,3319,266,1033
05/09/2020,SUMATERA SELATAN,42,9,13,20,4660,3332,275,1053
06/09/2020,SUMATERA SELATAN,15,3,48,-36,4675,3380,278,1017
07/09/2020,SUMATERA SELATAN,70,3,30,37,4745,3410,281,1054
08/09/2020,SUMATERA SELATAN,41,2,32,7,4786,3442,283,1061
09/09/2020,SUMATERA SELATAN,38,5,27,6,4824,3469,288,1067
10/09/2020,SUMATERA SELATAN,66,5,19,42,4890,3488,293,1109
11/09/2020,SUMATERA SELATAN,55,1,67,-13,4945,3555,294,1096
12/09/2020,SUMATERA SELATAN,73,3,48,22,5018,3603,297,1118
13/09/2020,SUMATERA SELATAN,33,3,48,-18,5051,3651,300,1100
14/09/2020,SUMATERA SELATAN,27,5,101,-79,5078,3752,305,1021
15/09/2020,SUMATERA SELATAN,40,4,50,-14,5118,3802,309,1007
16/09/2020,SUMATERA SELATAN,57,4,42,11,5175,3844,313,1018
17/09/2020,SUMATERA SELATAN,58,3,18,37,5233,3862,316,1055
18/09/2020,SUMATERA SELATAN,60,4,28,28,5293,3890,320,1083
19/09/2020,SUMATERA SELATAN,38,2,35,1,5331,3925,322,1084
20/09/2020,SUMATERA SELATAN,71,1,14,56,5402,3939,323,1140
21/09/2020,SUMATERA SELATAN,47,1,57,-11,5449,3996,324,1129
22/09/2020,SUMATERA SELATAN,48,1,57,-10,5497,4053,325,1119
23/09/2020,SUMATERA SELATAN,110,5,14,91,5607,4067,330,1210
24/09/2020,SUMATERA SELATAN,83,1,33,49,5690,4100,331,1259
25/09/2020,SUMATERA SELATAN,44,5,39,0,5734,4139,336,1259
26/09/2020,SUMATERA SELATAN,60,1,21,38,5794,4160,337,1297
27/09/2020,SUMATERA SELATAN,82,3,42,37,5876,4202,340,1334
28/09/2020,SUMATERA SELATAN,51,2,51,-2,5927,4253,342,1332
29/09/2020,SUMATERA SELATAN,58,0,25,33,5985,4278,342,1365
30/09/2020,SUMATERA SELATAN,110,6,86,18,6095,4364,348,1383
01/10/2020,SUMATERA SELATAN,40,3,65,-28,6135,4429,351,1355
02/10/2020,SUMATERA SELATAN,72,3,86,-17,6207,4515,354,1338
03/10/2020,SUMATERA SELATAN,70,0,93,-23,6277,4608,354,1315
04/10/2020,SUMATERA SELATAN,46,2,65,-21,6323,4673,356,1294
05/10/2020,SUMATERA SELATAN,23,1,75,-53,6346,4748,357,1241
06/10/2020,SUMATERA SELATAN,71,5,4,62,6417,4752,362,1303
07/10/2020,SUMATERA SELATAN,114,2,44,68,6531,4796,364,1371
08/10/2020,SUMATERA SELATAN,83,3,151,-71,6614,4947,367,1300
09/10/2020,SUMATERA SELATAN,63,3,66,-6,6677,5013,370,1294
10/10/2020,SUMATERA SELATAN,66,1,73,-8,6743,5086,371,1286
11/10/2020,SUMATERA SELATAN,33,0,41,-8,6776,5127,371,1278
12/10/2020,SUMATERA SELATAN,45,4,53,-12,6821,5180,375,1266
13/10/2020,SUMATERA SELATAN,66,3,17,46,6887,5197,378,1312
14/10/2020,SUMATERA SELATAN,60,6,57,-3,6947,5254,384,1309
15/10/2020,SUMATERA SELATAN,58,3,26,29,7005,5280,387,1338
16/10/2020,SUMATERA SELATAN,53,0,65,-12,7058,5345,387,1326
17/10/2020,SUMATERA SELATAN,46,0,47,-1,7104,5392,387,1325
18/10/2020,SUMATERA SELATAN,39,4,56,-21,7143,5448,391,1304
19/10/2020,SUMATERA SELATAN,39,2,7,30,7182,5455,393,1334
20/10/2020,SUMATERA SELATAN,47,2,48,-3,7229,5503,395,1331
21/10/2020,SUMATERA SELATAN,99,3,32,64,7328,5535,398,1395
22/10/2020,SUMATERA SELATAN,34,1,80,-47,7362,5615,399,1348
23/10/2020,SUMATERA SELATAN,73,8,62,3,7435,5677,407,1351
24/10/2020,SUMATERA SELATAN,65,1,40,24,7500,5717,408,1375
25/10/2020,SUMATERA SELATAN,22,0,182,-160,7522,5899,408,1215
26/10/2020,SUMATERA SELATAN,16,2,131,-117,7538,6030,410,1098
27/10/2020,SUMATERA SELATAN,43,1,60,-18,7581,6090,411,1080
28/10/2020,SUMATERA SELATAN,86,0,38,48,7667,6128,411,1128
29/10/2020,SUMATERA SELATAN,77,2,138,-63,7744,6266,413,1065
30/10/2020,SUMATERA SELATAN,43,0,32,11,7787,6298,413,1076
31/10/2020,SUMATERA SELATAN,62,1,36,25,7849,6334,414,1101
01/11/2020,SUMATERA SELATAN,54,10,66,-22,7903,6400,424,1079
02/11/2020,SUMATERA SELATAN,18,5,9,4,7921,6409,429,1083
03/11/2020,SUMATERA SELATAN,31,6,82,-57,7952,6491,435,1026
04/11/2020,SUMATERA SELATAN,70,5,47,18,8022,6538,440,1044
05/11/2020,SUMATERA SELATAN,68,3,90,-25,8090,6628,443,1019
06/11/2020,SUMATERA SELATAN,94,1,44,49,8184,6672,444,1068
07/11/2020,SUMATERA SELATAN,83,2,4,77,8267,6676,446,1145
08/11/2020,SUMATERA SELATAN,42,3,98,-59,8309,6774,449,1086
09/11/2020,SUMATERA SELATAN,26,3,27,-4,8335,6801,452,1082
10/11/2020,SUMATERA SELATAN,51,1,38,12,8386,6839,453,1094
11/11/2020,SUMATERA SELATAN,76,5,85,-14,8462,6924,458,1080
12/11/2020,SUMATERA SELATAN,72,4,52,16,8534,6976,462,1096
13/11/2020,SUMATERA SELATAN,68,2,12,54,8602,6988,464,1150
14/11/2020,SUMATERA SELATAN,64,2,38,24,8666,7026,466,1174
15/11/2020,SUMATERA SELATAN,44,0,34,10,8710,7060,466,1184
16/11/2020,SUMATERA SELATAN,45,1,99,-55,8755,7159,467,1129
17/11/2020,SUMATERA SELATAN,50,0,31,19,8805,7190,467,1148
18/11/2020,SUMATERA SELATAN,50,2,21,27,8855,7211,469,1175
19/11/2020,SUMATERA SELATAN,44,13,41,-10,8899,7252,482,1165
20/11/2020,SUMATERA SELATAN,71,2,24,45,8970,7276,484,1210
21/11/2020,SUMATERA SELATAN,53,1,1,51,9023,7277,485,1261
22/11/2020,SUMATERA SELATAN,57,1,23,33,9080,7300,486,1294
23/11/2020,SUMATERA SELATAN,33,1,20,12,9113,7320,487,1306
24/11/2020,SUMATERA SELATAN,47,4,67,-24,9160,7387,491,1282
25/11/2020,SUMATERA SELATAN,59,0,48,11,9219,7435,491,1293
26/11/2020,SUMATERA SELATAN,81,3,36,42,9300,7471,494,1335
27/11/2020,SUMATERA SELATAN,49,3,46,0,9349,7517,497,1335
28/11/2020,SUMATERA SELATAN,38,3,46,-11,9387,7563,500,1324
29/11/2020,SUMATERA SELATAN,41,2,47,-8,9428,7610,502,1316
30/11/2020,SUMATERA SELATAN,35,5,48,-18,9463,7658,507,1298
01/12/2020,SUMATERA SELATAN,67,6,93,-32,9530,7751,513,1266
02/12/2020,SUMATERA SELATAN,51,3,26,22,9581,7777,516,1288
03/12/2020,SUMATERA SELATAN,77,3,76,-2,9658,7853,519,1286
04/12/2020,SUMATERA SELATAN,88,7,119,-38,9746,7972,526,1248
05/12/2020,SUMATERA SELATAN,58,4,51,3,9804,8023,530,1251
06/12/2020,SUMATERA SELATAN,52,8,54,-10,9856,8077,538,1241
07/12/2020,SUMATERA SELATAN,63,3,54,6,9919,8131,541,1247
08/12/2020,SUMATERA SELATAN,68,0,78,-10,9987,8209,541,1237
09/12/2020,SUMATERA SELATAN,40,1,119,-80,10027,8328,542,1157
10/12/2020,SUMATERA SELATAN,58,2,50,6,10085,8378,544,1163
11/12/2020,SUMATERA SELATAN,65,4,66,-5,10150,8444,548,1158
12/12/2020,SUMATERA SELATAN,76,5,48,23,10226,8492,553,1181
13/12/2020,SUMATERA SELATAN,61,3,28,30,10287,8520,556,1211
14/12/2020,SUMATERA SELATAN,48,3,14,31,10335,8534,559,1242
15/12/2020,SUMATERA SELATAN,73,1,57,15,10408,8591,560,1257
16/12/2020,SUMATERA SELATAN,64,5,28,31,10472,8619,565,1288
17/12/2020,SUMATERA SELATAN,79,0,15,64,10551,8634,565,1352
18/12/2020,SUMATERA SELATAN,123,1,35,87,10674,8669,566,1439
19/12/2020,SUMATERA SELATAN,89,3,43,43,10763,8712,569,1482
20/12/2020,SUMATERA SELATAN,84,5,33,46,10847,8745,574,1528
21/12/2020,SUMATERA SELATAN,66,2,36,28,10913,8781,576,1556
22/12/2020,SUMATERA SELATAN,94,2,31,61,11007,8812,578,1617
23/12/2020,SUMATERA SELATAN,109,3,136,-30,11116,8948,581,1587
24/12/2020,SUMATERA SELATAN,81,3,52,26,11197,9000,584,1613
25/12/2020,SUMATERA SELATAN,89,6,31,52,11286,9031,590,1665
26/12/2020,SUMATERA SELATAN,81,1,66,14,11367,9097,591,1679
27/12/2020,SUMATERA SELATAN,95,3,69,23,11462,9166,594,1702
28/12/2020,SUMATERA SELATAN,78,1,9,68,11540,9175,595,1770
29/12/2020,SUMATERA SELATAN,84,1,88,-5,11624,9263,596,1765
30/12/2020,SUMATERA SELATAN,110,2,48,60,11734,9311,598,1825
31/12/2020,SUMATERA SELATAN,92,1,50,41,11826,9361,599,1866
01/01/2021,SUMATERA SELATAN,74,5,57,12,11900,9418,604,1878
02/01/2021,SUMATERA SELATAN,45,1,97,-53,11945,9515,605,1825
03/01/2021,SUMATERA SELATAN,53,0,81,-28,11998,9596,605,1797
04/01/2021,SUMATERA SELATAN,54,0,68,-14,12052,9664,605,1783
05/01/2021,SUMATERA SELATAN,66,2,56,8,12118,9720,607,1791
06/01/2021,SUMATERA SELATAN,99,3,99,-3,12217,9819,610,1788
07/01/2021,SUMATERA SELATAN,63,3,85,-25,12280,9904,613,1763
08/01/2021,SUMATERA SELATAN,102,0,40,62,12382,9944,613,1825
09/01/2021,SUMATERA SELATAN,89,1,78,10,12471,10022,614,1835
10/01/2021,SUMATERA SELATAN,51,5,66,-20,12522,10088,619,1815
11/01/2021,SUMATERA SELATAN,48,2,57,-11,12570,10145,621,1804
12/01/2021,SUMATERA SELATAN,74,1,46,27,12644,10191,622,1831
13/01/2021,SUMATERA SELATAN,80,2,76,2,12724,10267,624,1833
14/01/2021,SUMATERA SELATAN,98,1,38,59,12822,10305,625,1892
15/01/2021,SUMATERA SELATAN,92,4,60,28,12914,10365,629,1920
16/01/2021,SUMATERA SELATAN,78,4,83,-9,12992,10448,633,1911
17/01/2021,SUMATERA SELATAN,76,5,57,14,13068,10505,638,1925
18/01/2021,SUMATERA SELATAN,54,5,60,-11,13122,10565,643,1914
19/01/2021,SUMATERA SELATAN,104,3,87,14,13226,10652,646,1928
20/01/2021,SUMATERA SELATAN,110,1,127,-18,13336,10779,647,1910
21/01/2021,SUMATERA SELATAN,101,6,49,46,13437,10828,653,1956
22/01/2021,SUMATERA SELATAN,71,1,27,43,13508,10855,654,1999
23/01/2021,SUMATERA SELATAN,91,2,43,46,13599,10898,656,2045
24/01/2021,SUMATERA SELATAN,89,1,32,56,13688,10930,657,2101
25/01/2021,SUMATERA SELATAN,89,4,27,58,13777,10957,661,2159
26/01/2021,SUMATERA SELATAN,134,5,101,28,13911,11058,666,2187
27/01/2021,SUMATERA SELATAN,87,6,89,-8,13998,11147,672,2179
28/01/2021,SUMATERA SELATAN,82,3,55,24,14080,11202,675,2203
29/01/2021,SUMATERA SELATAN,86,0,72,14,14166,11274,675,2217
30/01/2021,SUMATERA SELATAN,64,2,104,-42,14230,11378,677,2175
31/01/2021,SUMATERA SELATAN,80,3,68,9,14310,11446,680,2184
01/02/2021,SUMATERA SELATAN,66,1,78,-13,14376,11524,681,2171
02/02/2021,SUMATERA SELATAN,62,3,89,-30,14438,11613,684,2141
03/02/2021,SUMATERA SELATAN,60,4,149,-93,14498,11762,688,2048
04/02/2021,SUMATERA SELATAN,29,1,54,-26,14527,11816,689,2022
05/02/2021,SUMATERA SELATAN,68,2,91,-25,14595,11907,691,1997
06/02/2021,SUMATERA SELATAN,58,0,67,-9,14653,11974,691,1988
07/02/2021,SUMATERA SELATAN,71,4,82,-15,14724,12056,695,1973
08/02/2021,SUMATERA SELATAN,71,2,27,42,14795,12083,697,2015
09/02/2021,SUMATERA SELATAN,62,9,135,-82,14857,12218,706,1933
10/02/2021,SUMATERA SELATAN,74,1,99,-26,14931,12317,707,1907
11/02/2021,SUMATERA SELATAN,40,4,91,-55,14971,12408,711,1852
12/02/2021,SUMATERA SELATAN,56,2,58,-4,15027,12466,713,1848
13/02/2021,SUMATERA SELATAN,57,2,80,-25,15084,12546,715,1823
14/02/2021,SUMATERA SELATAN,66,6,120,-60,15150,12666,721,1763
15/02/2021,SUMATERA SELATAN,51,1,102,-52,15201,12768,722,1711
16/02/2021,SUMATERA SELATAN,52,0,17,35,15253,12785,722,1746
17/02/2021,SUMATERA SELATAN,55,0,18,37,15308,12803,722,1783
18/02/2021,SUMATERA SELATAN,44,2,55,-13,15352,12858,724,1770
19/02/2021,SUMATERA SELATAN,50,0,41,9,15402,12899,724,1779
20/02/2021,SUMATERA SELATAN,88,0,55,33,15490,12954,724,1812
21/02/2021,SUMATERA SELATAN,52,4,40,8,15542,12994,728,1820
22/02/2021,SUMATERA SELATAN,45,4,125,-84,15587,13119,732,1736
23/02/2021,SUMATERA SELATAN,60,4,159,-103,15647,13278,736,1633
24/02/2021,SUMATERA SELATAN,57,3,23,31,15704,13301,739,1664
25/02/2021,SUMATERA SELATAN,75,2,44,29,15779,13345,741,1693
26/02/2021,SUMATERA SELATAN,39,3,64,-28,15818,13409,744,1665
27/02/2021,SUMATERA SELATAN,60,1,120,-61,15878,13529,745,1604
28/02/2021,SUMATERA SELATAN,36,6,154,-124,15914,13683,751,1480
01/03/2021,SUMATERA SELATAN,56,4,111,-59,15970,13794,755,1421
02/03/2021,SUMATERA SELATAN,44,0,38,6,16014,13832,755,1427
03/03/2021,SUMATERA SELATAN,50,0,73,-23,16064,13905,755,1404
04/03/2021,SUMATERA SELATAN,43,3,63,-23,16107,13968,758,1381
05/03/2021,SUMATERA SELATAN,63,1,46,16,16170,14014,759,1397
06/03/2021,SUMATERA SELATAN,58,0,98,-40,16228,14112,759,1357
07/03/2021,SUMATERA SELATAN,65,1,3,61,16293,14115,760,1418
08/03/2021,SUMATERA SELATAN,65,1,78,-14,16358,14193,761,1404
09/03/2021,SUMATERA SELATAN,32,2,48,-18,16390,14241,763,1386
10/03/2021,SUMATERA SELATAN,63,7,86,-30,16453,14327,770,1356
11/03/2021,SUMATERA SELATAN,37,3,35,-1,16490,14362,773,1355
12/03/2021,SUMATERA SELATAN,33,4,31,-2,16523,14393,777,1353
13/03/2021,SUMATERA SELATAN,43,3,41,-1,16566,14434,780,1352
14/03/2021,SUMATERA SELATAN,20,1,34,-15,16586,14468,781,1337
15/03/2021,SUMATERA SELATAN,57,0,40,17,16643,14508,781,1354
16/03/2021,SUMATERA SELATAN,55,4,28,23,16698,14536,785,1377
17/03/2021,SUMATERA SELATAN,45,7,57,-19,16743,14593,792,1358
18/03/2021,SUMATERA SELATAN,39,2,37,0,16782,14630,794,1358
19/03/2021,SUMATERA SELATAN,40,1,36,3,16822,14666,795,1361
20/03/2021,SUMATERA SELATAN,52,1,32,19,16874,14698,796,1380
21/03/2021,SUMATERA SELATAN,54,2,49,3,16928,14747,798,1383
22/03/2021,SUMATERA SELATAN,45,2,260,-217,16973,15007,800,1166
23/03/2021,SUMATERA SELATAN,27,2,88,-63,17000,15095,802,1103
24/03/2021,SUMATERA SELATAN,51,3,59,-11,17051,15154,805,1092
25/03/2021,SUMATERA SELATAN,118,2,131,-15,17169,15285,807,1077
26/03/2021,SUMATERA SELATAN,89,17,26,46,17258,15311,824,1123
27/03/2021,SUMATERA SELATAN,84,2,16,66,17342,15327,826,1189
28/03/2021,SUMATERA SELATAN,101,5,83,13,17443,15410,831,1202
29/03/2021,SUMATERA SELATAN,91,1,70,20,17534,15480,832,1222
30/03/2021,SUMATERA SELATAN,91,2,65,24,17625,15545,834,1246
31/03/2021,SUMATERA SELATAN,102,2,41,59,17727,15586,836,1305
01/04/2021,SUMATERA SELATAN,133,5,27,101,17860,15613,841,1406
02/04/2021,SUMATERA SELATAN,75,4,33,38,17935,15646,845,1444
03/04/2021,SUMATERA SELATAN,39,1,12,26,17974,15658,846,1470
04/04/2021,SUMATERA SELATAN,41,0,55,-14,18015,15713,846,1456
05/04/2021,SUMATERA SELATAN,54,3,50,1,18069,15763,849,1457
06/04/2021,SUMATERA SELATAN,49,4,57,-12,18118,15820,853,1445
07/04/2021,SUMATERA SELATAN,70,3,60,7,18188,15880,856,1452
08/04/2021,SUMATERA SELATAN,90,6,132,-48,18278,16012,862,1404
09/04/2021,SUMATERA SELATAN,79,3,118,-42,18357,16130,865,1362
10/04/2021,SUMATERA SELATAN,94,12,99,-17,18451,16229,877,1345
11/04/2021,SUMATERA SELATAN,52,0,93,-41,18503,16322,877,1304
12/04/2021,SUMATERA SELATAN,63,5,125,-67,18566,16447,882,1237
13/04/2021,SUMATERA SELATAN,60,5,121,-66,18626,16568,887,1171
14/04/2021,SUMATERA SELATAN,78,5,87,-14,18704,16655,892,1157
15/04/2021,SUMATERA SELATAN,63,6,128,-71,18767,16783,898,1086
16/04/2021,SUMATERA SELATAN,77,1,68,8,18844,16851,899,1094
17/04/2021,SUMATERA SELATAN,126,5,97,24,18970,16948,904,1118
18/04/2021,SUMATERA SELATAN,101,2,64,35,19071,17012,906,1153
19/04/2021,SUMATERA SELATAN,111,9,95,7,19182,17107,915,1160
20/04/2021,SUMATERA SELATAN,93,15,59,19,19275,17166,930,1179
21/04/2021,SUMATERA SELATAN,112,3,90,19,19387,17256,933,1198
22/04/2021,SUMATERA SELATAN,119,6,80,33,19506,17336,939,1231
23/04/2021,SUMATERA SELATAN,101,7,52,42,19607,17388,946,1273
24/04/2021,SUMATERA SELATAN,125,3,93,29,19732,17481,949,1302
25/04/2021,SUMATERA SELATAN,144,11,116,17,19876,17597,960,1319
26/04/2021,SUMATERA SELATAN,99,9,68,22,19975,17665,969,1341
27/04/2021,SUMATERA SELATAN,93,10,49,34,20068,17714,979,1375
28/04/2021,SUMATERA SELATAN,137,2,97,38,20205,17811,981,1413
29/04/2021,SUMATERA SELATAN,117,7,124,-14,20322,17935,988,1399
30/04/2021,SUMATERA SELATAN,126,4,77,45,20448,18012,992,1444
01/05/2021,SUMATERA SELATAN,147,5,74,68,20595,18086,997,1512
02/05/2021,SUMATERA SELATAN,130,8,44,78,20725,18130,1005,1590
03/05/2021,SUMATERA SELATAN,113,9,252,-148,20838,18382,1014,1442
04/05/2021,SUMATERA SELATAN,111,10,166,-65,20949,18548,1024,1377
05/05/2021,SUMATERA SELATAN,129,10,51,68,21078,18599,1034,1445
06/05/2021,SUMATERA SELATAN,130,7,127,-4,21208,18726,1041,1441
07/05/2021,SUMATERA SELATAN,142,4,112,26,21350,18838,1045,1467
08/05/2021,SUMATERA SELATAN,150,13,298,-161,21500,19136,1058,1306
09/05/2021,SUMATERA SELATAN,140,5,126,9,21640,19262,1063,1315
10/05/2021,SUMATERA SELATAN,131,7,149,-25,21771,19411,1070,1290
11/05/2021,SUMATERA SELATAN,100,8,122,-30,21871,19533,1078,1260
12/05/2021,SUMATERA SELATAN,126,5,75,46,21997,19608,1083,1306
13/05/2021,SUMATERA SELATAN,99,1,37,61,22096,19645,1084,1367
14/05/2021,SUMATERA SELATAN,67,6,47,14,22163,19692,1090,1381
15/05/2021,SUMATERA SELATAN,74,4,33,37,22237,19725,1094,1418
16/05/2021,SUMATERA SELATAN,77,9,224,-156,22314,19949,1103,1262
17/05/2021,SUMATERA SELATAN,106,5,220,-119,22420,20169,1108,1143
18/05/2021,SUMATERA SELATAN,68,11,188,-131,22488,20357,1119,1012
19/05/2021,SUMATERA SELATAN,75,13,115,-53,22563,20472,1132,959
20/05/2021,SUMATERA SELATAN,95,15,123,-43,22658,20595,1147,916
21/05/2021,SUMATERA SELATAN,120,6,63,51,22778,20658,1153,967
22/05/2021,SUMATERA SELATAN,204,5,112,87,22982,20770,1158,1054
23/05/2021,SUMATERA SELATAN,194,11,81,102,23176,20851,1169,1156
24/05/2021,SUMATERA SELATAN,130,9,93,28,23306,20944,1178,1184
25/05/2021,SUMATERA SELATAN,129,10,97,22,23435,21041,1188,1206
26/05/2021,SUMATERA SELATAN,159,6,46,107,23594,21087,1194,1313
27/05/2021,SUMATERA SELATAN,157,7,103,47,23751,21190,1201,1360
28/05/2021,SUMATERA SELATAN,152,1,79,72,23903,21269,1202,1432
29/05/2021,SUMATERA SELATAN,165,10,263,-108,24068,21532,1212,1324
30/05/2021,SUMATERA SELATAN,122,7,93,22,24190,21625,1219,1346
31/05/2021,SUMATERA SELATAN,142,5,95,42,24332,21720,1224,1388
01/06/2021,SUMATERA SELATAN,150,4,124,22,24482,21844,1228,1410
02/06/2021,SUMATERA SELATAN,129,7,87,35,24611,21931,1235,1445
03/06/2021,SUMATERA SELATAN,161,11,106,44,24772,22037,1246,1489
04/06/2021,SUMATERA SELATAN,156,11,204,-59,24928,22241,1257,1430
05/06/2021,SUMATERA SELATAN,158,3,136,19,25086,22377,1260,1449
06/06/2021,SUMATERA SELATAN,127,10,89,28,25213,22466,1270,1477
07/06/2021,SUMATERA SELATAN,126,10,186,-70,25339,22652,1280,1407
08/06/2021,SUMATERA SELATAN,122,4,146,-28,25461,22798,1284,1379
09/06/2021,SUMATERA SELATAN,152,11,125,16,25613,22923,1295,1395
10/06/2021,SUMATERA SELATAN,154,9,100,45,25767,23023,1304,1440
11/06/2021,SUMATERA SELATAN,128,10,89,29,25895,23112,1314,1469
12/06/2021,SUMATERA SELATAN,184,6,104,74,26079,23216,1320,1543
13/06/2021,SUMATERA SELATAN,144,11,86,47,26223,23302,1331,1590
26/03/2020,KALIMANTAN TENGAH,2,0,0,2,2,0,0,2
27/03/2020,KALIMANTAN TENGAH,0,0,0,0,2,0,0,2
28/03/2020,KALIMANTAN TENGAH,1,0,0,1,3,0,0,3
29/03/2020,KALIMANTAN TENGAH,0,0,0,0,3,0,0,3
30/03/2020,KALIMANTAN TENGAH,0,0,0,0,3,0,0,3
31/03/2020,KALIMANTAN TENGAH,4,0,2,2,7,2,0,5
01/04/2020,KALIMANTAN TENGAH,0,0,0,0,7,2,0,5
02/04/2020,KALIMANTAN TENGAH,0,0,0,0,7,2,0,5
03/04/2020,KALIMANTAN TENGAH,2,0,0,2,9,2,0,7
04/04/2020,KALIMANTAN TENGAH,1,0,2,-1,10,4,0,6
05/04/2020,KALIMANTAN TENGAH,0,0,0,0,10,4,0,6
06/04/2020,KALIMANTAN TENGAH,9,0,0,9,19,4,0,15
07/04/2020,KALIMANTAN TENGAH,1,0,2,-1,20,6,0,14
08/04/2020,KALIMANTAN TENGAH,0,1,0,-1,20,6,1,13
09/04/2020,KALIMANTAN TENGAH,0,0,0,0,20,6,1,13
10/04/2020,KALIMANTAN TENGAH,4,0,1,3,24,7,1,16
11/04/2020,KALIMANTAN TENGAH,0,0,0,0,24,7,1,16
12/04/2020,KALIMANTAN TENGAH,0,0,0,0,24,7,1,16
13/04/2020,KALIMANTAN TENGAH,1,0,1,0,25,8,1,16
14/04/2020,KALIMANTAN TENGAH,0,1,0,-1,25,8,2,15
15/04/2020,KALIMANTAN TENGAH,8,0,0,8,33,8,2,23
16/04/2020,KALIMANTAN TENGAH,1,0,0,1,34,8,2,24
17/04/2020,KALIMANTAN TENGAH,1,0,0,1,35,8,2,25
18/04/2020,KALIMANTAN TENGAH,6,1,0,5,41,8,3,30
19/04/2020,KALIMANTAN TENGAH,5,0,0,5,46,8,3,35
20/04/2020,KALIMANTAN TENGAH,14,1,1,12,60,9,4,47
21/04/2020,KALIMANTAN TENGAH,7,1,0,6,67,9,5,53
22/04/2020,KALIMANTAN TENGAH,15,0,0,15,82,9,5,68
23/04/2020,KALIMANTAN TENGAH,1,0,0,1,83,9,5,69
24/04/2020,KALIMANTAN TENGAH,11,0,0,11,94,9,5,80
25/04/2020,KALIMANTAN TENGAH,6,0,0,6,100,9,5,86
26/04/2020,KALIMANTAN TENGAH,4,0,1,3,104,10,5,89
27/04/2020,KALIMANTAN TENGAH,8,0,0,8,112,10,5,97
28/04/2020,KALIMANTAN TENGAH,9,1,2,6,121,12,6,103
29/04/2020,KALIMANTAN TENGAH,6,0,0,6,127,12,6,109
30/04/2020,KALIMANTAN TENGAH,18,0,1,17,145,13,6,126
01/05/2020,KALIMANTAN TENGAH,11,1,2,8,156,15,7,134
02/05/2020,KALIMANTAN TENGAH,1,0,0,1,157,15,7,135
03/05/2020,KALIMANTAN TENGAH,0,0,0,0,157,15,7,135
04/05/2020,KALIMANTAN TENGAH,23,0,1,22,180,16,7,157
05/05/2020,KALIMANTAN TENGAH,1,2,0,-1,181,16,9,156
06/05/2020,KALIMANTAN TENGAH,5,0,13,-8,186,29,9,148
07/05/2020,KALIMANTAN TENGAH,2,1,0,1,188,29,10,149
08/05/2020,KALIMANTAN TENGAH,0,0,1,-1,188,30,10,148
09/05/2020,KALIMANTAN TENGAH,1,0,0,1,189,30,10,149
10/05/2020,KALIMANTAN TENGAH,4,0,0,4,193,30,10,153
11/05/2020,KALIMANTAN TENGAH,7,0,0,7,200,30,10,160
12/05/2020,KALIMANTAN TENGAH,4,0,1,3,204,31,10,163
13/05/2020,KALIMANTAN TENGAH,16,0,1,15,220,32,10,178
14/05/2020,KALIMANTAN TENGAH,3,0,10,-7,223,42,10,171
15/05/2020,KALIMANTAN TENGAH,4,0,7,-3,227,49,10,168
16/05/2020,KALIMANTAN TENGAH,0,0,0,0,227,49,10,168
17/05/2020,KALIMANTAN TENGAH,0,0,0,0,227,49,10,168
18/05/2020,KALIMANTAN TENGAH,0,0,0,0,227,49,10,168
19/05/2020,KALIMANTAN TENGAH,5,0,0,5,232,49,10,173
20/05/2020,KALIMANTAN TENGAH,9,0,18,-9,241,67,10,164
21/05/2020,KALIMANTAN TENGAH,13,0,10,3,254,77,10,167
22/05/2020,KALIMANTAN TENGAH,35,4,15,16,289,92,14,183
23/05/2020,KALIMANTAN TENGAH,2,0,0,2,291,92,14,185
24/05/2020,KALIMANTAN TENGAH,15,0,0,15,306,92,14,200
25/05/2020,KALIMANTAN TENGAH,2,2,21,-21,308,113,16,179
26/05/2020,KALIMANTAN TENGAH,12,0,0,12,320,113,16,191
27/05/2020,KALIMANTAN TENGAH,8,0,0,8,328,113,16,199
28/05/2020,KALIMANTAN TENGAH,6,0,0,6,334,113,16,205
29/05/2020,KALIMANTAN TENGAH,29,0,7,22,363,120,16,227
30/05/2020,KALIMANTAN TENGAH,31,2,6,23,394,126,18,250
31/05/2020,KALIMANTAN TENGAH,12,0,0,12,406,126,18,262
01/06/2020,KALIMANTAN TENGAH,9,0,1,8,415,127,18,270
02/06/2020,KALIMANTAN TENGAH,9,1,17,-9,424,144,19,261
03/06/2020,KALIMANTAN TENGAH,28,4,7,17,452,151,23,278
04/06/2020,KALIMANTAN TENGAH,13,0,0,13,465,151,23,291
05/06/2020,KALIMANTAN TENGAH,15,2,0,13,480,151,25,304
06/06/2020,KALIMANTAN TENGAH,15,0,0,15,495,151,25,319
07/06/2020,KALIMANTAN TENGAH,1,0,10,-9,496,161,25,310
08/06/2020,KALIMANTAN TENGAH,8,2,2,4,504,163,27,314
09/06/2020,KALIMANTAN TENGAH,18,0,0,18,522,163,27,332
10/06/2020,KALIMANTAN TENGAH,15,1,11,3,537,174,28,335
11/06/2020,KALIMANTAN TENGAH,15,0,0,15,552,174,28,350
12/06/2020,KALIMANTAN TENGAH,13,0,4,9,565,178,28,359
13/06/2020,KALIMANTAN TENGAH,21,1,1,19,586,179,29,378
14/06/2020,KALIMANTAN TENGAH,0,3,17,-20,586,196,32,358
15/06/2020,KALIMANTAN TENGAH,45,4,2,39,631,198,36,397
16/06/2020,KALIMANTAN TENGAH,26,0,10,16,657,208,36,413
17/06/2020,KALIMANTAN TENGAH,45,1,1,43,702,209,37,456
18/06/2020,KALIMANTAN TENGAH,36,6,39,-9,738,248,43,447
19/06/2020,KALIMANTAN TENGAH,0,0,0,0,738,248,43,447
20/06/2020,KALIMANTAN TENGAH,26,2,10,14,764,258,45,461
21/06/2020,KALIMANTAN TENGAH,0,0,0,0,764,258,45,461
22/06/2020,KALIMANTAN TENGAH,21,3,7,11,785,265,48,472
23/06/2020,KALIMANTAN TENGAH,11,1,7,3,796,272,49,475
24/06/2020,KALIMANTAN TENGAH,4,0,0,4,800,272,49,479
25/06/2020,KALIMANTAN TENGAH,10,0,0,10,810,272,49,489
26/06/2020,KALIMANTAN TENGAH,7,2,29,-24,817,301,51,465
27/06/2020,KALIMANTAN TENGAH,5,1,0,4,822,301,52,469
28/06/2020,KALIMANTAN TENGAH,12,0,0,12,834,301,52,481
29/06/2020,KALIMANTAN TENGAH,47,0,50,-3,881,351,52,478
30/06/2020,KALIMANTAN TENGAH,13,2,1,10,894,352,54,488
01/07/2020,KALIMANTAN TENGAH,37,0,0,37,931,352,54,525
02/07/2020,KALIMANTAN TENGAH,15,0,0,15,946,352,54,540
03/07/2020,KALIMANTAN TENGAH,50,4,45,1,996,397,58,541
04/07/2020,KALIMANTAN TENGAH,8,2,26,-20,1004,423,60,521
05/07/2020,KALIMANTAN TENGAH,28,0,4,24,1032,427,60,545
06/07/2020,KALIMANTAN TENGAH,8,1,1,6,1040,428,61,551
07/07/2020,KALIMANTAN TENGAH,18,0,19,-1,1058,447,61,550
08/07/2020,KALIMANTAN TENGAH,15,0,6,9,1073,453,61,559
09/07/2020,KALIMANTAN TENGAH,23,3,22,-2,1096,475,64,557
10/07/2020,KALIMANTAN TENGAH,35,0,1,34,1131,476,64,591
11/07/2020,KALIMANTAN TENGAH,26,1,28,-3,1157,504,65,588
12/07/2020,KALIMANTAN TENGAH,39,5,12,22,1196,516,70,610
13/07/2020,KALIMANTAN TENGAH,26,0,3,23,1222,519,70,633
14/07/2020,KALIMANTAN TENGAH,32,1,42,-11,1254,561,71,622
15/07/2020,KALIMANTAN TENGAH,0,0,21,-21,1254,582,71,601
16/07/2020,KALIMANTAN TENGAH,12,1,33,-22,1266,615,72,579
17/07/2020,KALIMANTAN TENGAH,58,2,30,26,1324,645,74,605
18/07/2020,KALIMANTAN TENGAH,0,2,6,-8,1324,651,76,597
19/07/2020,KALIMANTAN TENGAH,74,3,74,-3,1398,725,79,594
20/07/2020,KALIMANTAN TENGAH,0,0,0,0,1398,725,79,594
21/07/2020,KALIMANTAN TENGAH,14,0,30,-16,1412,755,79,578
22/07/2020,KALIMANTAN TENGAH,36,1,150,-115,1448,905,80,463
23/07/2020,KALIMANTAN TENGAH,27,0,25,2,1475,930,80,465
24/07/2020,KALIMANTAN TENGAH,45,0,29,16,1520,959,80,481
25/07/2020,KALIMANTAN TENGAH,67,6,68,-7,1587,1027,86,474
26/07/2020,KALIMANTAN TENGAH,45,0,31,14,1632,1058,86,488
27/07/2020,KALIMANTAN TENGAH,21,1,34,-14,1653,1092,87,474
28/07/2020,KALIMANTAN TENGAH,24,0,24,0,1677,1116,87,474
29/07/2020,KALIMANTAN TENGAH,0,0,1,-1,1677,1117,87,473
30/07/2020,KALIMANTAN TENGAH,24,0,0,24,1701,1117,87,497
31/07/2020,KALIMANTAN TENGAH,28,3,34,-9,1729,1151,90,488
01/08/2020,KALIMANTAN TENGAH,31,0,17,14,1760,1168,90,502
02/08/2020,KALIMANTAN TENGAH,17,0,12,5,1777,1180,90,507
03/08/2020,KALIMANTAN TENGAH,14,0,30,-16,1791,1210,90,491
04/08/2020,KALIMANTAN TENGAH,53,0,31,22,1844,1241,90,513
05/08/2020,KALIMANTAN TENGAH,5,0,27,-22,1849,1268,90,491
06/08/2020,KALIMANTAN TENGAH,25,4,7,14,1874,1275,94,505
07/08/2020,KALIMANTAN TENGAH,37,1,25,11,1911,1300,95,516
08/08/2020,KALIMANTAN TENGAH,66,0,40,26,1977,1340,95,542
09/08/2020,KALIMANTAN TENGAH,30,0,37,-7,2007,1377,95,535
10/08/2020,KALIMANTAN TENGAH,43,0,34,9,2050,1411,95,544
11/08/2020,KALIMANTAN TENGAH,31,1,10,20,2081,1421,96,564
12/08/2020,KALIMANTAN TENGAH,6,0,30,-24,2087,1451,96,540
13/08/2020,KALIMANTAN TENGAH,44,2,71,-29,2131,1522,98,511
14/08/2020,KALIMANTAN TENGAH,20,1,22,-3,2151,1544,99,508
15/08/2020,KALIMANTAN TENGAH,37,0,30,7,2188,1574,99,515
16/08/2020,KALIMANTAN TENGAH,0,0,0,0,2188,1574,99,515
17/08/2020,KALIMANTAN TENGAH,27,0,30,-3,2215,1604,99,512
18/08/2020,KALIMANTAN TENGAH,43,2,71,-30,2258,1675,101,482
19/08/2020,KALIMANTAN TENGAH,0,0,0,0,2258,1675,101,482
20/08/2020,KALIMANTAN TENGAH,33,0,12,21,2291,1687,101,503
21/08/2020,KALIMANTAN TENGAH,23,1,20,2,2314,1707,102,505
22/08/2020,KALIMANTAN TENGAH,34,1,25,8,2348,1732,103,513
23/08/2020,KALIMANTAN TENGAH,62,0,38,24,2410,1770,103,537
24/08/2020,KALIMANTAN TENGAH,17,0,10,7,2427,1780,103,544
25/08/2020,KALIMANTAN TENGAH,11,1,32,-22,2438,1812,104,522
26/08/2020,KALIMANTAN TENGAH,8,0,30,-22,2446,1842,104,500
27/08/2020,KALIMANTAN TENGAH,18,1,24,-7,2464,1866,105,493
28/08/2020,KALIMANTAN TENGAH,0,0,0,0,2464,1866,105,493
29/08/2020,KALIMANTAN TENGAH,18,1,40,-23,2482,1906,106,470
30/08/2020,KALIMANTAN TENGAH,25,1,35,-11,2507,1941,107,459
31/08/2020,KALIMANTAN TENGAH,41,0,22,19,2548,1963,107,478
01/09/2020,KALIMANTAN TENGAH,37,0,20,17,2585,1983,107,495
02/09/2020,KALIMANTAN TENGAH,0,0,0,0,2585,1983,107,495
03/09/2020,KALIMANTAN TENGAH,51,1,85,-35,2636,2068,108,460
04/09/2020,KALIMANTAN TENGAH,53,1,90,-38,2689,2158,109,422
05/09/2020,KALIMANTAN TENGAH,0,0,0,0,2689,2158,109,422
06/09/2020,KALIMANTAN TENGAH,51,1,0,50,2740,2158,110,472
07/09/2020,KALIMANTAN TENGAH,67,2,0,65,2807,2158,112,537
08/09/2020,KALIMANTAN TENGAH,0,0,0,0,2807,2158,112,537
09/09/2020,KALIMANTAN TENGAH,44,1,15,28,2851,2173,113,565
10/09/2020,KALIMANTAN TENGAH,36,1,30,5,2887,2203,114,570
11/09/2020,KALIMANTAN TENGAH,33,0,10,23,2920,2213,114,593
12/09/2020,KALIMANTAN TENGAH,46,1,15,30,2966,2228,115,623
13/09/2020,KALIMANTAN TENGAH,36,1,6,29,3002,2234,116,652
14/09/2020,KALIMANTAN TENGAH,0,0,0,0,3002,2234,116,652
15/09/2020,KALIMANTAN TENGAH,57,1,18,38,3059,2252,117,690
16/09/2020,KALIMANTAN TENGAH,64,3,120,-59,3123,2372,120,631
17/09/2020,KALIMANTAN TENGAH,0,0,0,0,3123,2372,120,631
18/09/2020,KALIMANTAN TENGAH,55,2,78,-25,3178,2450,122,606
19/09/2020,KALIMANTAN TENGAH,50,4,30,16,3228,2480,126,622
20/09/2020,KALIMANTAN TENGAH,44,1,13,30,3272,2493,127,652
21/09/2020,KALIMANTAN TENGAH,28,2,22,4,3300,2515,129,656
22/09/2020,KALIMANTAN TENGAH,0,0,0,0,3300,2515,129,656
23/09/2020,KALIMANTAN TENGAH,92,0,38,54,3392,2553,129,710
24/09/2020,KALIMANTAN TENGAH,39,0,18,21,3431,2571,129,731
25/09/2020,KALIMANTAN TENGAH,43,0,30,13,3474,2601,129,744
26/09/2020,KALIMANTAN TENGAH,0,0,0,0,3474,2601,129,744
27/09/2020,KALIMANTAN TENGAH,11,0,26,-15,3485,2627,129,729
28/09/2020,KALIMANTAN TENGAH,64,1,30,33,3549,2657,130,762
29/09/2020,KALIMANTAN TENGAH,85,0,4,81,3634,2661,130,843
30/09/2020,KALIMANTAN TENGAH,11,2,120,-111,3645,2781,132,732
01/10/2020,KALIMANTAN TENGAH,46,0,15,31,3691,2796,132,763
02/10/2020,KALIMANTAN TENGAH,29,0,33,-4,3720,2829,132,759
03/10/2020,KALIMANTAN TENGAH,38,0,82,-44,3758,2911,132,715
04/10/2020,KALIMANTAN TENGAH,18,1,30,-13,3776,2941,133,702
05/10/2020,KALIMANTAN TENGAH,28,0,38,-10,3804,2979,133,692
06/10/2020,KALIMANTAN TENGAH,14,3,42,-31,3818,3021,136,661
07/10/2020,KALIMANTAN TENGAH,37,1,36,0,3855,3057,137,661
08/10/2020,KALIMANTAN TENGAH,11,1,50,-40,3866,3107,138,621
09/10/2020,KALIMANTAN TENGAH,24,0,8,16,3890,3115,138,637
10/10/2020,KALIMANTAN TENGAH,17,2,18,-3,3907,3133,140,634
11/10/2020,KALIMANTAN TENGAH,34,0,27,7,3941,3160,140,641
12/10/2020,KALIMANTAN TENGAH,26,0,38,-12,3967,3198,140,629
13/10/2020,KALIMANTAN TENGAH,11,1,70,-60,3978,3268,141,569
14/10/2020,KALIMANTAN TENGAH,9,2,32,-25,3987,3300,143,544
15/10/2020,KALIMANTAN TENGAH,27,0,33,-6,4014,3333,143,538
16/10/2020,KALIMANTAN TENGAH,31,1,39,-9,4045,3372,144,529
17/10/2020,KALIMANTAN TENGAH,36,0,32,4,4081,3404,144,533
18/10/2020,KALIMANTAN TENGAH,0,0,0,0,4081,3404,144,533
19/10/2020,KALIMANTAN TENGAH,41,0,46,-5,4122,3450,144,528
20/10/2020,KALIMANTAN TENGAH,27,0,77,-50,4149,3527,144,478
21/10/2020,KALIMANTAN TENGAH,13,0,17,-4,4162,3544,144,474
22/10/2020,KALIMANTAN TENGAH,0,0,0,0,4162,3544,144,474
23/10/2020,KALIMANTAN TENGAH,51,2,55,-6,4213,3599,146,468
24/10/2020,KALIMANTAN TENGAH,20,1,52,-33,4233,3651,147,435
25/10/2020,KALIMANTAN TENGAH,18,0,26,-8,4251,3677,147,427
26/10/2020,KALIMANTAN TENGAH,23,3,34,-14,4274,3711,150,413
27/10/2020,KALIMANTAN TENGAH,10,0,32,-22,4284,3743,150,391
28/10/2020,KALIMANTAN TENGAH,4,0,17,-13,4288,3760,150,378
29/10/2020,KALIMANTAN TENGAH,40,0,27,13,4328,3787,150,391
30/10/2020,KALIMANTAN TENGAH,11,0,36,-25,4339,3823,150,366
31/10/2020,KALIMANTAN TENGAH,5,0,25,-20,4344,3848,150,346
01/11/2020,KALIMANTAN TENGAH,0,0,0,0,4344,3848,150,346
02/11/2020,KALIMANTAN TENGAH,37,2,26,9,4381,3874,152,355
03/11/2020,KALIMANTAN TENGAH,17,1,20,-4,4398,3894,153,351
04/11/2020,KALIMANTAN TENGAH,20,2,16,2,4418,3910,155,353
05/11/2020,KALIMANTAN TENGAH,50,1,18,31,4468,3928,156,384
06/11/2020,KALIMANTAN TENGAH,49,3,30,16,4517,3958,159,400
07/11/2020,KALIMANTAN TENGAH,42,1,10,31,4559,3968,160,431
08/11/2020,KALIMANTAN TENGAH,53,0,6,47,4612,3974,160,478
09/11/2020,KALIMANTAN TENGAH,35,1,19,15,4647,3993,161,493
10/11/2020,KALIMANTAN TENGAH,20,2,25,-7,4667,4018,163,486
11/11/2020,KALIMANTAN TENGAH,45,0,11,34,4712,4029,163,520
12/11/2020,KALIMANTAN TENGAH,89,1,25,63,4801,4054,164,583
13/11/2020,KALIMANTAN TENGAH,89,2,42,45,4890,4096,166,628
14/11/2020,KALIMANTAN TENGAH,36,1,20,15,4926,4116,167,643
15/11/2020,KALIMANTAN TENGAH,50,0,16,34,4976,4132,167,677
16/11/2020,KALIMANTAN TENGAH,0,0,0,0,4976,4132,167,677
17/11/2020,KALIMANTAN TENGAH,65,2,58,5,5041,4190,169,682
18/11/2020,KALIMANTAN TENGAH,45,1,26,18,5086,4216,170,700
19/11/2020,KALIMANTAN TENGAH,20,5,29,-14,5106,4245,175,686
20/11/2020,KALIMANTAN TENGAH,65,1,21,43,5171,4266,176,729
21/11/2020,KALIMANTAN TENGAH,58,1,42,15,5229,4308,177,744
22/11/2020,KALIMANTAN TENGAH,131,3,31,97,5360,4339,180,841
23/11/2020,KALIMANTAN TENGAH,85,3,35,47,5445,4374,183,888
24/11/2020,KALIMANTAN TENGAH,51,0,30,21,5496,4404,183,909
25/11/2020,KALIMANTAN TENGAH,58,0,40,18,5554,4444,183,927
26/11/2020,KALIMANTAN TENGAH,49,3,49,-3,5603,4493,186,924
27/11/2020,KALIMANTAN TENGAH,86,4,57,25,5689,4550,190,949
28/11/2020,KALIMANTAN TENGAH,86,2,46,38,5775,4596,192,987
29/11/2020,KALIMANTAN TENGAH,157,2,47,108,5932,4643,194,1095
30/11/2020,KALIMANTAN TENGAH,0,0,0,0,5932,4643,194,1095
01/12/2020,KALIMANTAN TENGAH,190,0,0,190,6122,4643,194,1285
02/12/2020,KALIMANTAN TENGAH,82,0,0,82,6204,4643,194,1367
03/12/2020,KALIMANTAN TENGAH,157,0,0,157,6361,4643,194,1524
04/12/2020,KALIMANTAN TENGAH,0,0,0,0,6361,4643,194,1524
05/12/2020,KALIMANTAN TENGAH,260,0,100,160,6621,4743,194,1684
06/12/2020,KALIMANTAN TENGAH,0,0,0,0,6621,4743,194,1684
07/12/2020,KALIMANTAN TENGAH,209,0,0,209,6830,4743,194,1893
08/12/2020,KALIMANTAN TENGAH,194,0,0,194,7024,4743,194,2087
09/12/2020,KALIMANTAN TENGAH,229,0,100,129,7253,4843,194,2216
10/12/2020,KALIMANTAN TENGAH,205,0,0,205,7458,4843,194,2421
11/12/2020,KALIMANTAN TENGAH,216,0,0,216,7674,4843,194,2637
12/12/2020,KALIMANTAN TENGAH,116,0,0,116,7790,4843,194,2753
13/12/2020,KALIMANTAN TENGAH,150,2,0,148,7940,4843,196,2901
14/12/2020,KALIMANTAN TENGAH,73,0,0,73,8013,4843,196,2974
15/12/2020,KALIMANTAN TENGAH,106,0,0,106,8119,4843,196,3080
16/12/2020,KALIMANTAN TENGAH,0,0,0,0,8119,4843,196,3080
17/12/2020,KALIMANTAN TENGAH,95,0,100,-5,8214,4943,196,3075
18/12/2020,KALIMANTAN TENGAH,112,1,0,111,8326,4943,197,3186
19/12/2020,KALIMANTAN TENGAH,154,2,3,149,8480,4946,199,3335
20/12/2020,KALIMANTAN TENGAH,137,0,300,-163,8617,5246,199,3172
21/12/2020,KALIMANTAN TENGAH,296,0,0,296,8913,5246,199,3468
22/12/2020,KALIMANTAN TENGAH,142,0,100,42,9055,5346,199,3510
23/12/2020,KALIMANTAN TENGAH,101,0,0,101,9156,5346,199,3611
24/12/2020,KALIMANTAN TENGAH,90,0,0,90,9246,5346,199,3701
25/12/2020,KALIMANTAN TENGAH,88,0,0,88,9334,5346,199,3789
26/12/2020,KALIMANTAN TENGAH,80,0,0,80,9414,5346,199,3869
27/12/2020,KALIMANTAN TENGAH,85,0,399,-314,9499,5745,199,3555
28/12/2020,KALIMANTAN TENGAH,43,0,0,43,9542,5745,199,3598
29/12/2020,KALIMANTAN TENGAH,74,0,0,74,9616,5745,199,3672
30/12/2020,KALIMANTAN TENGAH,56,1,113,-58,9672,5858,200,3614
31/12/2020,KALIMANTAN TENGAH,68,0,600,-532,9740,6458,200,3082
01/01/2021,KALIMANTAN TENGAH,95,0,200,-105,9835,6658,200,2977
02/01/2021,KALIMANTAN TENGAH,59,0,100,-41,9894,6758,200,2936
03/01/2021,KALIMANTAN TENGAH,64,0,200,-136,9958,6958,200,2800
04/01/2021,KALIMANTAN TENGAH,24,0,214,-190,9982,7172,200,2610
05/01/2021,KALIMANTAN TENGAH,60,0,3,57,10042,7175,200,2667
06/01/2021,KALIMANTAN TENGAH,66,0,203,-137,10108,7378,200,2530
07/01/2021,KALIMANTAN TENGAH,76,0,305,-229,10184,7683,200,2301
08/01/2021,KALIMANTAN TENGAH,114,0,123,-9,10298,7806,200,2292
09/01/2021,KALIMANTAN TENGAH,54,0,100,-46,10352,7906,200,2246
10/01/2021,KALIMANTAN TENGAH,94,1,200,-107,10446,8106,201,2139
11/01/2021,KALIMANTAN TENGAH,60,1,107,-48,10506,8213,202,2091
12/01/2021,KALIMANTAN TENGAH,68,0,301,-233,10574,8514,202,1858
13/01/2021,KALIMANTAN TENGAH,74,0,102,-28,10648,8616,202,1830
14/01/2021,KALIMANTAN TENGAH,71,0,0,71,10719,8616,202,1901
15/01/2021,KALIMANTAN TENGAH,84,0,200,-116,10803,8816,202,1785
16/01/2021,KALIMANTAN TENGAH,97,0,200,-103,10900,9016,202,1682
17/01/2021,KALIMANTAN TENGAH,95,1,0,94,10995,9016,203,1776
18/01/2021,KALIMANTAN TENGAH,40,0,100,-60,11035,9116,203,1716
19/01/2021,KALIMANTAN TENGAH,65,0,200,-135,11100,9316,203,1581
20/01/2021,KALIMANTAN TENGAH,62,1,0,61,11162,9316,204,1642
21/01/2021,KALIMANTAN TENGAH,54,0,0,54,11216,9316,204,1696
22/01/2021,KALIMANTAN TENGAH,65,1,0,64,11281,9316,205,1760
23/01/2021,KALIMANTAN TENGAH,86,1,100,-15,11367,9416,206,1745
24/01/2021,KALIMANTAN TENGAH,134,1,58,75,11501,9474,207,1820
25/01/2021,KALIMANTAN TENGAH,45,2,82,-39,11546,9556,209,1781
26/01/2021,KALIMANTAN TENGAH,31,0,137,-106,11577,9693,209,1675
27/01/2021,KALIMANTAN TENGAH,62,1,108,-47,11639,9801,210,1628
28/01/2021,KALIMANTAN TENGAH,62,0,17,45,11701,9818,210,1673
29/01/2021,KALIMANTAN TENGAH,133,2,100,31,11834,9918,212,1704
30/01/2021,KALIMANTAN TENGAH,76,0,149,-73,11910,10067,212,1631
31/01/2021,KALIMANTAN TENGAH,66,0,101,-35,11976,10168,212,1596
01/02/2021,KALIMANTAN TENGAH,62,0,89,-27,12038,10257,212,1569
02/02/2021,KALIMANTAN TENGAH,98,0,100,-2,12136,10357,212,1567
03/02/2021,KALIMANTAN TENGAH,19,95,2,-78,12155,10359,307,1489
04/02/2021,KALIMANTAN TENGAH,50,0,83,-33,12205,10442,307,1456
05/02/2021,KALIMANTAN TENGAH,80,0,101,-21,12285,10543,307,1435
06/02/2021,KALIMANTAN TENGAH,67,0,134,-67,12352,10677,307,1368
07/02/2021,KALIMANTAN TENGAH,61,0,17,44,12413,10694,307,1412
08/02/2021,KALIMANTAN TENGAH,43,1,128,-86,12456,10822,308,1326
09/02/2021,KALIMANTAN TENGAH,32,1,102,-71,12488,10924,309,1255
10/02/2021,KALIMANTAN TENGAH,30,0,100,-70,12518,11024,309,1185
11/02/2021,KALIMANTAN TENGAH,31,1,71,-41,12549,11095,310,1144
12/02/2021,KALIMANTAN TENGAH,78,1,69,8,12627,11164,311,1152
13/02/2021,KALIMANTAN TENGAH,101,0,97,4,12728,11261,311,1156
14/02/2021,KALIMANTAN TENGAH,36,0,102,-66,12764,11363,311,1090
15/02/2021,KALIMANTAN TENGAH,41,0,0,41,12805,11363,311,1131
16/02/2021,KALIMANTAN TENGAH,50,0,89,-39,12855,11452,311,1092
17/02/2021,KALIMANTAN TENGAH,32,0,61,-29,12887,11513,311,1063
18/02/2021,KALIMANTAN TENGAH,86,1,63,22,12973,11576,312,1085
19/02/2021,KALIMANTAN TENGAH,99,2,91,6,13072,11667,314,1091
20/02/2021,KALIMANTAN TENGAH,95,1,48,46,13167,11715,315,1137
21/02/2021,KALIMANTAN TENGAH,148,2,28,118,13315,11743,317,1255
22/02/2021,KALIMANTAN TENGAH,64,1,168,-105,13379,11911,318,1150
23/02/2021,KALIMANTAN TENGAH,75,0,130,-55,13454,12041,318,1095
24/02/2021,KALIMANTAN TENGAH,62,5,71,-14,13516,12112,323,1081
25/02/2021,KALIMANTAN TENGAH,52,2,59,-9,13568,12171,325,1072
26/02/2021,KALIMANTAN TENGAH,112,0,12,100,13680,12183,325,1172
27/02/2021,KALIMANTAN TENGAH,97,1,35,61,13777,12218,326,1233
28/02/2021,KALIMANTAN TENGAH,74,0,61,13,13851,12279,326,1246
01/03/2021,KALIMANTAN TENGAH,73,3,18,52,13924,12297,329,1298
02/03/2021,KALIMANTAN TENGAH,84,0,53,31,14008,12350,329,1329
03/03/2021,KALIMANTAN TENGAH,94,2,34,58,14102,12384,331,1387
04/03/2021,KALIMANTAN TENGAH,68,0,35,33,14170,12419,331,1420
05/03/2021,KALIMANTAN TENGAH,152,5,41,106,14322,12460,336,1526
06/03/2021,KALIMANTAN TENGAH,122,2,84,36,14444,12544,338,1562
07/03/2021,KALIMANTAN TENGAH,118,0,21,97,14562,12565,338,1659
08/03/2021,KALIMANTAN TENGAH,70,4,21,45,14632,12586,342,1704
09/03/2021,KALIMANTAN TENGAH,133,4,81,48,14765,12667,346,1752
10/03/2021,KALIMANTAN TENGAH,94,3,7,84,14859,12674,349,1836
11/03/2021,KALIMANTAN TENGAH,47,8,144,-105,14906,12818,357,1731
12/03/2021,KALIMANTAN TENGAH,62,4,176,-118,14968,12994,361,1613
13/03/2021,KALIMANTAN TENGAH,97,3,13,81,15065,13007,364,1694
14/03/2021,KALIMANTAN TENGAH,125,5,0,120,15190,13007,369,1814
15/03/2021,KALIMANTAN TENGAH,125,2,64,59,15315,13071,371,1873
16/03/2021,KALIMANTAN TENGAH,83,1,22,60,15398,13093,372,1933
17/03/2021,KALIMANTAN TENGAH,153,1,60,92,15551,13153,373,2025
18/03/2021,KALIMANTAN TENGAH,76,3,118,-45,15627,13271,376,1980
19/03/2021,KALIMANTAN TENGAH,113,1,64,48,15740,13335,377,2028
20/03/2021,KALIMANTAN TENGAH,88,1,41,46,15828,13376,378,2074
21/03/2021,KALIMANTAN TENGAH,201,0,8,193,16029,13384,378,2267
22/03/2021,KALIMANTAN TENGAH,87,7,107,-27,16116,13491,385,2240
23/03/2021,KALIMANTAN TENGAH,148,0,32,116,16264,13523,385,2356
24/03/2021,KALIMANTAN TENGAH,161,0,70,91,16425,13593,385,2447
25/03/2021,KALIMANTAN TENGAH,107,0,19,88,16532,13612,385,2535
26/03/2021,KALIMANTAN TENGAH,95,0,90,5,16627,13702,385,2540
27/03/2021,KALIMANTAN TENGAH,183,0,55,128,16810,13757,385,2668
28/03/2021,KALIMANTAN TENGAH,111,0,40,71,16921,13797,385,2739
29/03/2021,KALIMANTAN TENGAH,72,0,47,25,16993,13844,385,2764
30/03/2021,KALIMANTAN TENGAH,79,4,154,-79,17072,13998,389,2685
31/03/2021,KALIMANTAN TENGAH,168,0,63,105,17240,14061,389,2790
01/04/2021,KALIMANTAN TENGAH,63,1,66,-4,17303,14127,390,2786
02/04/2021,KALIMANTAN TENGAH,104,0,72,32,17407,14199,390,2818
03/04/2021,KALIMANTAN TENGAH,90,3,30,57,17497,14229,393,2875
04/04/2021,KALIMANTAN TENGAH,92,2,42,48,17589,14271,395,2923
05/04/2021,KALIMANTAN TENGAH,106,2,142,-38,17695,14413,397,2885
06/04/2021,KALIMANTAN TENGAH,70,0,134,-64,17765,14547,397,2821
07/04/2021,KALIMANTAN TENGAH,81,2,167,-88,17846,14714,399,2733
08/04/2021,KALIMANTAN TENGAH,64,1,8,55,17910,14722,400,2788
09/04/2021,KALIMANTAN TENGAH,111,2,29,80,18021,14751,402,2868
10/04/2021,KALIMANTAN TENGAH,114,5,115,-6,18135,14866,407,2862
11/04/2021,KALIMANTAN TENGAH,143,0,333,-190,18278,15199,407,2672
12/04/2021,KALIMANTAN TENGAH,76,1,139,-64,18354,15338,408,2608
13/04/2021,KALIMANTAN TENGAH,107,0,77,30,18461,15415,408,2638
14/04/2021,KALIMANTAN TENGAH,82,14,541,-473,18543,15956,422,2165
15/04/2021,KALIMANTAN TENGAH,85,1,33,51,18628,15989,423,2216
16/04/2021,KALIMANTAN TENGAH,116,1,58,57,18744,16047,424,2273
17/04/2021,KALIMANTAN TENGAH,117,5,23,89,18861,16070,429,2362
18/04/2021,KALIMANTAN TENGAH,92,2,10,80,18953,16080,431,2442
19/04/2021,KALIMANTAN TENGAH,78,1,178,-101,19031,16258,432,2341
20/04/2021,KALIMANTAN TENGAH,142,1,24,117,19173,16282,433,2458
21/04/2021,KALIMANTAN TENGAH,97,2,61,34,19270,16343,435,2492
22/04/2021,KALIMANTAN TENGAH,71,1,5,65,19341,16348,436,2557
23/04/2021,KALIMANTAN TENGAH,85,0,53,32,19426,16401,436,2589
24/04/2021,KALIMANTAN TENGAH,119,3,56,60,19545,16457,439,2649
25/04/2021,KALIMANTAN TENGAH,81,0,8,73,19626,16465,439,2722
26/04/2021,KALIMANTAN TENGAH,97,1,37,59,19723,16502,440,2781
27/04/2021,KALIMANTAN TENGAH,57,1,21,35,19780,16523,441,2816
28/04/2021,KALIMANTAN TENGAH,118,2,80,36,19898,16603,443,2852
29/04/2021,KALIMANTAN TENGAH,62,4,348,-290,19960,16951,447,2562
30/04/2021,KALIMANTAN TENGAH,111,2,20,89,20071,16971,449,2651
01/05/2021,KALIMANTAN TENGAH,108,1,12,95,20179,16983,450,2746
02/05/2021,KALIMANTAN TENGAH,49,3,13,33,20228,16996,453,2779
03/05/2021,KALIMANTAN TENGAH,74,0,167,-93,20302,17163,453,2686
04/05/2021,KALIMANTAN TENGAH,101,0,243,-142,20403,17406,453,2544
05/05/2021,KALIMANTAN TENGAH,91,1,338,-248,20494,17744,454,2296
06/05/2021,KALIMANTAN TENGAH,74,0,41,33,20568,17785,454,2329
07/05/2021,KALIMANTAN TENGAH,84,0,125,-41,20652,17910,454,2288
08/05/2021,KALIMANTAN TENGAH,125,2,51,72,20777,17961,456,2360
09/05/2021,KALIMANTAN TENGAH,90,0,21,69,20867,17982,456,2429
10/05/2021,KALIMANTAN TENGAH,61,4,149,-92,20928,18131,460,2337
11/05/2021,KALIMANTAN TENGAH,58,9,57,-8,20986,18188,469,2329
12/05/2021,KALIMANTAN TENGAH,79,1,50,28,21065,18238,470,2357
13/05/2021,KALIMANTAN TENGAH,59,0,3,56,21124,18241,470,2413
14/05/2021,KALIMANTAN TENGAH,55,0,3,52,21179,18244,470,2465
15/05/2021,KALIMANTAN TENGAH,27,7,113,-93,21206,18357,477,2372
16/05/2021,KALIMANTAN TENGAH,46,1,39,6,21252,18396,478,2378
17/05/2021,KALIMANTAN TENGAH,57,6,160,-109,21309,18556,484,2269
18/05/2021,KALIMANTAN TENGAH,83,2,52,29,21392,18608,486,2298
19/05/2021,KALIMANTAN TENGAH,82,0,13,69,21474,18621,486,2367
20/05/2021,KALIMANTAN TENGAH,94,0,87,7,21568,18708,486,2374
21/05/2021,KALIMANTAN TENGAH,92,4,68,20,21660,18776,490,2394
22/05/2021,KALIMANTAN TENGAH,96,0,13,83,21756,18789,490,2477
23/05/2021,KALIMANTAN TENGAH,96,0,2,94,21852,18791,490,2571
24/05/2021,KALIMANTAN TENGAH,68,2,84,-18,21920,18875,492,2553
25/05/2021,KALIMANTAN TENGAH,71,2,76,-7,21991,18951,494,2546
26/05/2021,KALIMANTAN TENGAH,91,1,81,9,22082,19032,495,2555
27/05/2021,KALIMANTAN TENGAH,60,3,30,27,22142,19062,498,2582
28/05/2021,KALIMANTAN TENGAH,82,1,11,70,22224,19073,499,2652
29/05/2021,KALIMANTAN TENGAH,155,2,13,140,22379,19086,501,2792
30/05/2021,KALIMANTAN TENGAH,111,2,23,86,22490,19109,503,2878
31/05/2021,KALIMANTAN TENGAH,73,1,116,-44,22563,19225,504,2834
01/06/2021,KALIMANTAN TENGAH,64,0,10,54,22627,19235,504,2888
02/06/2021,KALIMANTAN TENGAH,81,1,157,-77,22708,19392,505,2811
03/06/2021,KALIMANTAN TENGAH,128,7,68,53,22836,19460,512,2864
04/06/2021,KALIMANTAN TENGAH,119,2,31,86,22955,19491,514,2950
05/06/2021,KALIMANTAN TENGAH,90,1,10,79,23045,19501,515,3029
06/06/2021,KALIMANTAN TENGAH,45,2,14,29,23090,19515,517,3058
07/06/2021,KALIMANTAN TENGAH,90,0,17,73,23180,19532,517,3131
08/06/2021,KALIMANTAN TENGAH,127,0,65,62,23307,19597,517,3193
09/06/2021,KALIMANTAN TENGAH,67,2,116,-51,23374,19713,519,3142
10/06/2021,KALIMANTAN TENGAH,106,0,55,51,23480,19768,519,3193
11/06/2021,KALIMANTAN TENGAH,66,2,24,40,23546,19792,521,3233
12/06/2021,KALIMANTAN TENGAH,120,1,25,94,23666,19817,522,3327
13/06/2021,KALIMANTAN TENGAH,97,0,0,97,23763,19817,522,3424
14/03/2020,KALIMANTAN TIMUR,3,0,0,3,3,0,0,3
15/03/2020,KALIMANTAN TIMUR,2,0,0,2,5,0,0,5
16/03/2020,KALIMANTAN TIMUR,1,0,0,1,6,0,0,6
17/03/2020,KALIMANTAN TIMUR,1,0,0,1,7,0,0,7
18/03/2020,KALIMANTAN TIMUR,0,0,0,0,7,0,0,7
19/03/2020,KALIMANTAN TIMUR,0,0,0,0,7,0,0,7
20/03/2020,KALIMANTAN TIMUR,0,0,0,0,7,0,0,7
21/03/2020,KALIMANTAN TIMUR,0,0,0,0,7,0,0,7
22/03/2020,KALIMANTAN TIMUR,0,0,0,0,7,0,0,7
23/03/2020,KALIMANTAN TIMUR,1,0,0,1,8,0,0,8
24/03/2020,KALIMANTAN TIMUR,0,0,0,0,8,0,0,8
25/03/2020,KALIMANTAN TIMUR,0,0,0,0,8,0,0,8
26/03/2020,KALIMANTAN TIMUR,0,0,0,0,8,0,0,8
27/03/2020,KALIMANTAN TIMUR,0,0,0,0,8,0,0,8
28/03/2020,KALIMANTAN TIMUR,5,0,0,5,13,0,0,13
29/03/2020,KALIMANTAN TIMUR,0,0,0,0,13,0,0,13
30/03/2020,KALIMANTAN TIMUR,0,0,0,0,13,0,0,13
31/03/2020,KALIMANTAN TIMUR,3,1,0,2,16,0,1,15
01/04/2020,KALIMANTAN TIMUR,1,0,0,1,17,0,1,16
02/04/2020,KALIMANTAN TIMUR,0,0,0,0,17,0,1,16
03/04/2020,KALIMANTAN TIMUR,1,0,0,1,18,0,1,17
04/04/2020,KALIMANTAN TIMUR,2,0,1,1,20,1,1,18
05/04/2020,KALIMANTAN TIMUR,1,0,0,1,21,1,1,19
06/04/2020,KALIMANTAN TIMUR,6,0,0,6,27,1,1,25
07/04/2020,KALIMANTAN TIMUR,0,0,0,0,27,1,1,25
08/04/2020,KALIMANTAN TIMUR,1,0,0,1,28,1,1,26
09/04/2020,KALIMANTAN TIMUR,1,0,5,-4,29,6,1,22
10/04/2020,KALIMANTAN TIMUR,4,0,0,4,33,6,1,26
11/04/2020,KALIMANTAN TIMUR,0,0,0,0,33,6,1,26
12/04/2020,KALIMANTAN TIMUR,0,0,0,0,33,6,1,26
13/04/2020,KALIMANTAN TIMUR,0,0,0,0,33,6,1,26
14/04/2020,KALIMANTAN TIMUR,0,0,0,0,33,6,1,26
15/04/2020,KALIMANTAN TIMUR,0,0,0,0,33,6,1,26
16/04/2020,KALIMANTAN TIMUR,9,0,5,4,42,11,1,30
17/04/2020,KALIMANTAN TIMUR,0,0,1,-1,42,12,1,29
18/04/2020,KALIMANTAN TIMUR,10,0,0,10,52,12,1,39
19/04/2020,KALIMANTAN TIMUR,5,0,0,5,57,12,1,44
20/04/2020,KALIMANTAN TIMUR,4,0,0,4,61,12,1,48
21/04/2020,KALIMANTAN TIMUR,5,0,0,5,66,12,1,53
22/04/2020,KALIMANTAN TIMUR,1,0,0,1,67,12,1,54
23/04/2020,KALIMANTAN TIMUR,5,0,0,5,72,12,1,59
24/04/2020,KALIMANTAN TIMUR,11,0,2,9,83,14,1,68
25/04/2020,KALIMANTAN TIMUR,12,0,0,12,95,14,1,80
26/04/2020,KALIMANTAN TIMUR,8,0,1,7,103,15,1,87
27/04/2020,KALIMANTAN TIMUR,2,0,1,1,105,16,1,88
28/04/2020,KALIMANTAN TIMUR,8,0,0,8,113,16,1,96
29/04/2020,KALIMANTAN TIMUR,4,0,0,4,117,16,1,100
30/04/2020,KALIMANTAN TIMUR,15,0,0,15,132,16,1,115
01/05/2020,KALIMANTAN TIMUR,3,0,1,2,135,17,1,117
02/05/2020,KALIMANTAN TIMUR,18,0,0,18,153,17,1,135
03/05/2020,KALIMANTAN TIMUR,8,0,0,8,161,17,1,143
04/05/2020,KALIMANTAN TIMUR,5,1,0,4,166,17,2,147
05/05/2020,KALIMANTAN TIMUR,1,0,0,1,167,17,2,148
06/05/2020,KALIMANTAN TIMUR,14,0,0,14,181,17,2,162
07/05/2020,KALIMANTAN TIMUR,0,0,0,0,181,17,2,162
08/05/2020,KALIMANTAN TIMUR,27,0,9,18,208,26,2,180
09/05/2020,KALIMANTAN TIMUR,5,0,6,-1,213,32,2,179
10/05/2020,KALIMANTAN TIMUR,4,0,3,1,217,35,2,180
11/05/2020,KALIMANTAN TIMUR,7,1,4,2,224,39,3,182
12/05/2020,KALIMANTAN TIMUR,3,0,3,0,227,42,3,182
13/05/2020,KALIMANTAN TIMUR,2,0,5,-3,229,47,3,179
14/05/2020,KALIMANTAN TIMUR,8,0,11,-3,237,58,3,176
15/05/2020,KALIMANTAN TIMUR,13,0,4,9,250,62,3,185
16/05/2020,KALIMANTAN TIMUR,2,0,2,0,252,64,3,185
17/05/2020,KALIMANTAN TIMUR,1,0,2,-1,253,66,3,184
18/05/2020,KALIMANTAN TIMUR,1,0,10,-9,254,76,3,175
19/05/2020,KALIMANTAN TIMUR,3,0,5,-2,257,81,3,173
20/05/2020,KALIMANTAN TIMUR,6,0,4,2,263,85,3,175
21/05/2020,KALIMANTAN TIMUR,2,0,11,-9,265,96,3,166
22/05/2020,KALIMANTAN TIMUR,5,0,6,-1,270,102,3,165
23/05/2020,KALIMANTAN TIMUR,3,0,3,0,273,105,3,165
24/05/2020,KALIMANTAN TIMUR,2,0,0,2,275,105,3,167
25/05/2020,KALIMANTAN TIMUR,1,0,16,-15,276,121,3,152
26/05/2020,KALIMANTAN TIMUR,1,0,1,0,277,122,3,152
27/05/2020,KALIMANTAN TIMUR,3,0,5,-2,280,127,3,150
28/05/2020,KALIMANTAN TIMUR,1,0,6,-5,281,133,3,145
29/05/2020,KALIMANTAN TIMUR,4,0,9,-5,285,142,3,140
30/05/2020,KALIMANTAN TIMUR,6,0,18,-12,291,160,3,128
31/05/2020,KALIMANTAN TIMUR,4,0,11,-7,295,171,3,121
01/06/2020,KALIMANTAN TIMUR,2,0,3,-1,297,174,3,120
02/06/2020,KALIMANTAN TIMUR,1,0,1,0,298,175,3,120
03/06/2020,KALIMANTAN TIMUR,12,0,2,10,310,177,3,130
04/06/2020,KALIMANTAN TIMUR,6,0,7,-1,316,184,3,129
05/06/2020,KALIMANTAN TIMUR,1,0,0,1,317,184,3,130
06/06/2020,KALIMANTAN TIMUR,10,0,22,-12,327,206,3,118
07/06/2020,KALIMANTAN TIMUR,2,0,4,-2,329,210,3,116
08/06/2020,KALIMANTAN TIMUR,9,0,3,6,338,213,3,122
09/06/2020,KALIMANTAN TIMUR,13,0,3,10,351,216,3,132
10/06/2020,KALIMANTAN TIMUR,11,0,5,6,362,221,3,138
11/06/2020,KALIMANTAN TIMUR,3,0,7,-4,365,228,3,134
12/06/2020,KALIMANTAN TIMUR,8,1,11,-4,373,239,4,130
13/06/2020,KALIMANTAN TIMUR,3,0,10,-7,376,249,4,123
14/06/2020,KALIMANTAN TIMUR,2,0,12,-10,378,261,4,113
15/06/2020,KALIMANTAN TIMUR,4,0,1,3,382,262,4,116
16/06/2020,KALIMANTAN TIMUR,10,0,13,-3,392,275,4,113
17/06/2020,KALIMANTAN TIMUR,5,0,17,-12,397,292,4,101
18/06/2020,KALIMANTAN TIMUR,8,0,19,-11,405,311,4,90
19/06/2020,KALIMANTAN TIMUR,12,0,3,9,417,314,4,99
20/06/2020,KALIMANTAN TIMUR,6,0,6,0,423,320,4,99
21/06/2020,KALIMANTAN TIMUR,11,1,3,7,434,323,5,106
22/06/2020,KALIMANTAN TIMUR,1,0,1,0,435,324,5,106
23/06/2020,KALIMANTAN TIMUR,12,0,1,11,447,325,5,117
24/06/2020,KALIMANTAN TIMUR,9,1,10,-2,456,335,6,115
25/06/2020,KALIMANTAN TIMUR,17,0,21,-4,473,356,6,111
26/06/2020,KALIMANTAN TIMUR,10,1,5,4,483,361,7,115
27/06/2020,KALIMANTAN TIMUR,11,0,5,6,494,366,7,121
28/06/2020,KALIMANTAN TIMUR,9,0,11,-2,503,377,7,119
29/06/2020,KALIMANTAN TIMUR,7,0,1,6,510,378,7,125
30/06/2020,KALIMANTAN TIMUR,8,0,9,-1,518,387,7,124
01/07/2020,KALIMANTAN TIMUR,7,0,15,-8,525,402,7,116
02/07/2020,KALIMANTAN TIMUR,6,0,14,-8,531,416,7,108
03/07/2020,KALIMANTAN TIMUR,13,1,10,2,544,426,8,110
04/07/2020,KALIMANTAN TIMUR,10,0,7,3,554,433,8,113
05/07/2020,KALIMANTAN TIMUR,30,0,3,27,584,436,8,140
06/07/2020,KALIMANTAN TIMUR,13,1,1,11,597,437,9,151
07/07/2020,KALIMANTAN TIMUR,6,2,16,-12,603,453,11,139
08/07/2020,KALIMANTAN TIMUR,14,0,9,5,617,462,11,144
09/07/2020,KALIMANTAN TIMUR,6,0,7,-1,623,469,11,143
10/07/2020,KALIMANTAN TIMUR,19,1,10,8,642,479,12,151
11/07/2020,KALIMANTAN TIMUR,31,0,12,19,673,491,12,170
12/07/2020,KALIMANTAN TIMUR,17,4,3,10,690,494,16,180
13/07/2020,KALIMANTAN TIMUR,5,1,10,-6,695,504,17,174
14/07/2020,KALIMANTAN TIMUR,27,0,8,19,722,512,17,193
15/07/2020,KALIMANTAN TIMUR,34,0,7,27,756,519,17,220
16/07/2020,KALIMANTAN TIMUR,24,0,15,9,780,534,17,229
17/07/2020,KALIMANTAN TIMUR,43,0,18,25,823,552,17,254
18/07/2020,KALIMANTAN TIMUR,25,0,13,12,848,565,17,266
19/07/2020,KALIMANTAN TIMUR,20,1,1,18,868,566,18,284
20/07/2020,KALIMANTAN TIMUR,25,1,20,4,893,586,19,288
21/07/2020,KALIMANTAN TIMUR,71,0,5,66,964,591,19,354
22/07/2020,KALIMANTAN TIMUR,30,3,31,-4,994,622,22,350
23/07/2020,KALIMANTAN TIMUR,40,0,50,-10,1034,672,22,340
24/07/2020,KALIMANTAN TIMUR,38,2,32,4,1072,704,24,344
25/07/2020,KALIMANTAN TIMUR,62,2,24,36,1134,728,26,380
26/07/2020,KALIMANTAN TIMUR,32,2,25,5,1166,753,28,385
27/07/2020,KALIMANTAN TIMUR,18,0,22,-4,1184,775,28,381
28/07/2020,KALIMANTAN TIMUR,66,0,34,32,1250,809,28,413
29/07/2020,KALIMANTAN TIMUR,57,0,47,10,1307,856,28,423
30/07/2020,KALIMANTAN TIMUR,70,2,30,38,1377,886,30,461
31/07/2020,KALIMANTAN TIMUR,49,1,15,33,1426,901,31,494
01/08/2020,KALIMANTAN TIMUR,7,1,7,-1,1433,908,32,493
02/08/2020,KALIMANTAN TIMUR,83,5,6,72,1516,914,37,565
03/08/2020,KALIMANTAN TIMUR,22,4,25,-7,1538,939,41,558
04/08/2020,KALIMANTAN TIMUR,60,1,37,22,1598,976,42,580
05/08/2020,KALIMANTAN TIMUR,67,0,56,11,1665,1032,42,591
06/08/2020,KALIMANTAN TIMUR,36,1,46,-11,1701,1078,43,580
07/08/2020,KALIMANTAN TIMUR,98,4,58,36,1799,1136,47,616
08/08/2020,KALIMANTAN TIMUR,35,1,28,6,1834,1164,48,622
09/08/2020,KALIMANTAN TIMUR,53,4,15,34,1887,1179,52,656
10/08/2020,KALIMANTAN TIMUR,45,4,83,-42,1932,1262,56,614
11/08/2020,KALIMANTAN TIMUR,128,3,68,57,2060,1330,59,671
12/08/2020,KALIMANTAN TIMUR,46,2,51,-7,2106,1381,61,664
13/08/2020,KALIMANTAN TIMUR,23,1,30,-8,2129,1411,62,656
14/08/2020,KALIMANTAN TIMUR,98,4,67,27,2227,1478,66,683
15/08/2020,KALIMANTAN TIMUR,56,1,12,43,2283,1490,67,726
16/08/2020,KALIMANTAN TIMUR,85,23,54,8,2368,1544,90,734
17/08/2020,KALIMANTAN TIMUR,116,5,66,45,2484,1610,95,779
18/08/2020,KALIMANTAN TIMUR,93,1,34,58,2577,1644,96,837
19/08/2020,KALIMANTAN TIMUR,91,3,56,32,2668,1700,99,869
20/08/2020,KALIMANTAN TIMUR,28,2,21,5,2696,1721,101,874
21/08/2020,KALIMANTAN TIMUR,195,5,52,138,2891,1773,106,1012
22/08/2020,KALIMANTAN TIMUR,129,1,84,44,3020,1857,107,1056
23/08/2020,KALIMANTAN TIMUR,80,15,51,14,3100,1908,122,1070
24/08/2020,KALIMANTAN TIMUR,44,3,10,31,3144,1918,125,1101
25/08/2020,KALIMANTAN TIMUR,141,9,168,-36,3285,2086,134,1065
26/08/2020,KALIMANTAN TIMUR,134,2,76,56,3419,2162,136,1121
27/08/2020,KALIMANTAN TIMUR,206,9,52,145,3625,2214,145,1266
28/08/2020,KALIMANTAN TIMUR,97,3,44,50,3722,2258,148,1316
29/08/2020,KALIMANTAN TIMUR,200,8,42,150,3922,2300,156,1466
30/08/2020,KALIMANTAN TIMUR,197,4,18,175,4119,2318,160,1641
31/08/2020,KALIMANTAN TIMUR,124,1,72,51,4243,2390,161,1692
01/09/2020,KALIMANTAN TIMUR,61,3,17,41,4304,2407,164,1733
02/09/2020,KALIMANTAN TIMUR,72,1,68,3,4376,2475,165,1736
03/09/2020,KALIMANTAN TIMUR,157,27,77,53,4533,2552,192,1789
04/09/2020,KALIMANTAN TIMUR,279,8,89,182,4812,2641,200,1971
05/09/2020,KALIMANTAN TIMUR,128,8,136,-16,4940,2777,208,1955
06/09/2020,KALIMANTAN TIMUR,186,7,178,1,5126,2955,215,1956
07/09/2020,KALIMANTAN TIMUR,62,3,10,49,5188,2965,218,2005
08/09/2020,KALIMANTAN TIMUR,87,8,56,23,5275,3021,226,2028
09/09/2020,KALIMANTAN TIMUR,80,2,97,-19,5355,3118,228,2009
10/09/2020,KALIMANTAN TIMUR,90,3,132,-45,5445,3250,231,1964
11/09/2020,KALIMANTAN TIMUR,153,3,101,49,5598,3351,234,2013
12/09/2020,KALIMANTAN TIMUR,153,5,100,48,5751,3451,239,2061
13/09/2020,KALIMANTAN TIMUR,174,2,143,29,5925,3594,241,2090
14/09/2020,KALIMANTAN TIMUR,123,2,181,-60,6048,3775,243,2030
15/09/2020,KALIMANTAN TIMUR,51,3,84,-36,6099,3859,246,1994
16/09/2020,KALIMANTAN TIMUR,217,5,178,34,6316,4037,251,2028
17/09/2020,KALIMANTAN TIMUR,169,5,102,62,6485,4139,256,2090
18/09/2020,KALIMANTAN TIMUR,119,7,166,-54,6604,4305,263,2036
19/09/2020,KALIMANTAN TIMUR,111,3,88,20,6715,4393,266,2056
20/09/2020,KALIMANTAN TIMUR,60,1,60,-1,6775,4453,267,2055
21/09/2020,KALIMANTAN TIMUR,178,6,75,97,6953,4528,273,2152
22/09/2020,KALIMANTAN TIMUR,114,5,152,-43,7067,4680,278,2109
23/09/2020,KALIMANTAN TIMUR,196,4,224,-32,7263,4904,282,2077
24/09/2020,KALIMANTAN TIMUR,195,5,123,67,7458,5027,287,2144
25/09/2020,KALIMANTAN TIMUR,392,8,55,329,7850,5082,295,2473
26/09/2020,KALIMANTAN TIMUR,219,2,98,119,8069,5180,297,2592
27/09/2020,KALIMANTAN TIMUR,140,3,144,-7,8209,5324,300,2585
28/09/2020,KALIMANTAN TIMUR,114,2,149,-37,8323,5473,302,2548
29/09/2020,KALIMANTAN TIMUR,114,12,50,52,8437,5523,314,2600
30/09/2020,KALIMANTAN TIMUR,213,19,253,-59,8650,5776,333,2541
01/10/2020,KALIMANTAN TIMUR,131,20,108,3,8781,5884,353,2544
02/10/2020,KALIMANTAN TIMUR,319,10,84,225,9100,5968,363,2769
03/10/2020,KALIMANTAN TIMUR,117,2,150,-35,9217,6118,365,2734
04/10/2020,KALIMANTAN TIMUR,228,3,232,-7,9445,6350,368,2727
05/10/2020,KALIMANTAN TIMUR,117,9,198,-90,9562,6548,377,2637
06/10/2020,KALIMANTAN TIMUR,200,3,150,47,9762,6698,380,2684
07/10/2020,KALIMANTAN TIMUR,202,4,109,89,9964,6807,384,2773
08/10/2020,KALIMANTAN TIMUR,238,12,236,-10,10202,7043,396,2763
09/10/2020,KALIMANTAN TIMUR,135,10,182,-57,10337,7225,406,2706
10/10/2020,KALIMANTAN TIMUR,131,6,134,-9,10468,7359,412,2697
11/10/2020,KALIMANTAN TIMUR,194,5,210,-21,10662,7569,417,2676
12/10/2020,KALIMANTAN TIMUR,66,2,61,3,10728,7630,419,2679
13/10/2020,KALIMANTAN TIMUR,108,3,32,73,10836,7662,422,2752
14/10/2020,KALIMANTAN TIMUR,210,5,273,-68,11046,7935,427,2684
15/10/2020,KALIMANTAN TIMUR,164,7,136,21,11210,8071,434,2705
16/10/2020,KALIMANTAN TIMUR,94,3,209,-118,11304,8280,437,2587
17/10/2020,KALIMANTAN TIMUR,197,1,272,-76,11501,8552,438,2511
18/10/2020,KALIMANTAN TIMUR,382,2,209,171,11883,8761,440,2682
19/10/2020,KALIMANTAN TIMUR,85,3,73,9,11968,8834,443,2691
20/10/2020,KALIMANTAN TIMUR,68,0,145,-77,12036,8979,443,2614
21/10/2020,KALIMANTAN TIMUR,183,6,121,56,12219,9100,449,2670
22/10/2020,KALIMANTAN TIMUR,259,8,185,66,12478,9285,457,2736
23/10/2020,KALIMANTAN TIMUR,223,2,236,-15,12701,9521,459,2721
24/10/2020,KALIMANTAN TIMUR,242,2,172,68,12943,9693,461,2789
25/10/2020,KALIMANTAN TIMUR,175,3,153,19,13118,9846,464,2808
26/10/2020,KALIMANTAN TIMUR,106,2,128,-24,13224,9974,466,2784
27/10/2020,KALIMANTAN TIMUR,123,4,214,-95,13347,10188,470,2689
28/10/2020,KALIMANTAN TIMUR,214,1,92,121,13561,10280,471,2810
29/10/2020,KALIMANTAN TIMUR,208,6,274,-72,13769,10554,477,2738
30/10/2020,KALIMANTAN TIMUR,205,1,254,-50,13974,10808,478,2688
31/10/2020,KALIMANTAN TIMUR,116,10,269,-163,14090,11077,488,2525
01/11/2020,KALIMANTAN TIMUR,168,5,185,-22,14258,11262,493,2503
02/11/2020,KALIMANTAN TIMUR,86,2,251,-167,14344,11513,495,2336
03/11/2020,KALIMANTAN TIMUR,152,4,277,-129,14496,11790,499,2207
04/11/2020,KALIMANTAN TIMUR,146,1,125,20,14642,11915,500,2227
05/11/2020,KALIMANTAN TIMUR,307,1,241,65,14949,12156,501,2292
06/11/2020,KALIMANTAN TIMUR,190,1,125,64,15139,12281,502,2356
07/11/2020,KALIMANTAN TIMUR,265,3,302,-40,15404,12583,505,2316
08/11/2020,KALIMANTAN TIMUR,201,6,213,-18,15605,12796,511,2298
09/11/2020,KALIMANTAN TIMUR,75,4,313,-242,15680,13109,515,2056
10/11/2020,KALIMANTAN TIMUR,123,4,144,-25,15803,13253,519,2031
11/11/2020,KALIMANTAN TIMUR,345,3,124,218,16148,13377,522,2249
12/11/2020,KALIMANTAN TIMUR,234,5,246,-17,16382,13623,527,2232
13/11/2020,KALIMANTAN TIMUR,277,3,333,-59,16659,13956,530,2173
14/11/2020,KALIMANTAN TIMUR,147,7,147,-7,16806,14103,537,2166
15/11/2020,KALIMANTAN TIMUR,206,4,298,-96,17012,14401,541,2070
16/11/2020,KALIMANTAN TIMUR,158,2,214,-58,17170,14615,543,2012
17/11/2020,KALIMANTAN TIMUR,171,0,218,-47,17341,14833,543,1965
18/11/2020,KALIMANTAN TIMUR,254,2,85,167,17595,14918,545,2132
19/11/2020,KALIMANTAN TIMUR,132,3,26,103,17727,14944,548,2235
20/11/2020,KALIMANTAN TIMUR,165,5,42,118,17892,14986,553,2353
21/11/2020,KALIMANTAN TIMUR,251,3,184,64,18143,15170,556,2417
22/11/2020,KALIMANTAN TIMUR,137,1,189,-53,18280,15359,557,2364
23/11/2020,KALIMANTAN TIMUR,132,2,64,66,18412,15423,559,2430
24/11/2020,KALIMANTAN TIMUR,90,5,130,-45,18502,15553,564,2385
25/11/2020,KALIMANTAN TIMUR,189,1,332,-144,18691,15885,565,2241
26/11/2020,KALIMANTAN TIMUR,221,9,124,88,18912,16009,574,2329
27/11/2020,KALIMANTAN TIMUR,165,7,183,-25,19077,16192,581,2304
28/11/2020,KALIMANTAN TIMUR,220,4,166,50,19297,16358,585,2354
29/11/2020,KALIMANTAN TIMUR,203,1,98,104,19500,16456,586,2458
30/11/2020,KALIMANTAN TIMUR,117,5,483,-371,19617,16939,591,2087
01/12/2020,KALIMANTAN TIMUR,127,1,160,-34,19744,17099,592,2053
02/12/2020,KALIMANTAN TIMUR,304,1,142,161,20048,17241,593,2214
03/12/2020,KALIMANTAN TIMUR,313,3,185,125,20361,17426,596,2339
04/12/2020,KALIMANTAN TIMUR,231,6,132,93,20592,17558,602,2432
05/12/2020,KALIMANTAN TIMUR,238,0,170,68,20830,17728,602,2500
06/12/2020,KALIMANTAN TIMUR,185,2,160,23,21015,17888,604,2523
07/12/2020,KALIMANTAN TIMUR,90,7,182,-99,21105,18070,611,2424
08/12/2020,KALIMANTAN TIMUR,257,3,238,16,21362,18308,614,2440
09/12/2020,KALIMANTAN TIMUR,279,6,154,119,21641,18462,620,2559
10/12/2020,KALIMANTAN TIMUR,109,7,210,-108,21750,18672,627,2451
11/12/2020,KALIMANTAN TIMUR,214,4,138,72,21964,18810,631,2523
12/12/2020,KALIMANTAN TIMUR,162,4,156,2,22126,18966,635,2525
13/12/2020,KALIMANTAN TIMUR,227,4,230,-7,22353,19196,639,2518
14/12/2020,KALIMANTAN TIMUR,116,4,189,-77,22469,19385,643,2441
15/12/2020,KALIMANTAN TIMUR,392,2,173,217,22861,19558,645,2658
16/12/2020,KALIMANTAN TIMUR,280,8,177,95,23141,19735,653,2753
17/12/2020,KALIMANTAN TIMUR,236,5,184,47,23377,19919,658,2800
18/12/2020,KALIMANTAN TIMUR,282,4,165,113,23659,20084,662,2913
19/12/2020,KALIMANTAN TIMUR,268,6,243,19,23927,20327,668,2932
20/12/2020,KALIMANTAN TIMUR,155,10,167,-22,24082,20494,678,2910
21/12/2020,KALIMANTAN TIMUR,211,5,295,-89,24293,20789,683,2821
22/12/2020,KALIMANTAN TIMUR,182,7,91,84,24475,20880,690,2905
23/12/2020,KALIMANTAN TIMUR,418,6,187,225,24893,21067,696,3130
24/12/2020,KALIMANTAN TIMUR,372,6,212,154,25265,21279,702,3284
25/12/2020,KALIMANTAN TIMUR,218,8,179,31,25483,21458,710,3315
26/12/2020,KALIMANTAN TIMUR,287,8,193,86,25770,21651,718,3401
27/12/2020,KALIMANTAN TIMUR,200,3,267,-70,25970,21918,721,3331
28/12/2020,KALIMANTAN TIMUR,109,6,171,-68,26079,22089,727,3263
29/12/2020,KALIMANTAN TIMUR,314,4,238,72,26393,22327,731,3335
30/12/2020,KALIMANTAN TIMUR,319,7,238,74,26712,22565,738,3409
31/12/2020,KALIMANTAN TIMUR,364,5,241,118,27076,22806,743,3527
01/01/2021,KALIMANTAN TIMUR,299,12,205,82,27375,23011,755,3609
02/01/2021,KALIMANTAN TIMUR,213,4,235,-26,27588,23246,759,3583
03/01/2021,KALIMANTAN TIMUR,305,4,218,83,27893,23464,763,3666
04/01/2021,KALIMANTAN TIMUR,185,6,192,-13,28078,23656,769,3653
05/01/2021,KALIMANTAN TIMUR,281,8,275,-2,28359,23931,777,3651
06/01/2021,KALIMANTAN TIMUR,375,5,182,188,28734,24113,782,3839
07/01/2021,KALIMANTAN TIMUR,479,7,262,210,29213,24375,789,4049
08/01/2021,KALIMANTAN TIMUR,512,8,254,250,29725,24629,797,4299
09/01/2021,KALIMANTAN TIMUR,394,7,194,193,30119,24823,804,4492
10/01/2021,KALIMANTAN TIMUR,393,4,315,74,30512,25138,808,4566
11/01/2021,KALIMANTAN TIMUR,227,11,309,-93,30739,25447,819,4473
12/01/2021,KALIMANTAN TIMUR,338,8,337,-7,31077,25784,827,4466
13/01/2021,KALIMANTAN TIMUR,507,3,263,241,31584,26047,830,4707
14/01/2021,KALIMANTAN TIMUR,407,13,257,137,31991,26304,843,4844
15/01/2021,KALIMANTAN TIMUR,598,9,294,295,32589,26598,852,5139
16/01/2021,KALIMANTAN TIMUR,570,8,305,257,33159,26903,860,5396
17/01/2021,KALIMANTAN TIMUR,455,13,393,49,33614,27296,873,5445
18/01/2021,KALIMANTAN TIMUR,354,8,345,1,33968,27641,881,5446
19/01/2021,KALIMANTAN TIMUR,463,9,388,66,34431,28029,890,5512
20/01/2021,KALIMANTAN TIMUR,543,11,325,207,34974,28354,901,5719
21/01/2021,KALIMANTAN TIMUR,496,11,294,191,35470,28648,912,5910
22/01/2021,KALIMANTAN TIMUR,580,9,362,209,36050,29010,921,6119
23/01/2021,KALIMANTAN TIMUR,609,11,323,275,36659,29333,932,6394
24/01/2021,KALIMANTAN TIMUR,432,7,391,34,37091,29724,939,6428
25/01/2021,KALIMANTAN TIMUR,325,7,459,-141,37416,30183,946,6287
26/01/2021,KALIMANTAN TIMUR,557,10,329,218,37973,30512,956,6505
27/01/2021,KALIMANTAN TIMUR,756,6,339,411,38729,30851,962,6916
28/01/2021,KALIMANTAN TIMUR,459,6,394,59,39188,31245,968,6975
29/01/2021,KALIMANTAN TIMUR,667,8,454,205,39855,31699,976,7180
30/01/2021,KALIMANTAN TIMUR,701,11,374,316,40556,32073,987,7496
31/01/2021,KALIMANTAN TIMUR,658,9,543,106,41214,32616,996,7602
01/02/2021,KALIMANTAN TIMUR,366,14,394,-42,41580,33010,1010,7560
02/02/2021,KALIMANTAN TIMUR,443,8,518,-83,42023,33528,1018,7477
03/02/2021,KALIMANTAN TIMUR,903,13,498,392,42926,34026,1031,7869
04/02/2021,KALIMANTAN TIMUR,732,14,704,14,43658,34730,1045,7883
05/02/2021,KALIMANTAN TIMUR,798,11,548,239,44456,35278,1056,8122
06/02/2021,KALIMANTAN TIMUR,607,23,492,92,45063,35770,1079,8214
07/02/2021,KALIMANTAN TIMUR,501,11,416,74,45564,36186,1090,8288
08/02/2021,KALIMANTAN TIMUR,344,10,433,-99,45908,36619,1100,8189
09/02/2021,KALIMANTAN TIMUR,550,9,503,38,46458,37122,1109,8227
10/02/2021,KALIMANTAN TIMUR,498,13,380,105,46956,37502,1122,8332
11/02/2021,KALIMANTAN TIMUR,643,9,791,-157,47599,38293,1131,8175
12/02/2021,KALIMANTAN TIMUR,931,13,543,375,48530,38836,1144,8550
13/02/2021,KALIMANTAN TIMUR,315,10,485,-180,48845,39321,1154,8370
14/02/2021,KALIMANTAN TIMUR,330,16,500,-186,49175,39821,1170,8184
15/02/2021,KALIMANTAN TIMUR,362,7,483,-128,49537,40304,1177,8056
16/02/2021,KALIMANTAN TIMUR,322,2,208,112,49859,40512,1179,8168
17/02/2021,KALIMANTAN TIMUR,452,10,253,189,50311,40765,1189,8357
18/02/2021,KALIMANTAN TIMUR,517,11,491,15,50828,41256,1200,8372
19/02/2021,KALIMANTAN TIMUR,718,15,549,154,51546,41805,1215,8526
20/02/2021,KALIMANTAN TIMUR,553,17,806,-270,52099,42611,1232,8256
21/02/2021,KALIMANTAN TIMUR,406,12,602,-208,52505,43213,1244,8048
22/02/2021,KALIMANTAN TIMUR,404,14,504,-114,52909,43717,1258,7934
23/02/2021,KALIMANTAN TIMUR,431,7,535,-111,53340,44252,1265,7823
24/02/2021,KALIMANTAN TIMUR,423,15,537,-129,53763,44789,1280,7694
25/02/2021,KALIMANTAN TIMUR,395,10,728,-343,54158,45517,1290,7351
26/02/2021,KALIMANTAN TIMUR,485,7,426,52,54643,45943,1297,7403
27/02/2021,KALIMANTAN TIMUR,378,7,655,-284,55021,46598,1304,7119
28/02/2021,KALIMANTAN TIMUR,373,5,464,-96,55394,47062,1309,7023
01/03/2021,KALIMANTAN TIMUR,437,10,498,-71,55831,47560,1319,6952
02/03/2021,KALIMANTAN TIMUR,310,12,576,-278,56141,48136,1331,6674
03/03/2021,KALIMANTAN TIMUR,348,7,457,-116,56489,48593,1338,6558
04/03/2021,KALIMANTAN TIMUR,512,5,406,101,57001,48999,1343,6659
05/03/2021,KALIMANTAN TIMUR,294,7,508,-221,57295,49507,1350,6438
06/03/2021,KALIMANTAN TIMUR,396,4,468,-76,57691,49975,1354,6362
07/03/2021,KALIMANTAN TIMUR,350,9,398,-57,58041,50373,1363,6305
08/03/2021,KALIMANTAN TIMUR,142,7,390,-255,58183,50763,1370,6050
09/03/2021,KALIMANTAN TIMUR,260,6,433,-179,58443,51196,1376,5871
10/03/2021,KALIMANTAN TIMUR,296,8,443,-155,58739,51639,1384,5716
11/03/2021,KALIMANTAN TIMUR,438,9,458,-29,59177,52097,1393,5687
12/03/2021,KALIMANTAN TIMUR,207,9,356,-158,59384,52453,1402,5529
13/03/2021,KALIMANTAN TIMUR,264,2,240,22,59648,52693,1404,5551
14/03/2021,KALIMANTAN TIMUR,207,6,354,-153,59855,53047,1410,5398
15/03/2021,KALIMANTAN TIMUR,204,4,473,-273,60059,53520,1414,5125
16/03/2021,KALIMANTAN TIMUR,246,9,218,19,60305,53738,1423,5144
17/03/2021,KALIMANTAN TIMUR,241,2,337,-98,60546,54075,1425,5046
18/03/2021,KALIMANTAN TIMUR,328,11,384,-67,60874,54459,1436,4979
19/03/2021,KALIMANTAN TIMUR,270,4,279,-13,61144,54738,1440,4966
20/03/2021,KALIMANTAN TIMUR,223,7,339,-123,61367,55077,1447,4843
21/03/2021,KALIMANTAN TIMUR,218,8,374,-164,61585,55451,1455,4679
22/03/2021,KALIMANTAN TIMUR,71,6,409,-344,61656,55860,1461,4335
23/03/2021,KALIMANTAN TIMUR,235,2,333,-100,61891,56193,1463,4235
24/03/2021,KALIMANTAN TIMUR,275,6,379,-110,62166,56572,1469,4125
25/03/2021,KALIMANTAN TIMUR,320,9,427,-116,62486,56999,1478,4009
26/03/2021,KALIMANTAN TIMUR,247,6,629,-388,62733,57628,1484,3621
27/03/2021,KALIMANTAN TIMUR,196,3,299,-106,62929,57927,1487,3515
28/03/2021,KALIMANTAN TIMUR,164,4,366,-206,63093,58293,1491,3309
29/03/2021,KALIMANTAN TIMUR,124,3,300,-179,63217,58593,1494,3130
30/03/2021,KALIMANTAN TIMUR,246,9,279,-42,63463,58872,1503,3088
31/03/2021,KALIMANTAN TIMUR,200,3,161,36,63663,59033,1506,3124
01/04/2021,KALIMANTAN TIMUR,214,10,200,4,63877,59233,1516,3128
02/04/2021,KALIMANTAN TIMUR,238,5,215,18,64115,59448,1521,3146
03/04/2021,KALIMANTAN TIMUR,138,10,173,-45,64253,59621,1531,3101
04/04/2021,KALIMANTAN TIMUR,154,6,218,-70,64407,59839,1537,3031
05/04/2021,KALIMANTAN TIMUR,90,6,284,-200,64497,60123,1543,2831
06/04/2021,KALIMANTAN TIMUR,197,4,182,11,64694,60305,1547,2842
07/04/2021,KALIMANTAN TIMUR,163,7,433,-277,64857,60738,1554,2565
08/04/2021,KALIMANTAN TIMUR,153,1,197,-45,65010,60935,1555,2520
09/04/2021,KALIMANTAN TIMUR,205,1,238,-34,65215,61173,1556,2486
10/04/2021,KALIMANTAN TIMUR,187,5,247,-65,65402,61420,1561,2421
11/04/2021,KALIMANTAN TIMUR,202,7,251,-56,65604,61671,1568,2365
12/04/2021,KALIMANTAN TIMUR,97,7,162,-72,65701,61833,1575,2293
13/04/2021,KALIMANTAN TIMUR,158,1,214,-57,65859,62047,1576,2236
14/04/2021,KALIMANTAN TIMUR,196,3,185,8,66055,62232,1579,2244
15/04/2021,KALIMANTAN TIMUR,185,5,267,-87,66240,62499,1584,2157
16/04/2021,KALIMANTAN TIMUR,127,1,238,-112,66367,62737,1585,2045
17/04/2021,KALIMANTAN TIMUR,209,4,204,1,66576,62941,1589,2046
18/04/2021,KALIMANTAN TIMUR,186,3,198,-15,66762,63139,1592,2031
19/04/2021,KALIMANTAN TIMUR,116,7,170,-61,66878,63309,1599,1970
20/04/2021,KALIMANTAN TIMUR,149,4,174,-29,67027,63483,1603,1941
21/04/2021,KALIMANTAN TIMUR,187,2,145,40,67214,63628,1605,1981
22/04/2021,KALIMANTAN TIMUR,180,3,143,34,67394,63771,1608,2015
23/04/2021,KALIMANTAN TIMUR,188,3,181,4,67582,63952,1611,2019
24/04/2021,KALIMANTAN TIMUR,149,2,246,-99,67731,64198,1613,1920
25/04/2021,KALIMANTAN TIMUR,165,2,124,39,67896,64322,1615,1959
26/04/2021,KALIMANTAN TIMUR,82,4,186,-108,67978,64508,1619,1851
27/04/2021,KALIMANTAN TIMUR,158,5,208,-55,68136,64716,1624,1796
28/04/2021,KALIMANTAN TIMUR,186,5,147,34,68322,64863,1629,1830
29/04/2021,KALIMANTAN TIMUR,145,4,159,-18,68467,65022,1633,1812
30/04/2021,KALIMANTAN TIMUR,161,2,176,-17,68628,65198,1635,1795
01/05/2021,KALIMANTAN TIMUR,137,1,192,-56,68765,65390,1636,1739
02/05/2021,KALIMANTAN TIMUR,52,5,128,-81,68817,65518,1641,1658
03/05/2021,KALIMANTAN TIMUR,84,5,177,-98,68901,65695,1646,1560
04/05/2021,KALIMANTAN TIMUR,137,4,107,26,69038,65802,1650,1586
05/05/2021,KALIMANTAN TIMUR,137,5,102,30,69175,65904,1655,1616
06/05/2021,KALIMANTAN TIMUR,104,3,126,-25,69279,66030,1658,1591
07/05/2021,KALIMANTAN TIMUR,105,7,166,-68,69384,66196,1665,1523
08/05/2021,KALIMANTAN TIMUR,109,3,208,-102,69493,66404,1668,1421
09/05/2021,KALIMANTAN TIMUR,88,2,212,-126,69581,66616,1670,1295
10/05/2021,KALIMANTAN TIMUR,92,2,125,-35,69673,66741,1672,1260
11/05/2021,KALIMANTAN TIMUR,76,2,109,-35,69749,66850,1674,1225
12/05/2021,KALIMANTAN TIMUR,126,1,80,45,69875,66930,1675,1270
13/05/2021,KALIMANTAN TIMUR,83,2,84,-3,69958,67014,1677,1267
14/05/2021,KALIMANTAN TIMUR,13,1,98,-86,69971,67112,1678,1181
15/05/2021,KALIMANTAN TIMUR,52,2,71,-21,70023,67183,1680,1160
16/05/2021,KALIMANTAN TIMUR,56,2,97,-43,70079,67280,1682,1117
17/05/2021,KALIMANTAN TIMUR,59,4,114,-59,70138,67394,1686,1058
18/05/2021,KALIMANTAN TIMUR,138,3,126,9,70276,67520,1689,1067
19/05/2021,KALIMANTAN TIMUR,128,2,95,31,70404,67615,1691,1098
20/05/2021,KALIMANTAN TIMUR,100,1,91,8,70504,67706,1692,1106
21/05/2021,KALIMANTAN TIMUR,87,5,141,-59,70591,67847,1697,1047
22/05/2021,KALIMANTAN TIMUR,99,0,72,27,70690,67919,1697,1074
23/05/2021,KALIMANTAN TIMUR,103,1,70,32,70793,67989,1698,1106
24/05/2021,KALIMANTAN TIMUR,105,1,66,38,70898,68055,1699,1144
25/05/2021,KALIMANTAN TIMUR,112,6,53,53,71010,68108,1705,1197
26/05/2021,KALIMANTAN TIMUR,82,2,86,-6,71092,68194,1707,1191
27/05/2021,KALIMANTAN TIMUR,64,1,116,-53,71156,68310,1708,1138
28/05/2021,KALIMANTAN TIMUR,68,2,110,-44,71224,68420,1710,1094
29/05/2021,KALIMANTAN TIMUR,146,1,120,25,71370,68540,1711,1119
30/05/2021,KALIMANTAN TIMUR,140,2,120,18,71510,68660,1713,1137
31/05/2021,KALIMANTAN TIMUR,89,2,177,-90,71599,68837,1715,1047
01/06/2021,KALIMANTAN TIMUR,90,0,74,16,71689,68911,1715,1063
02/06/2021,KALIMANTAN TIMUR,64,5,106,-47,71753,69017,1720,1016
03/06/2021,KALIMANTAN TIMUR,94,1,72,21,71847,69089,1721,1037
04/06/2021,KALIMANTAN TIMUR,113,1,79,33,71960,69168,1722,1070
05/06/2021,KALIMANTAN TIMUR,79,0,78,1,72039,69246,1722,1071
06/06/2021,KALIMANTAN TIMUR,75,5,84,-14,72114,69330,1727,1057
07/06/2021,KALIMANTAN TIMUR,40,6,87,-53,72154,69417,1733,1004
08/06/2021,KALIMANTAN TIMUR,90,2,64,24,72244,69481,1735,1028
09/06/2021,KALIMANTAN TIMUR,84,1,106,-23,72328,69587,1736,1005
10/06/2021,KALIMANTAN TIMUR,108,3,94,11,72436,69681,1739,1016
11/06/2021,KALIMANTAN TIMUR,78,5,76,-3,72514,69757,1744,1013
12/06/2021,KALIMANTAN TIMUR,78,1,73,4,72592,69830,1745,1017
13/06/2021,KALIMANTAN TIMUR,109,0,69,40,72701,69899,1745,1057
17/03/2020,SUMATERA UTARA,1,1,0,0,1,0,1,0
18/03/2020,SUMATERA UTARA,0,0,0,0,1,0,1,0
19/03/2020,SUMATERA UTARA,0,0,0,0,1,0,1,0
20/03/2020,SUMATERA UTARA,0,0,0,0,1,0,1,0
21/03/2020,SUMATERA UTARA,0,0,0,0,1,0,1,0
22/03/2020,SUMATERA UTARA,0,0,0,0,1,0,1,0
23/03/2020,SUMATERA UTARA,0,0,0,0,1,0,1,0
24/03/2020,SUMATERA UTARA,0,0,0,0,1,0,1,0
25/03/2020,SUMATERA UTARA,0,0,0,0,1,0,1,0
26/03/2020,SUMATERA UTARA,0,0,0,0,1,0,1,0
27/03/2020,SUMATERA UTARA,0,1,0,-1,1,0,2,-1
28/03/2020,SUMATERA UTARA,0,0,0,0,1,0,2,-1
29/03/2020,SUMATERA UTARA,0,0,0,0,1,0,2,-1
30/03/2020,SUMATERA UTARA,6,0,0,6,7,0,2,5
31/03/2020,SUMATERA UTARA,6,2,0,4,13,0,4,9
01/04/2020,SUMATERA UTARA,2,0,0,2,15,0,4,11
02/04/2020,SUMATERA UTARA,0,0,0,0,15,0,4,11
03/04/2020,SUMATERA UTARA,0,0,0,0,15,0,4,11
04/04/2020,SUMATERA UTARA,3,1,0,2,18,0,5,13
05/04/2020,SUMATERA UTARA,0,0,0,0,18,0,5,13
06/04/2020,SUMATERA UTARA,1,0,0,1,19,0,5,14
07/04/2020,SUMATERA UTARA,0,0,0,0,19,0,5,14
08/04/2020,SUMATERA UTARA,29,0,0,29,48,0,5,43
09/04/2020,SUMATERA UTARA,0,0,0,0,48,0,5,43
10/04/2020,SUMATERA UTARA,7,0,8,-1,55,8,5,42
11/04/2020,SUMATERA UTARA,0,3,0,-3,55,8,8,39
12/04/2020,SUMATERA UTARA,10,0,0,10,65,8,8,49
13/04/2020,SUMATERA UTARA,2,1,1,0,67,9,9,49
14/04/2020,SUMATERA UTARA,5,0,1,4,72,10,9,53
15/04/2020,SUMATERA UTARA,6,0,0,6,78,10,9,59
16/04/2020,SUMATERA UTARA,1,0,3,-2,79,13,9,57
17/04/2020,SUMATERA UTARA,0,0,0,0,79,13,9,57
18/04/2020,SUMATERA UTARA,0,0,0,0,79,13,9,57
19/04/2020,SUMATERA UTARA,2,0,0,2,81,13,9,59
20/04/2020,SUMATERA UTARA,2,1,1,0,83,14,10,59
21/04/2020,SUMATERA UTARA,1,0,0,1,84,14,10,60
22/04/2020,SUMATERA UTARA,9,0,7,2,93,21,10,62
23/04/2020,SUMATERA UTARA,2,1,0,1,95,21,11,63
24/04/2020,SUMATERA UTARA,1,0,0,1,96,21,11,64
25/04/2020,SUMATERA UTARA,9,1,0,8,105,21,12,72
26/04/2020,SUMATERA UTARA,6,0,7,-1,111,28,12,71
27/04/2020,SUMATERA UTARA,0,0,7,-7,111,35,12,64
28/04/2020,SUMATERA UTARA,0,1,0,-1,111,35,13,63
29/04/2020,SUMATERA UTARA,3,0,5,-2,114,40,13,61
30/04/2020,SUMATERA UTARA,3,1,1,1,117,41,14,62
01/05/2020,SUMATERA UTARA,0,0,0,0,117,41,14,62
02/05/2020,SUMATERA UTARA,0,0,0,0,117,41,14,62
03/05/2020,SUMATERA UTARA,6,0,0,6,123,41,14,68
04/05/2020,SUMATERA UTARA,6,0,0,6,129,41,14,74
05/05/2020,SUMATERA UTARA,1,0,2,-1,130,43,14,73
06/05/2020,SUMATERA UTARA,11,5,0,6,141,43,19,79
07/05/2020,SUMATERA UTARA,1,0,5,-4,142,48,19,75
08/05/2020,SUMATERA UTARA,15,0,0,15,157,48,19,90
09/05/2020,SUMATERA UTARA,22,5,0,17,179,48,24,107
10/05/2020,SUMATERA UTARA,0,0,0,0,179,48,24,107
11/05/2020,SUMATERA UTARA,17,3,0,14,196,48,27,121
12/05/2020,SUMATERA UTARA,2,0,5,-3,198,53,27,118
13/05/2020,SUMATERA UTARA,2,0,0,2,200,53,27,120
14/05/2020,SUMATERA UTARA,2,0,0,2,202,53,27,122
15/05/2020,SUMATERA UTARA,0,0,0,0,202,53,27,122
16/05/2020,SUMATERA UTARA,0,0,0,0,202,53,27,122
17/05/2020,SUMATERA UTARA,16,2,5,9,218,58,29,131
18/05/2020,SUMATERA UTARA,7,1,0,6,225,58,30,137
19/05/2020,SUMATERA UTARA,10,1,0,9,235,58,31,146
20/05/2020,SUMATERA UTARA,15,2,16,-3,250,74,33,143
21/05/2020,SUMATERA UTARA,23,1,0,22,273,74,34,165
22/05/2020,SUMATERA UTARA,12,1,28,-17,285,102,35,148
23/05/2020,SUMATERA UTARA,9,0,0,9,294,102,35,157
24/05/2020,SUMATERA UTARA,17,1,7,9,311,109,36,166
25/05/2020,SUMATERA UTARA,4,0,5,-1,315,114,36,165
26/05/2020,SUMATERA UTARA,0,0,0,0,315,114,36,165
27/05/2020,SUMATERA UTARA,17,1,2,14,332,116,37,179
28/05/2020,SUMATERA UTARA,30,1,2,27,362,118,38,206
29/05/2020,SUMATERA UTARA,38,0,0,38,400,118,38,244
30/05/2020,SUMATERA UTARA,6,4,5,-3,406,123,42,241
31/05/2020,SUMATERA UTARA,3,0,23,-20,409,146,42,221
01/06/2020,SUMATERA UTARA,8,0,3,5,417,149,42,226
02/06/2020,SUMATERA UTARA,1,0,2,-1,418,151,42,225
03/06/2020,SUMATERA UTARA,26,2,9,15,444,160,44,240
04/06/2020,SUMATERA UTARA,44,1,7,36,488,167,45,276
05/06/2020,SUMATERA UTARA,48,1,5,42,536,172,46,318
06/06/2020,SUMATERA UTARA,67,0,7,60,603,179,46,378
07/06/2020,SUMATERA UTARA,0,0,0,0,603,179,46,378
08/06/2020,SUMATERA UTARA,2,2,10,-10,605,189,48,368
09/06/2020,SUMATERA UTARA,12,4,0,8,617,189,52,376
10/06/2020,SUMATERA UTARA,18,1,4,13,635,193,53,389
11/06/2020,SUMATERA UTARA,45,3,12,30,680,205,56,419
12/06/2020,SUMATERA UTARA,83,1,0,82,763,205,57,501
13/06/2020,SUMATERA UTARA,98,2,0,96,861,205,59,597
14/06/2020,SUMATERA UTARA,8,0,7,1,869,212,59,598
15/06/2020,SUMATERA UTARA,63,5,4,54,932,216,64,652
16/06/2020,SUMATERA UTARA,25,2,6,17,957,222,66,669
17/06/2020,SUMATERA UTARA,13,0,5,8,970,227,66,677
18/06/2020,SUMATERA UTARA,23,0,7,16,993,234,66,693
19/06/2020,SUMATERA UTARA,31,0,16,15,1024,250,66,708
20/06/2020,SUMATERA UTARA,58,2,5,51,1082,255,68,759
21/06/2020,SUMATERA UTARA,13,2,4,7,1095,259,70,766
22/06/2020,SUMATERA UTARA,20,3,4,13,1115,263,73,779
23/06/2020,SUMATERA UTARA,116,3,3,110,1231,266,76,889
24/06/2020,SUMATERA UTARA,54,3,8,43,1285,274,79,932
25/06/2020,SUMATERA UTARA,69,3,18,48,1354,292,82,980
26/06/2020,SUMATERA UTARA,14,4,64,-54,1368,356,86,926
27/06/2020,SUMATERA UTARA,75,5,18,52,1443,374,91,978
28/06/2020,SUMATERA UTARA,22,0,10,12,1465,384,91,990
29/06/2020,SUMATERA UTARA,12,0,18,-6,1477,402,91,984
30/06/2020,SUMATERA UTARA,72,1,5,66,1549,407,92,1050
01/07/2020,SUMATERA UTARA,50,5,13,32,1599,420,97,1082
02/07/2020,SUMATERA UTARA,89,2,6,81,1688,426,99,1163
03/07/2020,SUMATERA UTARA,33,1,13,19,1721,439,100,1182
04/07/2020,SUMATERA UTARA,44,3,21,20,1765,460,103,1202
05/07/2020,SUMATERA UTARA,12,0,19,-7,1777,479,103,1195
06/07/2020,SUMATERA UTARA,19,4,7,8,1796,486,107,1203
07/07/2020,SUMATERA UTARA,24,1,9,14,1820,495,108,1217
08/07/2020,SUMATERA UTARA,155,1,10,144,1975,505,109,1361
09/07/2020,SUMATERA UTARA,109,5,12,92,2084,517,114,1453
10/07/2020,SUMATERA UTARA,108,1,12,95,2192,529,115,1548
11/07/2020,SUMATERA UTARA,88,4,16,68,2280,545,119,1616
12/07/2020,SUMATERA UTARA,39,4,22,13,2319,567,123,1629
13/07/2020,SUMATERA UTARA,46,2,13,31,2365,580,125,1660
14/07/2020,SUMATERA UTARA,130,5,20,105,2495,600,130,1765
15/07/2020,SUMATERA UTARA,96,0,8,88,2591,608,130,1853
16/07/2020,SUMATERA UTARA,98,5,29,64,2689,637,135,1917
17/07/2020,SUMATERA UTARA,83,7,21,55,2772,658,142,1972
18/07/2020,SUMATERA UTARA,149,3,39,107,2921,697,145,2079
19/07/2020,SUMATERA UTARA,14,1,25,-12,2935,722,146,2067
20/07/2020,SUMATERA UTARA,15,3,49,-37,2950,771,149,2030
21/07/2020,SUMATERA UTARA,42,4,30,8,2992,801,153,2038
22/07/2020,SUMATERA UTARA,166,7,26,133,3158,827,160,2171
23/07/2020,SUMATERA UTARA,104,8,16,80,3262,843,168,2251
24/07/2020,SUMATERA UTARA,56,3,33,20,3318,876,171,2271
25/07/2020,SUMATERA UTARA,52,3,24,25,3370,900,174,2296
26/07/2020,SUMATERA UTARA,20,4,19,-3,3390,919,178,2293
27/07/2020,SUMATERA UTARA,48,1,13,34,3438,932,179,2327
28/07/2020,SUMATERA UTARA,80,1,18,61,3518,950,180,2388
29/07/2020,SUMATERA UTARA,241,3,30,208,3759,980,183,2596
30/07/2020,SUMATERA UTARA,68,4,268,-204,3827,1248,187,2392
31/07/2020,SUMATERA UTARA,104,5,106,-7,3931,1354,192,2385
01/08/2020,SUMATERA UTARA,31,1,131,-101,3962,1485,193,2284
02/08/2020,SUMATERA UTARA,174,8,129,37,4136,1614,201,2321
03/08/2020,SUMATERA UTARA,57,2,39,16,4193,1653,203,2337
04/08/2020,SUMATERA UTARA,68,6,64,-2,4261,1717,209,2335
05/08/2020,SUMATERA UTARA,130,2,74,54,4391,1791,211,2389
06/08/2020,SUMATERA UTARA,86,1,69,16,4477,1860,212,2405
07/08/2020,SUMATERA UTARA,216,9,52,155,4693,1912,221,2560
08/08/2020,SUMATERA UTARA,101,1,124,-24,4794,2036,222,2536
09/08/2020,SUMATERA UTARA,25,2,35,-12,4819,2071,224,2524
10/08/2020,SUMATERA UTARA,129,1,27,101,4948,2098,225,2625
11/08/2020,SUMATERA UTARA,207,4,40,163,5155,2138,229,2788
12/08/2020,SUMATERA UTARA,109,2,51,56,5264,2189,231,2844
13/08/2020,SUMATERA UTARA,94,5,148,-59,5358,2337,236,2785
14/08/2020,SUMATERA UTARA,69,4,101,-36,5427,2438,240,2749
15/08/2020,SUMATERA UTARA,195,3,73,119,5622,2511,243,2868
16/08/2020,SUMATERA UTARA,51,2,102,-53,5673,2613,245,2815
17/08/2020,SUMATERA UTARA,17,3,46,-32,5690,2659,248,2783
18/08/2020,SUMATERA UTARA,130,8,81,41,5820,2740,256,2824
19/08/2020,SUMATERA UTARA,78,3,94,-19,5898,2834,259,2805
20/08/2020,SUMATERA UTARA,59,9,80,-30,5957,2914,268,2775
21/08/2020,SUMATERA UTARA,21,2,70,-51,5978,2984,270,2724
22/08/2020,SUMATERA UTARA,73,6,80,-13,6051,3064,276,2711
23/08/2020,SUMATERA UTARA,78,3,75,0,6129,3139,279,2711
24/08/2020,SUMATERA UTARA,37,6,65,-34,6166,3204,285,2677
25/08/2020,SUMATERA UTARA,134,2,107,25,6300,3311,287,2702
26/08/2020,SUMATERA UTARA,137,2,129,6,6437,3440,289,2708
27/08/2020,SUMATERA UTARA,104,6,117,-19,6541,3557,295,2689
28/08/2020,SUMATERA UTARA,86,7,133,-54,6627,3690,302,2635
29/08/2020,SUMATERA UTARA,103,6,112,-15,6730,3802,308,2620
30/08/2020,SUMATERA UTARA,39,3,102,-66,6769,3904,311,2554
31/08/2020,SUMATERA UTARA,58,3,60,-5,6827,3964,314,2549
01/09/2020,SUMATERA UTARA,115,4,99,12,6942,4063,318,2561
02/09/2020,SUMATERA UTARA,182,2,105,75,7124,4168,320,2636
03/09/2020,SUMATERA UTARA,141,3,111,27,7265,4279,323,2663
04/09/2020,SUMATERA UTARA,125,4,55,66,7390,4334,327,2729
05/09/2020,SUMATERA UTARA,162,6,114,42,7552,4448,333,2771
06/09/2020,SUMATERA UTARA,81,2,103,-24,7633,4551,335,2747
07/09/2020,SUMATERA UTARA,92,4,93,-5,7725,4644,339,2742
08/09/2020,SUMATERA UTARA,107,3,86,18,7832,4730,342,2760
09/09/2020,SUMATERA UTARA,132,1,91,40,7964,4821,343,2800
10/09/2020,SUMATERA UTARA,146,3,61,82,8110,4882,346,2882
11/09/2020,SUMATERA UTARA,131,3,75,53,8241,4957,349,2935
12/09/2020,SUMATERA UTARA,121,6,83,32,8362,5040,355,2967
13/09/2020,SUMATERA UTARA,103,0,64,39,8465,5104,355,3006
14/09/2020,SUMATERA UTARA,94,6,57,31,8559,5161,361,3037
15/09/2020,SUMATERA UTARA,249,6,90,153,8808,5251,367,3190
16/09/2020,SUMATERA UTARA,126,4,66,56,8934,5317,371,3246
17/09/2020,SUMATERA UTARA,117,8,71,38,9051,5388,379,3284
18/09/2020,SUMATERA UTARA,125,10,71,44,9176,5459,389,3328
19/09/2020,SUMATERA UTARA,97,5,76,16,9273,5535,394,3344
20/09/2020,SUMATERA UTARA,95,5,94,-4,9368,5629,399,3340
21/09/2020,SUMATERA UTARA,100,2,77,21,9468,5706,401,3361
22/09/2020,SUMATERA UTARA,98,1,44,53,9566,5750,402,3414
23/09/2020,SUMATERA UTARA,87,5,115,-33,9653,5865,407,3381
24/09/2020,SUMATERA UTARA,96,3,139,-46,9749,6004,410,3335
25/09/2020,SUMATERA UTARA,94,5,100,-11,9843,6104,415,3324
26/09/2020,SUMATERA UTARA,98,2,153,-57,9941,6257,417,3267
27/09/2020,SUMATERA UTARA,97,3,180,-86,10038,6437,420,3181
28/09/2020,SUMATERA UTARA,85,4,194,-113,10123,6631,424,3068
29/09/2020,SUMATERA UTARA,88,2,172,-86,10211,6803,426,2982
30/09/2020,SUMATERA UTARA,102,4,170,-72,10313,6973,430,2910
01/10/2020,SUMATERA UTARA,111,4,153,-46,10424,7126,434,2864
02/10/2020,SUMATERA UTARA,89,2,180,-93,10513,7306,436,2771
03/10/2020,SUMATERA UTARA,86,2,129,-45,10599,7435,438,2726
04/10/2020,SUMATERA UTARA,83,5,110,-32,10682,7545,443,2694
05/10/2020,SUMATERA UTARA,89,3,121,-35,10771,7666,446,2659
06/10/2020,SUMATERA UTARA,98,2,204,-108,10869,7870,448,2551
07/10/2020,SUMATERA UTARA,96,5,178,-87,10965,8048,453,2464
08/10/2020,SUMATERA UTARA,99,7,189,-97,11064,8237,460,2367
09/10/2020,SUMATERA UTARA,95,2,163,-70,11159,8400,462,2297
10/10/2020,SUMATERA UTARA,88,0,149,-61,11247,8549,462,2236
11/10/2020,SUMATERA UTARA,85,6,158,-79,11332,8707,468,2157
12/10/2020,SUMATERA UTARA,87,5,174,-92,11419,8881,473,2065
13/10/2020,SUMATERA UTARA,89,7,134,-52,11508,9015,480,2013
14/10/2020,SUMATERA UTARA,88,5,161,-78,11596,9176,485,1935
15/10/2020,SUMATERA UTARA,90,4,110,-24,11686,9286,489,1911
16/10/2020,SUMATERA UTARA,89,3,111,-25,11775,9397,492,1886
17/10/2020,SUMATERA UTARA,86,5,100,-19,11861,9497,497,1867
18/10/2020,SUMATERA UTARA,83,2,106,-25,11944,9603,499,1842
19/10/2020,SUMATERA UTARA,91,4,118,-31,12035,9721,503,1811
20/10/2020,SUMATERA UTARA,90,4,93,-7,12125,9814,507,1804
21/10/2020,SUMATERA UTARA,87,3,80,4,12212,9894,510,1808
22/10/2020,SUMATERA UTARA,83,3,84,-4,12295,9978,513,1804
23/10/2020,SUMATERA UTARA,91,1,72,18,12386,10050,514,1822
24/10/2020,SUMATERA UTARA,84,0,78,6,12470,10128,514,1828
25/10/2020,SUMATERA UTARA,90,2,75,13,12560,10203,516,1841
26/10/2020,SUMATERA UTARA,93,7,85,1,12653,10288,523,1842
27/10/2020,SUMATERA UTARA,90,1,92,-3,12743,10380,524,1839
28/10/2020,SUMATERA UTARA,92,2,88,2,12835,10468,526,1841
29/10/2020,SUMATERA UTARA,83,3,82,-2,12918,10550,529,1839
30/10/2020,SUMATERA UTARA,89,1,74,14,13007,10624,530,1853
31/10/2020,SUMATERA UTARA,93,4,90,-1,13100,10714,534,1852
01/11/2020,SUMATERA UTARA,91,3,72,16,13191,10786,537,1868
02/11/2020,SUMATERA UTARA,79,6,69,4,13270,10855,543,1872
03/11/2020,SUMATERA UTARA,78,4,72,2,13348,10927,547,1874
04/11/2020,SUMATERA UTARA,79,6,75,-2,13427,11002,553,1872
05/11/2020,SUMATERA UTARA,77,4,63,10,13504,11065,557,1882
06/11/2020,SUMATERA UTARA,78,4,60,14,13582,11125,561,1896
07/11/2020,SUMATERA UTARA,76,2,63,11,13658,11188,563,1907
08/11/2020,SUMATERA UTARA,78,2,58,18,13736,11246,565,1925
09/11/2020,SUMATERA UTARA,75,2,64,9,13811,11310,567,1934
10/11/2020,SUMATERA UTARA,72,3,66,3,13883,11376,570,1937
11/11/2020,SUMATERA UTARA,80,1,60,19,13963,11436,571,1956
12/11/2020,SUMATERA UTARA,79,2,77,0,14042,11513,573,1956
13/11/2020,SUMATERA UTARA,88,5,63,20,14130,11576,578,1976
14/11/2020,SUMATERA UTARA,77,1,59,17,14207,11635,579,1993
15/11/2020,SUMATERA UTARA,85,0,67,18,14292,11702,579,2011
16/11/2020,SUMATERA UTARA,118,4,106,8,14410,11808,583,2019
17/11/2020,SUMATERA UTARA,101,1,105,-5,14511,11913,584,2014
18/11/2020,SUMATERA UTARA,85,2,72,11,14596,11985,586,2025
19/11/2020,SUMATERA UTARA,79,2,77,0,14675,12062,588,2025
20/11/2020,SUMATERA UTARA,79,1,71,7,14754,12133,589,2032
21/11/2020,SUMATERA UTARA,76,3,77,-4,14830,12210,592,2028
22/11/2020,SUMATERA UTARA,74,3,69,2,14904,12279,595,2030
23/11/2020,SUMATERA UTARA,84,0,81,3,14988,12360,595,2033
24/11/2020,SUMATERA UTARA,81,2,78,1,15069,12438,597,2034
25/11/2020,SUMATERA UTARA,84,3,81,0,15153,12519,600,2034
26/11/2020,SUMATERA UTARA,82,0,75,7,15235,12594,600,2041
27/11/2020,SUMATERA UTARA,92,4,87,1,15327,12681,604,2042
28/11/2020,SUMATERA UTARA,93,5,91,-3,15420,12772,609,2039
29/11/2020,SUMATERA UTARA,88,3,78,7,15508,12850,612,2046
30/11/2020,SUMATERA UTARA,77,3,69,5,15585,12919,615,2051
01/12/2020,SUMATERA UTARA,86,2,83,1,15671,13002,617,2052
02/12/2020,SUMATERA UTARA,88,2,77,9,15759,13079,619,2061
03/12/2020,SUMATERA UTARA,86,4,80,2,15845,13159,623,2063
04/12/2020,SUMATERA UTARA,79,2,81,-4,15924,13240,625,2059
05/12/2020,SUMATERA UTARA,78,1,77,0,16002,13317,626,2059
06/12/2020,SUMATERA UTARA,87,3,83,1,16089,13400,629,2060
07/12/2020,SUMATERA UTARA,85,3,80,2,16174,13480,632,2062
08/12/2020,SUMATERA UTARA,87,1,81,5,16261,13561,633,2067
09/12/2020,SUMATERA UTARA,80,1,74,5,16341,13635,634,2072
10/12/2020,SUMATERA UTARA,83,3,81,-1,16424,13716,637,2071
11/12/2020,SUMATERA UTARA,82,2,76,4,16506,13792,639,2075
12/12/2020,SUMATERA UTARA,87,1,81,5,16593,13873,640,2080
13/12/2020,SUMATERA UTARA,89,0,83,6,16682,13956,640,2086
14/12/2020,SUMATERA UTARA,87,4,82,1,16769,14038,644,2087
15/12/2020,SUMATERA UTARA,74,1,75,-2,16843,14113,645,2085
16/12/2020,SUMATERA UTARA,79,0,78,1,16922,14191,645,2086
17/12/2020,SUMATERA UTARA,84,1,80,3,17006,14271,646,2089
18/12/2020,SUMATERA UTARA,89,1,75,13,17095,14346,647,2102
19/12/2020,SUMATERA UTARA,86,2,81,3,17181,14427,649,2105
20/12/2020,SUMATERA UTARA,82,4,83,-5,17263,14510,653,2100
21/12/2020,SUMATERA UTARA,90,2,84,4,17353,14594,655,2104
22/12/2020,SUMATERA UTARA,73,5,76,-8,17426,14670,660,2096
23/12/2020,SUMATERA UTARA,76,4,87,-15,17502,14757,664,2081
24/12/2020,SUMATERA UTARA,80,5,81,-6,17582,14838,669,2075
25/12/2020,SUMATERA UTARA,75,1,79,-5,17657,14917,670,2070
26/12/2020,SUMATERA UTARA,75,0,74,1,17732,14991,670,2071
27/12/2020,SUMATERA UTARA,78,2,80,-4,17810,15071,672,2067
28/12/2020,SUMATERA UTARA,82,2,83,-3,17892,15154,674,2064
29/12/2020,SUMATERA UTARA,85,1,82,2,17977,15236,675,2066
30/12/2020,SUMATERA UTARA,89,4,84,1,18066,15320,679,2067
31/12/2020,SUMATERA UTARA,83,0,82,1,18149,15402,679,2068
01/01/2021,SUMATERA UTARA,84,2,89,-7,18233,15491,681,2061
02/01/2021,SUMATERA UTARA,86,2,82,2,18319,15573,683,2063
03/01/2021,SUMATERA UTARA,89,0,84,5,18408,15657,683,2068
04/01/2021,SUMATERA UTARA,92,1,88,3,18500,15745,684,2071
05/01/2021,SUMATERA UTARA,86,2,83,1,18586,15828,686,2072
06/01/2021,SUMATERA UTARA,87,3,89,-5,18673,15917,689,2067
07/01/2021,SUMATERA UTARA,83,2,84,-3,18756,16001,691,2064
08/01/2021,SUMATERA UTARA,92,4,80,8,18848,16081,695,2072
09/01/2021,SUMATERA UTARA,89,1,91,-3,18937,16172,696,2069
10/01/2021,SUMATERA UTARA,90,1,86,3,19027,16258,697,2072
11/01/2021,SUMATERA UTARA,95,3,89,3,19122,16347,700,2075
12/01/2021,SUMATERA UTARA,90,1,95,-6,19212,16442,701,2069
13/01/2021,SUMATERA UTARA,96,4,91,1,19308,16533,705,2070
14/01/2021,SUMATERA UTARA,89,2,93,-6,19397,16626,707,2064
15/01/2021,SUMATERA UTARA,98,0,83,15,19495,16709,707,2079
16/01/2021,SUMATERA UTARA,74,1,83,-10,19569,16792,708,2069
17/01/2021,SUMATERA UTARA,78,3,89,-14,19647,16881,711,2055
18/01/2021,SUMATERA UTARA,74,4,85,-15,19721,16966,715,2040
19/01/2021,SUMATERA UTARA,78,1,86,-9,19799,17052,716,2031
20/01/2021,SUMATERA UTARA,80,2,90,-12,19879,17142,718,2019
21/01/2021,SUMATERA UTARA,83,1,80,2,19962,17222,719,2021
22/01/2021,SUMATERA UTARA,84,4,86,-6,20046,17308,723,2015
23/01/2021,SUMATERA UTARA,87,1,83,3,20133,17391,724,2018
24/01/2021,SUMATERA UTARA,88,2,81,5,20221,17472,726,2023
25/01/2021,SUMATERA UTARA,92,4,85,3,20313,17557,730,2026
26/01/2021,SUMATERA UTARA,90,2,89,-1,20403,17646,732,2025
27/01/2021,SUMATERA UTARA,93,3,90,0,20496,17736,735,2025
28/01/2021,SUMATERA UTARA,95,3,81,11,20591,17817,738,2036
29/01/2021,SUMATERA UTARA,91,2,89,0,20682,17906,740,2036
30/01/2021,SUMATERA UTARA,92,2,80,10,20774,17986,742,2046
31/01/2021,SUMATERA UTARA,91,1,88,2,20865,18074,743,2048
01/02/2021,SUMATERA UTARA,97,2,92,3,20962,18166,745,2051
02/02/2021,SUMATERA UTARA,136,3,101,32,21098,18267,748,2083
03/02/2021,SUMATERA UTARA,135,5,104,26,21233,18371,753,2109
04/02/2021,SUMATERA UTARA,126,3,112,11,21359,18483,756,2120
05/02/2021,SUMATERA UTARA,115,4,109,2,21474,18592,760,2122
06/02/2021,SUMATERA UTARA,99,2,107,-10,21573,18699,762,2112
07/02/2021,SUMATERA UTARA,169,0,140,29,21742,18839,762,2141
08/02/2021,SUMATERA UTARA,146,3,121,22,21888,18960,765,2163
09/02/2021,SUMATERA UTARA,174,2,138,34,22062,19098,767,2197
10/02/2021,SUMATERA UTARA,224,4,104,116,22286,19202,771,2313
11/02/2021,SUMATERA UTARA,131,2,113,16,22417,19315,773,2329
12/02/2021,SUMATERA UTARA,168,4,104,60,22585,19419,777,2389
13/02/2021,SUMATERA UTARA,154,0,105,49,22739,19524,777,2438
14/02/2021,SUMATERA UTARA,126,4,107,15,22865,19631,781,2453
15/02/2021,SUMATERA UTARA,134,4,117,13,22999,19748,785,2466
16/02/2021,SUMATERA UTARA,109,3,77,29,23108,19825,788,2495
17/02/2021,SUMATERA UTARA,128,5,175,-52,23236,20000,793,2443
18/02/2021,SUMATERA UTARA,99,5,147,-53,23335,20147,798,2390
19/02/2021,SUMATERA UTARA,127,5,116,6,23462,20263,803,2396
20/02/2021,SUMATERA UTARA,99,2,117,-20,23561,20380,805,2376
21/02/2021,SUMATERA UTARA,97,3,98,-4,23658,20478,808,2372
22/02/2021,SUMATERA UTARA,97,5,106,-14,23755,20584,813,2358
23/02/2021,SUMATERA UTARA,139,6,107,26,23894,20691,819,2384
24/02/2021,SUMATERA UTARA,122,1,100,21,24016,20791,820,2405
25/02/2021,SUMATERA UTARA,153,4,107,42,24169,20898,824,2447
26/02/2021,SUMATERA UTARA,130,5,116,9,24299,21014,829,2456
27/02/2021,SUMATERA UTARA,119,3,118,-2,24418,21132,832,2454
28/02/2021,SUMATERA UTARA,110,5,106,-1,24528,21238,837,2453
01/03/2021,SUMATERA UTARA,138,1,100,37,24666,21338,838,2490
02/03/2021,SUMATERA UTARA,129,3,108,18,24795,21446,841,2508
03/03/2021,SUMATERA UTARA,134,4,119,11,24929,21565,845,2519
04/03/2021,SUMATERA UTARA,136,2,116,18,25065,21681,847,2537
05/03/2021,SUMATERA UTARA,99,4,128,-33,25164,21809,851,2504
06/03/2021,SUMATERA UTARA,87,3,90,-6,25251,21899,854,2498
07/03/2021,SUMATERA UTARA,78,2,88,-12,25329,21987,856,2486
08/03/2021,SUMATERA UTARA,94,3,97,-6,25423,22084,859,2480
09/03/2021,SUMATERA UTARA,98,6,91,1,25521,22175,865,2481
10/03/2021,SUMATERA UTARA,90,0,86,4,25611,22261,865,2485
11/03/2021,SUMATERA UTARA,92,2,93,-3,25703,22354,867,2482
12/03/2021,SUMATERA UTARA,83,4,79,0,25786,22433,871,2482
13/03/2021,SUMATERA UTARA,91,2,86,3,25877,22519,873,2485
14/03/2021,SUMATERA UTARA,88,3,90,-5,25965,22609,876,2480
15/03/2021,SUMATERA UTARA,102,5,92,5,26067,22701,881,2485
16/03/2021,SUMATERA UTARA,79,2,85,-8,26146,22786,883,2477
17/03/2021,SUMATERA UTARA,88,5,92,-9,26234,22878,888,2468
18/03/2021,SUMATERA UTARA,87,1,86,0,26321,22964,889,2468
19/03/2021,SUMATERA UTARA,85,2,98,-15,26406,23062,891,2453
20/03/2021,SUMATERA UTARA,86,3,83,0,26492,23145,894,2453
21/03/2021,SUMATERA UTARA,53,3,60,-10,26545,23205,897,2443
22/03/2021,SUMATERA UTARA,85,2,81,2,26630,23286,899,2445
23/03/2021,SUMATERA UTARA,97,0,71,26,26727,23357,899,2471
24/03/2021,SUMATERA UTARA,91,1,74,16,26818,23431,900,2487
25/03/2021,SUMATERA UTARA,74,0,95,-21,26892,23526,900,2466
26/03/2021,SUMATERA UTARA,79,1,80,-2,26971,23606,901,2464
27/03/2021,SUMATERA UTARA,80,3,76,1,27051,23682,904,2465
28/03/2021,SUMATERA UTARA,69,2,86,-19,27120,23768,906,2446
29/03/2021,SUMATERA UTARA,74,1,78,-5,27194,23846,907,2441
30/03/2021,SUMATERA UTARA,69,2,73,-6,27263,23919,909,2435
31/03/2021,SUMATERA UTARA,95,3,90,2,27358,24009,912,2437
01/04/2021,SUMATERA UTARA,65,2,74,-11,27423,24083,914,2426
02/04/2021,SUMATERA UTARA,61,1,81,-21,27484,24164,915,2405
03/04/2021,SUMATERA UTARA,64,3,78,-17,27548,24242,918,2388
04/04/2021,SUMATERA UTARA,73,1,82,-10,27621,24324,919,2378
05/04/2021,SUMATERA UTARA,74,0,75,-1,27695,24399,919,2377
06/04/2021,SUMATERA UTARA,77,5,74,-2,27772,24473,924,2375
07/04/2021,SUMATERA UTARA,76,1,96,-21,27848,24569,925,2354
08/04/2021,SUMATERA UTARA,71,2,81,-12,27919,24650,927,2342
09/04/2021,SUMATERA UTARA,79,1,77,1,27998,24727,928,2343
10/04/2021,SUMATERA UTARA,78,2,84,-8,28076,24811,930,2335
11/04/2021,SUMATERA UTARA,75,2,73,0,28151,24884,932,2335
12/04/2021,SUMATERA UTARA,69,3,76,-10,28220,24960,935,2325
13/04/2021,SUMATERA UTARA,67,2,70,-5,28287,25030,937,2320
14/04/2021,SUMATERA UTARA,60,3,71,-14,28347,25101,940,2306
15/04/2021,SUMATERA UTARA,68,1,75,-8,28415,25176,941,2298
16/04/2021,SUMATERA UTARA,66,3,68,-5,28481,25244,944,2293
17/04/2021,SUMATERA UTARA,63,1,74,-12,28544,25318,945,2281
18/04/2021,SUMATERA UTARA,61,1,69,-9,28605,25387,946,2272
19/04/2021,SUMATERA UTARA,69,3,61,5,28674,25448,949,2277
20/04/2021,SUMATERA UTARA,67,2,66,-1,28741,25514,951,2276
21/04/2021,SUMATERA UTARA,68,1,60,7,28809,25574,952,2283
22/04/2021,SUMATERA UTARA,66,1,66,-1,28875,25640,953,2282
23/04/2021,SUMATERA UTARA,65,5,64,-4,28940,25704,958,2278
24/04/2021,SUMATERA UTARA,64,0,56,8,29004,25760,958,2286
25/04/2021,SUMATERA UTARA,62,4,65,-7,29066,25825,962,2279
26/04/2021,SUMATERA UTARA,69,1,60,8,29135,25885,963,2287
27/04/2021,SUMATERA UTARA,63,2,68,-7,29198,25953,965,2280
28/04/2021,SUMATERA UTARA,66,2,61,3,29264,26014,967,2283
29/04/2021,SUMATERA UTARA,67,1,58,8,29331,26072,968,2291
30/04/2021,SUMATERA UTARA,68,1,64,3,29399,26136,969,2294
01/05/2021,SUMATERA UTARA,59,4,56,-1,29458,26192,973,2293
02/05/2021,SUMATERA UTARA,64,2,59,3,29522,26251,975,2296
03/05/2021,SUMATERA UTARA,68,1,60,7,29590,26311,976,2303
04/05/2021,SUMATERA UTARA,63,0,65,-2,29653,26376,976,2301
05/05/2021,SUMATERA UTARA,71,2,64,5,29724,26440,978,2306
06/05/2021,SUMATERA UTARA,81,4,60,17,29805,26500,982,2323
07/05/2021,SUMATERA UTARA,95,1,76,18,29900,26576,983,2341
08/05/2021,SUMATERA UTARA,82,3,73,6,29982,26649,986,2347
09/05/2021,SUMATERA UTARA,76,2,75,-1,30058,26724,988,2346
10/05/2021,SUMATERA UTARA,89,4,80,5,30147,26804,992,2351
11/05/2021,SUMATERA UTARA,83,2,73,8,30230,26877,994,2359
12/05/2021,SUMATERA UTARA,78,3,77,-2,30308,26954,997,2357
13/05/2021,SUMATERA UTARA,82,1,70,11,30390,27024,998,2368
14/05/2021,SUMATERA UTARA,86,2,67,17,30476,27091,1000,2385
15/05/2021,SUMATERA UTARA,76,3,76,-3,30552,27167,1003,2382
16/05/2021,SUMATERA UTARA,80,4,73,3,30632,27240,1007,2385
17/05/2021,SUMATERA UTARA,91,2,63,26,30723,27303,1009,2411
18/05/2021,SUMATERA UTARA,95,2,101,-8,30818,27404,1011,2403
19/05/2021,SUMATERA UTARA,92,1,112,-21,30910,27516,1012,2382
20/05/2021,SUMATERA UTARA,98,1,83,14,31008,27599,1013,2396
21/05/2021,SUMATERA UTARA,97,4,109,-16,31105,27708,1017,2380
22/05/2021,SUMATERA UTARA,87,6,76,5,31192,27784,1023,2385
23/05/2021,SUMATERA UTARA,84,3,68,13,31276,27852,1026,2398
24/05/2021,SUMATERA UTARA,99,2,96,1,31375,27948,1028,2399
25/05/2021,SUMATERA UTARA,97,4,74,19,31472,28022,1032,2418
26/05/2021,SUMATERA UTARA,85,3,77,5,31557,28099,1035,2423
27/05/2021,SUMATERA UTARA,95,2,114,-21,31652,28213,1037,2402
28/05/2021,SUMATERA UTARA,89,3,77,9,31741,28290,1040,2411
29/05/2021,SUMATERA UTARA,82,5,80,-3,31823,28370,1045,2408
30/05/2021,SUMATERA UTARA,72,1,71,0,31895,28441,1046,2408
31/05/2021,SUMATERA UTARA,98,6,83,9,31993,28524,1052,2417
01/06/2021,SUMATERA UTARA,95,1,78,16,32088,28602,1053,2433
02/06/2021,SUMATERA UTARA,93,0,84,9,32181,28686,1053,2442
03/06/2021,SUMATERA UTARA,96,0,98,-2,32277,28784,1053,2440
04/06/2021,SUMATERA UTARA,97,5,76,16,32374,28860,1058,2456
05/06/2021,SUMATERA UTARA,80,7,77,-4,32454,28937,1065,2452
06/06/2021,SUMATERA UTARA,74,3,89,-18,32528,29026,1068,2434
07/06/2021,SUMATERA UTARA,99,6,96,-3,32627,29122,1074,2431
08/06/2021,SUMATERA UTARA,95,3,102,-10,32722,29224,1077,2421
09/06/2021,SUMATERA UTARA,93,5,88,0,32815,29312,1082,2421
10/06/2021,SUMATERA UTARA,211,4,87,120,33026,29399,1086,2541
11/06/2021,SUMATERA UTARA,115,6,103,6,33141,29502,1092,2547
12/06/2021,SUMATERA UTARA,99,3,93,3,33240,29595,1095,2550
13/06/2021,SUMATERA UTARA,73,7,97,-31,33313,29692,1102,2519
16/03/2020,DAERAH ISTIMEWA YOGYAKARTA,1,0,0,1,1,0,0,1
17/03/2020,DAERAH ISTIMEWA YOGYAKARTA,0,0,0,0,1,0,0,1
18/03/2020,DAERAH ISTIMEWA YOGYAKARTA,0,0,0,0,1,0,0,1
19/03/2020,DAERAH ISTIMEWA YOGYAKARTA,0,0,0,0,1,0,0,1
20/03/2020,DAERAH ISTIMEWA YOGYAKARTA,1,0,1,0,2,1,0,1
21/03/2020,DAERAH ISTIMEWA YOGYAKARTA,0,0,0,0,2,1,0,1
22/03/2020,DAERAH ISTIMEWA YOGYAKARTA,0,0,0,0,2,1,0,1
23/03/2020,DAERAH ISTIMEWA YOGYAKARTA,0,1,0,-1,2,1,1,0
24/03/2020,DAERAH ISTIMEWA YOGYAKARTA,0,0,0,0,2,1,1,0
25/03/2020,DAERAH ISTIMEWA YOGYAKARTA,1,1,0,0,3,1,2,0
26/03/2020,DAERAH ISTIMEWA YOGYAKARTA,0,0,0,0,3,1,2,0
27/03/2020,DAERAH ISTIMEWA YOGYAKARTA,1,0,0,1,4,1,2,1
28/03/2020,DAERAH ISTIMEWA YOGYAKARTA,0,0,0,0,4,1,2,1
29/03/2020,DAERAH ISTIMEWA YOGYAKARTA,0,0,0,0,4,1,2,1
30/03/2020,DAERAH ISTIMEWA YOGYAKARTA,2,0,1,1,6,2,2,2
31/03/2020,DAERAH ISTIMEWA YOGYAKARTA,5,0,0,5,11,2,2,7
01/04/2020,DAERAH ISTIMEWA YOGYAKARTA,6,0,1,5,17,3,2,12
02/04/2020,DAERAH ISTIMEWA YOGYAKARTA,0,1,0,-1,17,3,3,11
03/04/2020,DAERAH ISTIMEWA YOGYAKARTA,0,0,0,0,17,3,3,11
04/04/2020,DAERAH ISTIMEWA YOGYAKARTA,5,0,0,5,22,3,3,16
05/04/2020,DAERAH ISTIMEWA YOGYAKARTA,1,0,0,1,23,3,3,17
06/04/2020,DAERAH ISTIMEWA YOGYAKARTA,3,0,1,2,26,4,3,19
07/04/2020,DAERAH ISTIMEWA YOGYAKARTA,1,0,0,1,27,4,3,20
08/04/2020,DAERAH ISTIMEWA YOGYAKARTA,4,3,3,-2,31,7,6,18
09/04/2020,DAERAH ISTIMEWA YOGYAKARTA,3,0,3,0,34,10,6,18
10/04/2020,DAERAH ISTIMEWA YOGYAKARTA,3,0,3,0,37,13,6,18
11/04/2020,DAERAH ISTIMEWA YOGYAKARTA,0,0,0,0,37,13,6,18
12/04/2020,DAERAH ISTIMEWA YOGYAKARTA,1,0,5,-4,38,18,6,14
13/04/2020,DAERAH ISTIMEWA YOGYAKARTA,16,0,0,16,54,18,6,30
14/04/2020,DAERAH ISTIMEWA YOGYAKARTA,5,0,4,1,59,22,6,31
15/04/2020,DAERAH ISTIMEWA YOGYAKARTA,1,0,0,1,60,22,6,32
16/04/2020,DAERAH ISTIMEWA YOGYAKARTA,1,0,0,1,61,22,6,33
17/04/2020,DAERAH ISTIMEWA YOGYAKARTA,1,1,3,-3,62,25,7,30
18/04/2020,DAERAH ISTIMEWA YOGYAKARTA,3,0,2,1,65,27,7,31
19/04/2020,DAERAH ISTIMEWA YOGYAKARTA,1,0,1,0,66,28,7,31
20/04/2020,DAERAH ISTIMEWA YOGYAKARTA,2,0,0,2,68,28,7,33
21/04/2020,DAERAH ISTIMEWA YOGYAKARTA,3,0,3,0,71,31,7,33
22/04/2020,DAERAH ISTIMEWA YOGYAKARTA,3,0,5,-2,74,36,7,31
23/04/2020,DAERAH ISTIMEWA YOGYAKARTA,1,0,1,0,75,37,7,31
24/04/2020,DAERAH ISTIMEWA YOGYAKARTA,1,0,0,1,76,37,7,32
25/04/2020,DAERAH ISTIMEWA YOGYAKARTA,2,0,0,2,78,37,7,34
26/04/2020,DAERAH ISTIMEWA YOGYAKARTA,3,0,0,3,81,37,7,37
27/04/2020,DAERAH ISTIMEWA YOGYAKARTA,1,0,2,-1,82,39,7,36
28/04/2020,DAERAH ISTIMEWA YOGYAKARTA,10,0,1,9,92,40,7,45
29/04/2020,DAERAH ISTIMEWA YOGYAKARTA,1,0,3,-2,93,43,7,43
30/04/2020,DAERAH ISTIMEWA YOGYAKARTA,1,0,0,1,94,43,7,44
01/05/2020,DAERAH ISTIMEWA YOGYAKARTA,9,0,5,4,103,48,7,48
02/05/2020,DAERAH ISTIMEWA YOGYAKARTA,10,0,0,10,113,48,7,58
03/05/2020,DAERAH ISTIMEWA YOGYAKARTA,1,0,0,1,114,48,7,59
04/05/2020,DAERAH ISTIMEWA YOGYAKARTA,0,0,4,-4,114,52,7,55
05/05/2020,DAERAH ISTIMEWA YOGYAKARTA,6,0,1,5,120,53,7,60
06/05/2020,DAERAH ISTIMEWA YOGYAKARTA,1,0,5,-4,121,58,7,56
07/05/2020,DAERAH ISTIMEWA YOGYAKARTA,15,0,1,14,136,59,7,70
08/05/2020,DAERAH ISTIMEWA YOGYAKARTA,6,0,0,6,142,59,7,76
09/05/2020,DAERAH ISTIMEWA YOGYAKARTA,3,0,2,1,145,61,7,77
10/05/2020,DAERAH ISTIMEWA YOGYAKARTA,7,0,0,7,152,61,7,84
11/05/2020,DAERAH ISTIMEWA YOGYAKARTA,6,1,6,-1,158,67,8,83
12/05/2020,DAERAH ISTIMEWA YOGYAKARTA,10,0,0,10,168,67,8,93
13/05/2020,DAERAH ISTIMEWA YOGYAKARTA,12,0,1,11,180,68,8,104
14/05/2020,DAERAH ISTIMEWA YOGYAKARTA,4,0,7,-3,184,75,8,101
15/05/2020,DAERAH ISTIMEWA YOGYAKARTA,3,0,12,-9,187,87,8,92
16/05/2020,DAERAH ISTIMEWA YOGYAKARTA,6,0,1,5,193,88,8,97
17/05/2020,DAERAH ISTIMEWA YOGYAKARTA,5,0,3,2,198,91,8,99
18/05/2020,DAERAH ISTIMEWA YOGYAKARTA,1,0,3,-2,199,94,8,97
19/05/2020,DAERAH ISTIMEWA YOGYAKARTA,7,0,12,-5,206,106,8,92
20/05/2020,DAERAH ISTIMEWA YOGYAKARTA,2,0,8,-6,208,114,8,86
21/05/2020,DAERAH ISTIMEWA YOGYAKARTA,6,0,7,-1,214,121,8,85
22/05/2020,DAERAH ISTIMEWA YOGYAKARTA,5,0,2,3,219,123,8,88
23/05/2020,DAERAH ISTIMEWA YOGYAKARTA,5,0,6,-1,224,129,8,87
24/05/2020,DAERAH ISTIMEWA YOGYAKARTA,1,0,4,-3,225,133,8,84
25/05/2020,DAERAH ISTIMEWA YOGYAKARTA,0,0,1,-1,225,134,8,83
26/05/2020,DAERAH ISTIMEWA YOGYAKARTA,0,0,4,-4,225,138,8,79
27/05/2020,DAERAH ISTIMEWA YOGYAKARTA,2,0,9,-7,227,147,8,72
28/05/2020,DAERAH ISTIMEWA YOGYAKARTA,0,0,8,-8,227,155,8,64
29/05/2020,DAERAH ISTIMEWA YOGYAKARTA,2,0,6,-4,229,161,8,60
30/05/2020,DAERAH ISTIMEWA YOGYAKARTA,3,0,1,2,232,162,8,62
31/05/2020,DAERAH ISTIMEWA YOGYAKARTA,3,0,7,-4,235,169,8,58
01/06/2020,DAERAH ISTIMEWA YOGYAKARTA,1,0,0,1,236,169,8,59
02/06/2020,DAERAH ISTIMEWA YOGYAKARTA,0,0,1,-1,236,170,8,58
03/06/2020,DAERAH ISTIMEWA YOGYAKARTA,0,0,1,-1,236,171,8,57
04/06/2020,DAERAH ISTIMEWA YOGYAKARTA,0,0,3,-3,236,174,8,54
05/06/2020,DAERAH ISTIMEWA YOGYAKARTA,1,0,6,-5,237,180,8,49
06/06/2020,DAERAH ISTIMEWA YOGYAKARTA,4,0,5,-1,241,185,8,48
07/06/2020,DAERAH ISTIMEWA YOGYAKARTA,2,0,2,0,243,187,8,48
08/06/2020,DAERAH ISTIMEWA YOGYAKARTA,3,0,7,-4,246,194,8,44
09/06/2020,DAERAH ISTIMEWA YOGYAKARTA,2,0,0,2,248,194,8,46
10/06/2020,DAERAH ISTIMEWA YOGYAKARTA,1,0,1,0,249,195,8,46
11/06/2020,DAERAH ISTIMEWA YOGYAKARTA,2,0,5,-3,251,200,8,43
12/06/2020,DAERAH ISTIMEWA YOGYAKARTA,10,0,5,5,261,205,8,48
13/06/2020,DAERAH ISTIMEWA YOGYAKARTA,2,0,6,-4,263,211,8,44
14/06/2020,DAERAH ISTIMEWA YOGYAKARTA,5,0,1,4,268,212,8,48
15/06/2020,DAERAH ISTIMEWA YOGYAKARTA,3,0,2,1,271,214,8,49
16/06/2020,DAERAH ISTIMEWA YOGYAKARTA,1,0,4,-3,272,218,8,46
17/06/2020,DAERAH ISTIMEWA YOGYAKARTA,3,0,2,1,275,220,8,47
18/06/2020,DAERAH ISTIMEWA YOGYAKARTA,0,0,7,-7,275,227,8,40
19/06/2020,DAERAH ISTIMEWA YOGYAKARTA,1,0,4,-3,276,231,8,37
20/06/2020,DAERAH ISTIMEWA YOGYAKARTA,8,0,0,8,284,231,8,45
21/06/2020,DAERAH ISTIMEWA YOGYAKARTA,3,0,7,-4,287,238,8,41
22/06/2020,DAERAH ISTIMEWA YOGYAKARTA,0,0,0,0,287,238,8,41
23/06/2020,DAERAH ISTIMEWA YOGYAKARTA,3,0,5,-2,290,243,8,39
24/06/2020,DAERAH ISTIMEWA YOGYAKARTA,1,0,13,-12,291,256,8,27
25/06/2020,DAERAH ISTIMEWA YOGYAKARTA,7,0,3,4,298,259,8,31
26/06/2020,DAERAH ISTIMEWA YOGYAKARTA,3,0,3,0,301,262,8,31
27/06/2020,DAERAH ISTIMEWA YOGYAKARTA,2,0,1,1,303,263,8,32
28/06/2020,DAERAH ISTIMEWA YOGYAKARTA,2,0,1,1,305,264,8,33
29/06/2020,DAERAH ISTIMEWA YOGYAKARTA,0,0,1,-1,305,265,8,32
30/06/2020,DAERAH ISTIMEWA YOGYAKARTA,7,0,1,6,312,266,8,38
01/07/2020,DAERAH ISTIMEWA YOGYAKARTA,1,0,3,-2,313,269,8,36
02/07/2020,DAERAH ISTIMEWA YOGYAKARTA,6,1,4,1,319,273,9,37
03/07/2020,DAERAH ISTIMEWA YOGYAKARTA,4,0,3,1,323,276,9,38
04/07/2020,DAERAH ISTIMEWA YOGYAKARTA,1,0,1,0,324,277,9,38
05/07/2020,DAERAH ISTIMEWA YOGYAKARTA,6,0,0,6,330,277,9,44
06/07/2020,DAERAH ISTIMEWA YOGYAKARTA,8,0,5,3,338,282,9,47
07/07/2020,DAERAH ISTIMEWA YOGYAKARTA,7,0,3,4,345,285,9,51
08/07/2020,DAERAH ISTIMEWA YOGYAKARTA,3,1,1,1,348,286,10,52
09/07/2020,DAERAH ISTIMEWA YOGYAKARTA,7,0,4,3,355,290,10,55
10/07/2020,DAERAH ISTIMEWA YOGYAKARTA,7,0,3,4,362,293,10,59
11/07/2020,DAERAH ISTIMEWA YOGYAKARTA,7,0,1,6,369,294,10,65
12/07/2020,DAERAH ISTIMEWA YOGYAKARTA,1,0,3,-2,370,297,10,63
13/07/2020,DAERAH ISTIMEWA YOGYAKARTA,8,0,8,0,378,305,10,63
14/07/2020,DAERAH ISTIMEWA YOGYAKARTA,8,1,5,2,386,310,11,65
15/07/2020,DAERAH ISTIMEWA YOGYAKARTA,9,0,3,6,395,313,11,71
16/07/2020,DAERAH ISTIMEWA YOGYAKARTA,8,0,0,8,403,313,11,79
17/07/2020,DAERAH ISTIMEWA YOGYAKARTA,4,0,2,2,407,315,11,81
18/07/2020,DAERAH ISTIMEWA YOGYAKARTA,8,0,8,0,415,323,11,81
19/07/2020,DAERAH ISTIMEWA YOGYAKARTA,15,1,0,14,430,323,12,95
20/07/2020,DAERAH ISTIMEWA YOGYAKARTA,6,1,3,2,436,326,13,97
21/07/2020,DAERAH ISTIMEWA YOGYAKARTA,28,1,3,24,464,329,14,121
22/07/2020,DAERAH ISTIMEWA YOGYAKARTA,21,2,1,18,485,330,16,139
23/07/2020,DAERAH ISTIMEWA YOGYAKARTA,10,0,4,6,495,334,16,145
24/07/2020,DAERAH ISTIMEWA YOGYAKARTA,23,1,6,16,518,340,17,161
25/07/2020,DAERAH ISTIMEWA YOGYAKARTA,17,1,6,10,535,346,18,171
26/07/2020,DAERAH ISTIMEWA YOGYAKARTA,7,1,0,6,542,346,19,177
27/07/2020,DAERAH ISTIMEWA YOGYAKARTA,15,0,4,11,557,350,19,188
28/07/2020,DAERAH ISTIMEWA YOGYAKARTA,14,1,5,8,571,355,20,196
29/07/2020,DAERAH ISTIMEWA YOGYAKARTA,15,0,12,3,586,367,20,199
30/07/2020,DAERAH ISTIMEWA YOGYAKARTA,23,0,14,9,609,381,20,208
31/07/2020,DAERAH ISTIMEWA YOGYAKARTA,64,0,17,47,673,398,20,255
01/08/2020,DAERAH ISTIMEWA YOGYAKARTA,67,1,11,55,740,409,21,310
02/08/2020,DAERAH ISTIMEWA YOGYAKARTA,19,0,10,9,759,419,21,319
03/08/2020,DAERAH ISTIMEWA YOGYAKARTA,12,0,13,-1,771,432,21,318
04/08/2020,DAERAH ISTIMEWA YOGYAKARTA,12,0,14,-2,783,446,21,316
05/08/2020,DAERAH ISTIMEWA YOGYAKARTA,17,0,29,-12,800,475,21,304
06/08/2020,DAERAH ISTIMEWA YOGYAKARTA,18,0,20,-2,818,495,21,302
07/08/2020,DAERAH ISTIMEWA YOGYAKARTA,19,0,29,-10,837,524,21,292
08/08/2020,DAERAH ISTIMEWA YOGYAKARTA,16,2,27,-13,853,551,23,279
09/08/2020,DAERAH ISTIMEWA YOGYAKARTA,8,1,18,-11,861,569,24,268
10/08/2020,DAERAH ISTIMEWA YOGYAKARTA,14,1,23,-10,875,592,25,258
11/08/2020,DAERAH ISTIMEWA YOGYAKARTA,4,0,16,-12,879,608,25,246
12/08/2020,DAERAH ISTIMEWA YOGYAKARTA,20,1,25,-6,899,633,26,240
13/08/2020,DAERAH ISTIMEWA YOGYAKARTA,11,0,13,-2,910,646,26,238
14/08/2020,DAERAH ISTIMEWA YOGYAKARTA,35,2,12,21,945,658,28,259
15/08/2020,DAERAH ISTIMEWA YOGYAKARTA,46,0,4,42,991,662,28,301
16/08/2020,DAERAH ISTIMEWA YOGYAKARTA,33,0,13,20,1024,675,28,321
17/08/2020,DAERAH ISTIMEWA YOGYAKARTA,16,0,7,9,1040,682,28,330
18/08/2020,DAERAH ISTIMEWA YOGYAKARTA,18,1,13,4,1058,695,29,334
19/08/2020,DAERAH ISTIMEWA YOGYAKARTA,31,0,18,13,1089,713,29,347
20/08/2020,DAERAH ISTIMEWA YOGYAKARTA,48,2,52,-6,1137,765,31,341
21/08/2020,DAERAH ISTIMEWA YOGYAKARTA,25,1,28,-4,1162,793,32,337
22/08/2020,DAERAH ISTIMEWA YOGYAKARTA,15,1,15,-1,1177,808,33,336
23/08/2020,DAERAH ISTIMEWA YOGYAKARTA,15,0,18,-3,1192,826,33,333
24/08/2020,DAERAH ISTIMEWA YOGYAKARTA,14,1,20,-7,1206,846,34,326
25/08/2020,DAERAH ISTIMEWA YOGYAKARTA,42,0,11,31,1248,857,34,357
26/08/2020,DAERAH ISTIMEWA YOGYAKARTA,16,2,35,-21,1264,892,36,336
27/08/2020,DAERAH ISTIMEWA YOGYAKARTA,42,0,31,11,1306,923,36,347
28/08/2020,DAERAH ISTIMEWA YOGYAKARTA,20,0,24,-4,1326,947,36,343
29/08/2020,DAERAH ISTIMEWA YOGYAKARTA,47,1,21,25,1373,968,37,368
30/08/2020,DAERAH ISTIMEWA YOGYAKARTA,24,0,8,16,1397,976,37,384
31/08/2020,DAERAH ISTIMEWA YOGYAKARTA,28,2,50,-24,1425,1026,39,360
01/09/2020,DAERAH ISTIMEWA YOGYAKARTA,20,0,10,10,1445,1036,39,370
02/09/2020,DAERAH ISTIMEWA YOGYAKARTA,29,2,25,2,1474,1061,41,372
03/09/2020,DAERAH ISTIMEWA YOGYAKARTA,33,2,14,17,1507,1075,43,389
04/09/2020,DAERAH ISTIMEWA YOGYAKARTA,18,1,21,-4,1525,1096,44,385
05/09/2020,DAERAH ISTIMEWA YOGYAKARTA,21,1,20,0,1546,1116,45,385
06/09/2020,DAERAH ISTIMEWA YOGYAKARTA,11,1,41,-31,1557,1157,46,354
07/09/2020,DAERAH ISTIMEWA YOGYAKARTA,14,0,32,-18,1571,1189,46,336
08/09/2020,DAERAH ISTIMEWA YOGYAKARTA,24,1,27,-4,1595,1216,47,332
09/09/2020,DAERAH ISTIMEWA YOGYAKARTA,50,1,52,-3,1645,1268,48,329
10/09/2020,DAERAH ISTIMEWA YOGYAKARTA,50,1,30,19,1695,1298,49,348
11/09/2020,DAERAH ISTIMEWA YOGYAKARTA,49,1,15,33,1744,1313,50,381
12/09/2020,DAERAH ISTIMEWA YOGYAKARTA,43,0,12,31,1787,1325,50,412
13/09/2020,DAERAH ISTIMEWA YOGYAKARTA,49,2,7,40,1836,1332,52,452
14/09/2020,DAERAH ISTIMEWA YOGYAKARTA,33,1,23,9,1869,1355,53,461
15/09/2020,DAERAH ISTIMEWA YOGYAKARTA,26,0,15,11,1895,1370,53,472
16/09/2020,DAERAH ISTIMEWA YOGYAKARTA,48,0,50,-2,1943,1420,53,470
17/09/2020,DAERAH ISTIMEWA YOGYAKARTA,41,0,20,21,1984,1440,53,491
18/09/2020,DAERAH ISTIMEWA YOGYAKARTA,53,0,31,22,2037,1471,53,513
19/09/2020,DAERAH ISTIMEWA YOGYAKARTA,74,1,20,53,2111,1491,54,566
20/09/2020,DAERAH ISTIMEWA YOGYAKARTA,70,4,15,51,2181,1506,58,617
21/09/2020,DAERAH ISTIMEWA YOGYAKARTA,64,2,37,25,2245,1543,60,642
22/09/2020,DAERAH ISTIMEWA YOGYAKARTA,67,0,35,32,2312,1578,60,674
23/09/2020,DAERAH ISTIMEWA YOGYAKARTA,63,1,56,6,2375,1634,61,680
24/09/2020,DAERAH ISTIMEWA YOGYAKARTA,22,3,18,1,2397,1652,64,681
25/09/2020,DAERAH ISTIMEWA YOGYAKARTA,61,0,25,36,2458,1677,64,717
26/09/2020,DAERAH ISTIMEWA YOGYAKARTA,41,0,40,1,2499,1717,64,718
27/09/2020,DAERAH ISTIMEWA YOGYAKARTA,20,1,26,-7,2519,1743,65,711
28/09/2020,DAERAH ISTIMEWA YOGYAKARTA,39,0,53,-14,2558,1796,65,697
29/09/2020,DAERAH ISTIMEWA YOGYAKARTA,49,2,59,-12,2607,1855,67,685
30/09/2020,DAERAH ISTIMEWA YOGYAKARTA,36,0,29,7,2643,1884,67,692
01/10/2020,DAERAH ISTIMEWA YOGYAKARTA,37,2,49,-14,2680,1933,69,678
02/10/2020,DAERAH ISTIMEWA YOGYAKARTA,20,4,23,-7,2700,1956,73,671
03/10/2020,DAERAH ISTIMEWA YOGYAKARTA,72,1,19,52,2772,1975,74,723
04/10/2020,DAERAH ISTIMEWA YOGYAKARTA,19,1,70,-52,2791,2045,75,671
05/10/2020,DAERAH ISTIMEWA YOGYAKARTA,22,0,76,-54,2813,2121,75,617
06/10/2020,DAERAH ISTIMEWA YOGYAKARTA,20,0,40,-20,2833,2161,75,597
07/10/2020,DAERAH ISTIMEWA YOGYAKARTA,20,0,20,0,2853,2181,75,597
08/10/2020,DAERAH ISTIMEWA YOGYAKARTA,51,1,9,41,2904,2190,76,638
09/10/2020,DAERAH ISTIMEWA YOGYAKARTA,56,2,31,23,2960,2221,78,661
10/10/2020,DAERAH ISTIMEWA YOGYAKARTA,69,0,13,56,3029,2234,78,717
11/10/2020,DAERAH ISTIMEWA YOGYAKARTA,35,1,37,-3,3064,2271,79,714
12/10/2020,DAERAH ISTIMEWA YOGYAKARTA,43,1,83,-41,3107,2354,80,673
13/10/2020,DAERAH ISTIMEWA YOGYAKARTA,38,1,39,-2,3145,2393,81,671
14/10/2020,DAERAH ISTIMEWA YOGYAKARTA,26,2,20,4,3171,2413,83,675
15/10/2020,DAERAH ISTIMEWA YOGYAKARTA,45,2,55,-12,3216,2468,85,663
16/10/2020,DAERAH ISTIMEWA YOGYAKARTA,45,0,32,13,3261,2500,85,676
17/10/2020,DAERAH ISTIMEWA YOGYAKARTA,24,0,48,-24,3285,2548,85,652
18/10/2020,DAERAH ISTIMEWA YOGYAKARTA,40,1,64,-25,3325,2612,86,627
19/10/2020,DAERAH ISTIMEWA YOGYAKARTA,18,0,75,-57,3343,2687,86,570
20/10/2020,DAERAH ISTIMEWA YOGYAKARTA,13,0,51,-38,3356,2738,86,532
21/10/2020,DAERAH ISTIMEWA YOGYAKARTA,33,2,20,11,3389,2758,88,543
22/10/2020,DAERAH ISTIMEWA YOGYAKARTA,45,0,19,26,3434,2777,88,569
23/10/2020,DAERAH ISTIMEWA YOGYAKARTA,28,0,25,3,3462,2802,88,572
24/10/2020,DAERAH ISTIMEWA YOGYAKARTA,44,0,36,8,3506,2838,88,580
25/10/2020,DAERAH ISTIMEWA YOGYAKARTA,44,0,68,-24,3550,2906,88,556
26/10/2020,DAERAH ISTIMEWA YOGYAKARTA,26,0,29,-3,3576,2935,88,553
27/10/2020,DAERAH ISTIMEWA YOGYAKARTA,41,1,32,8,3617,2967,89,561
28/10/2020,DAERAH ISTIMEWA YOGYAKARTA,45,1,41,3,3662,3008,90,564
29/10/2020,DAERAH ISTIMEWA YOGYAKARTA,82,1,51,30,3744,3059,91,594
30/10/2020,DAERAH ISTIMEWA YOGYAKARTA,59,1,60,-2,3803,3119,92,592
31/10/2020,DAERAH ISTIMEWA YOGYAKARTA,32,1,23,8,3835,3142,93,600
01/11/2020,DAERAH ISTIMEWA YOGYAKARTA,16,0,13,3,3851,3155,93,603
02/11/2020,DAERAH ISTIMEWA YOGYAKARTA,32,1,49,-18,3883,3204,94,585
03/11/2020,DAERAH ISTIMEWA YOGYAKARTA,49,1,22,26,3932,3226,95,611
04/11/2020,DAERAH ISTIMEWA YOGYAKARTA,40,2,47,-9,3972,3273,97,602
05/11/2020,DAERAH ISTIMEWA YOGYAKARTA,168,2,30,136,4140,3303,99,738
06/11/2020,DAERAH ISTIMEWA YOGYAKARTA,25,1,31,-7,4165,3334,100,731
07/11/2020,DAERAH ISTIMEWA YOGYAKARTA,38,2,48,-12,4203,3382,102,719
08/11/2020,DAERAH ISTIMEWA YOGYAKARTA,34,1,32,1,4237,3414,103,720
09/11/2020,DAERAH ISTIMEWA YOGYAKARTA,32,2,62,-32,4269,3476,105,688
10/11/2020,DAERAH ISTIMEWA YOGYAKARTA,21,1,19,1,4290,3495,106,689
11/11/2020,DAERAH ISTIMEWA YOGYAKARTA,30,1,44,-15,4320,3539,107,674
12/11/2020,DAERAH ISTIMEWA YOGYAKARTA,79,3,24,52,4399,3563,110,726
13/11/2020,DAERAH ISTIMEWA YOGYAKARTA,61,2,29,30,4460,3592,112,756
14/11/2020,DAERAH ISTIMEWA YOGYAKARTA,51,1,23,27,4511,3615,113,783
15/11/2020,DAERAH ISTIMEWA YOGYAKARTA,7,1,7,-1,4518,3622,114,782
16/11/2020,DAERAH ISTIMEWA YOGYAKARTA,67,0,15,52,4585,3637,114,834
17/11/2020,DAERAH ISTIMEWA YOGYAKARTA,90,1,30,59,4675,3667,115,893
18/11/2020,DAERAH ISTIMEWA YOGYAKARTA,153,2,41,110,4828,3708,117,1003
19/11/2020,DAERAH ISTIMEWA YOGYAKARTA,108,0,50,58,4936,3758,117,1061
20/11/2020,DAERAH ISTIMEWA YOGYAKARTA,68,2,59,7,5004,3817,119,1068
21/11/2020,DAERAH ISTIMEWA YOGYAKARTA,56,2,27,27,5060,3844,121,1095
22/11/2020,DAERAH ISTIMEWA YOGYAKARTA,77,4,9,64,5137,3853,125,1159
23/11/2020,DAERAH ISTIMEWA YOGYAKARTA,82,2,100,-20,5219,3953,127,1139
24/11/2020,DAERAH ISTIMEWA YOGYAKARTA,84,6,40,38,5303,3993,133,1177
25/11/2020,DAERAH ISTIMEWA YOGYAKARTA,150,3,143,4,5453,4136,136,1181
26/11/2020,DAERAH ISTIMEWA YOGYAKARTA,103,1,61,41,5556,4197,137,1222
27/11/2020,DAERAH ISTIMEWA YOGYAKARTA,89,3,30,56,5645,4227,140,1278
28/11/2020,DAERAH ISTIMEWA YOGYAKARTA,138,4,53,81,5783,4280,144,1359
29/11/2020,DAERAH ISTIMEWA YOGYAKARTA,139,1,51,87,5922,4331,145,1446
30/11/2020,DAERAH ISTIMEWA YOGYAKARTA,41,0,66,-25,5963,4397,145,1421
01/12/2020,DAERAH ISTIMEWA YOGYAKARTA,110,1,68,41,6073,4465,146,1462
02/12/2020,DAERAH ISTIMEWA YOGYAKARTA,122,1,30,91,6195,4495,147,1553
03/12/2020,DAERAH ISTIMEWA YOGYAKARTA,189,1,77,111,6384,4572,148,1664
04/12/2020,DAERAH ISTIMEWA YOGYAKARTA,181,0,76,105,6565,4648,148,1769
05/12/2020,DAERAH ISTIMEWA YOGYAKARTA,167,2,84,81,6732,4732,150,1850
06/12/2020,DAERAH ISTIMEWA YOGYAKARTA,224,2,83,139,6956,4815,152,1989
07/12/2020,DAERAH ISTIMEWA YOGYAKARTA,99,0,59,40,7055,4874,152,2029
08/12/2020,DAERAH ISTIMEWA YOGYAKARTA,168,1,69,98,7223,4943,153,2127
09/12/2020,DAERAH ISTIMEWA YOGYAKARTA,198,2,218,-22,7421,5161,155,2105
10/12/2020,DAERAH ISTIMEWA YOGYAKARTA,191,7,104,80,7612,5265,162,2185
11/12/2020,DAERAH ISTIMEWA YOGYAKARTA,157,3,116,38,7769,5381,165,2223
12/12/2020,DAERAH ISTIMEWA YOGYAKARTA,227,1,99,127,7996,5480,166,2350
13/12/2020,DAERAH ISTIMEWA YOGYAKARTA,151,2,130,19,8147,5610,168,2369
14/12/2020,DAERAH ISTIMEWA YOGYAKARTA,111,1,57,53,8258,5667,169,2422
15/12/2020,DAERAH ISTIMEWA YOGYAKARTA,160,3,107,50,8418,5774,172,2472
16/12/2020,DAERAH ISTIMEWA YOGYAKARTA,218,3,71,144,8636,5845,175,2616
17/12/2020,DAERAH ISTIMEWA YOGYAKARTA,224,2,60,162,8860,5905,177,2778
18/12/2020,DAERAH ISTIMEWA YOGYAKARTA,211,2,199,10,9071,6104,179,2788
19/12/2020,DAERAH ISTIMEWA YOGYAKARTA,216,3,74,139,9287,6178,182,2927
20/12/2020,DAERAH ISTIMEWA YOGYAKARTA,210,8,203,-1,9497,6381,190,2926
21/12/2020,DAERAH ISTIMEWA YOGYAKARTA,186,7,175,4,9683,6556,197,2930
22/12/2020,DAERAH ISTIMEWA YOGYAKARTA,242,8,45,189,9925,6601,205,3119
23/12/2020,DAERAH ISTIMEWA YOGYAKARTA,219,1,146,72,10144,6747,206,3191
24/12/2020,DAERAH ISTIMEWA YOGYAKARTA,253,7,164,82,10397,6911,213,3273
25/12/2020,DAERAH ISTIMEWA YOGYAKARTA,256,12,155,89,10653,7066,225,3362
26/12/2020,DAERAH ISTIMEWA YOGYAKARTA,274,6,100,168,10927,7166,231,3530
27/12/2020,DAERAH ISTIMEWA YOGYAKARTA,183,3,149,31,11110,7315,234,3561
28/12/2020,DAERAH ISTIMEWA YOGYAKARTA,210,4,107,99,11320,7422,238,3660
29/12/2020,DAERAH ISTIMEWA YOGYAKARTA,282,10,295,-23,11602,7717,248,3637
30/12/2020,DAERAH ISTIMEWA YOGYAKARTA,296,11,339,-54,11898,8056,259,3583
31/12/2020,DAERAH ISTIMEWA YOGYAKARTA,257,0,119,138,12155,8175,259,3721
01/01/2021,DAERAH ISTIMEWA YOGYAKARTA,233,13,113,107,12388,8288,272,3828
02/01/2021,DAERAH ISTIMEWA YOGYAKARTA,291,2,217,72,12679,8505,274,3900
03/01/2021,DAERAH ISTIMEWA YOGYAKARTA,218,13,221,-16,12897,8726,287,3884
04/01/2021,DAERAH ISTIMEWA YOGYAKARTA,146,3,133,10,13043,8859,290,3894
05/01/2021,DAERAH ISTIMEWA YOGYAKARTA,297,3,45,249,13340,8904,293,4143
06/01/2021,DAERAH ISTIMEWA YOGYAKARTA,272,4,290,-22,13612,9194,297,4121
07/01/2021,DAERAH ISTIMEWA YOGYAKARTA,355,4,180,171,13967,9374,301,4292
08/01/2021,DAERAH ISTIMEWA YOGYAKARTA,379,7,147,225,14346,9521,308,4517
09/01/2021,DAERAH ISTIMEWA YOGYAKARTA,301,7,136,158,14647,9657,315,4675
10/01/2021,DAERAH ISTIMEWA YOGYAKARTA,282,9,234,39,14929,9891,324,4714
11/01/2021,DAERAH ISTIMEWA YOGYAKARTA,285,9,200,76,15214,10091,333,4790
12/01/2021,DAERAH ISTIMEWA YOGYAKARTA,268,3,150,115,15482,10241,336,4905
13/01/2021,DAERAH ISTIMEWA YOGYAKARTA,319,5,178,136,15801,10419,341,5041
14/01/2021,DAERAH ISTIMEWA YOGYAKARTA,291,8,128,155,16092,10547,349,5196
15/01/2021,DAERAH ISTIMEWA YOGYAKARTA,262,18,248,-4,16354,10795,367,5192
16/01/2021,DAERAH ISTIMEWA YOGYAKARTA,302,12,298,-8,16656,11093,379,5184
17/01/2021,DAERAH ISTIMEWA YOGYAKARTA,277,9,173,95,16933,11266,388,5279
18/01/2021,DAERAH ISTIMEWA YOGYAKARTA,295,6,287,2,17228,11553,394,5281
19/01/2021,DAERAH ISTIMEWA YOGYAKARTA,287,1,107,179,17515,11660,395,5460
20/01/2021,DAERAH ISTIMEWA YOGYAKARTA,287,13,188,86,17802,11848,408,5546
21/01/2021,DAERAH ISTIMEWA YOGYAKARTA,456,9,207,240,18258,12055,417,5786
22/01/2021,DAERAH ISTIMEWA YOGYAKARTA,478,5,374,99,18736,12429,422,5885
23/01/2021,DAERAH ISTIMEWA YOGYAKARTA,473,8,117,348,19209,12546,430,6233
24/01/2021,DAERAH ISTIMEWA YOGYAKARTA,210,9,186,15,19419,12732,439,6248
25/01/2021,DAERAH ISTIMEWA YOGYAKARTA,310,15,408,-113,19729,13140,454,6135
26/01/2021,DAERAH ISTIMEWA YOGYAKARTA,325,6,311,8,20054,13451,460,6143
27/01/2021,DAERAH ISTIMEWA YOGYAKARTA,427,15,383,29,20481,13834,475,6172
28/01/2021,DAERAH ISTIMEWA YOGYAKARTA,359,9,383,-33,20840,14217,484,6139
29/01/2021,DAERAH ISTIMEWA YOGYAKARTA,414,3,210,201,21254,14427,487,6340
30/01/2021,DAERAH ISTIMEWA YOGYAKARTA,317,7,262,48,21571,14689,494,6388
31/01/2021,DAERAH ISTIMEWA YOGYAKARTA,254,14,409,-169,21825,15098,508,6219
01/02/2021,DAERAH ISTIMEWA YOGYAKARTA,222,7,260,-45,22047,15358,515,6174
02/02/2021,DAERAH ISTIMEWA YOGYAKARTA,226,6,271,-51,22273,15629,521,6123
03/02/2021,DAERAH ISTIMEWA YOGYAKARTA,312,4,312,-4,22585,15941,525,6119
04/02/2021,DAERAH ISTIMEWA YOGYAKARTA,321,6,229,86,22906,16170,531,6205
05/02/2021,DAERAH ISTIMEWA YOGYAKARTA,280,2,164,114,23186,16334,533,6319
06/02/2021,DAERAH ISTIMEWA YOGYAKARTA,217,4,266,-53,23403,16600,537,6266
07/02/2021,DAERAH ISTIMEWA YOGYAKARTA,145,3,215,-73,23548,16815,540,6193
08/02/2021,DAERAH ISTIMEWA YOGYAKARTA,206,13,255,-62,23754,17070,553,6131
09/02/2021,DAERAH ISTIMEWA YOGYAKARTA,228,4,328,-104,23982,17398,557,6027
10/02/2021,DAERAH ISTIMEWA YOGYAKARTA,291,7,257,27,24273,17655,564,6054
11/02/2021,DAERAH ISTIMEWA YOGYAKARTA,261,3,259,-1,24534,17914,567,6053
12/02/2021,DAERAH ISTIMEWA YOGYAKARTA,278,11,175,92,24812,18089,578,6145
13/02/2021,DAERAH ISTIMEWA YOGYAKARTA,113,9,370,-266,24925,18459,587,5879
14/02/2021,DAERAH ISTIMEWA YOGYAKARTA,108,9,247,-148,25033,18706,596,5731
15/02/2021,DAERAH ISTIMEWA YOGYAKARTA,135,5,139,-9,25168,18845,601,5722
16/02/2021,DAERAH ISTIMEWA YOGYAKARTA,165,5,262,-102,25333,19107,606,5620
17/02/2021,DAERAH ISTIMEWA YOGYAKARTA,229,3,227,-1,25562,19334,609,5619
18/02/2021,DAERAH ISTIMEWA YOGYAKARTA,255,11,118,126,25817,19452,620,5745
19/02/2021,DAERAH ISTIMEWA YOGYAKARTA,263,4,259,0,26080,19711,624,5745
20/02/2021,DAERAH ISTIMEWA YOGYAKARTA,201,5,128,68,26281,19839,629,5813
21/02/2021,DAERAH ISTIMEWA YOGYAKARTA,175,8,257,-90,26456,20096,637,5723
22/02/2021,DAERAH ISTIMEWA YOGYAKARTA,138,7,227,-96,26594,20323,644,5627
23/02/2021,DAERAH ISTIMEWA YOGYAKARTA,228,10,242,-24,26822,20565,654,5603
24/02/2021,DAERAH ISTIMEWA YOGYAKARTA,201,6,253,-58,27023,20818,660,5545
25/02/2021,DAERAH ISTIMEWA YOGYAKARTA,228,3,256,-31,27251,21074,663,5514
26/02/2021,DAERAH ISTIMEWA YOGYAKARTA,174,4,223,-53,27425,21297,667,5461
27/02/2021,DAERAH ISTIMEWA YOGYAKARTA,228,7,218,3,27653,21515,674,5464
28/02/2021,DAERAH ISTIMEWA YOGYAKARTA,170,4,259,-93,27823,21774,678,5371
01/03/2021,DAERAH ISTIMEWA YOGYAKARTA,144,4,274,-134,27967,22048,682,5237
02/03/2021,DAERAH ISTIMEWA YOGYAKARTA,150,4,266,-120,28117,22314,686,5117
03/03/2021,DAERAH ISTIMEWA YOGYAKARTA,229,7,160,62,28346,22474,693,5179
04/03/2021,DAERAH ISTIMEWA YOGYAKARTA,228,5,280,-57,28574,22754,698,5122
05/03/2021,DAERAH ISTIMEWA YOGYAKARTA,175,0,95,80,28749,22849,698,5202
06/03/2021,DAERAH ISTIMEWA YOGYAKARTA,89,5,249,-165,28838,23098,703,5037
07/03/2021,DAERAH ISTIMEWA YOGYAKARTA,149,4,105,40,28987,23203,707,5077
08/03/2021,DAERAH ISTIMEWA YOGYAKARTA,167,6,161,0,29154,23364,713,5077
09/03/2021,DAERAH ISTIMEWA YOGYAKARTA,176,2,190,-16,29330,23554,715,5061
10/03/2021,DAERAH ISTIMEWA YOGYAKARTA,178,6,141,31,29508,23695,721,5092
11/03/2021,DAERAH ISTIMEWA YOGYAKARTA,128,1,295,-168,29636,23990,722,4924
12/03/2021,DAERAH ISTIMEWA YOGYAKARTA,203,0,170,33,29839,24160,722,4957
13/03/2021,DAERAH ISTIMEWA YOGYAKARTA,188,3,259,-74,30027,24419,725,4883
14/03/2021,DAERAH ISTIMEWA YOGYAKARTA,90,4,266,-180,30117,24685,729,4703
15/03/2021,DAERAH ISTIMEWA YOGYAKARTA,140,3,151,-14,30257,24836,732,4689
16/03/2021,DAERAH ISTIMEWA YOGYAKARTA,170,6,211,-47,30427,25047,738,4642
17/03/2021,DAERAH ISTIMEWA YOGYAKARTA,270,1,74,195,30697,25121,739,4837
18/03/2021,DAERAH ISTIMEWA YOGYAKARTA,257,6,125,126,30954,25246,745,4963
19/03/2021,DAERAH ISTIMEWA YOGYAKARTA,161,3,200,-42,31115,25446,748,4921
20/03/2021,DAERAH ISTIMEWA YOGYAKARTA,242,5,100,137,31357,25546,753,5058
21/03/2021,DAERAH ISTIMEWA YOGYAKARTA,95,4,60,31,31452,25606,757,5089
22/03/2021,DAERAH ISTIMEWA YOGYAKARTA,143,4,174,-35,31595,25780,761,5054
23/03/2021,DAERAH ISTIMEWA YOGYAKARTA,205,3,220,-18,31800,26000,764,5036
24/03/2021,DAERAH ISTIMEWA YOGYAKARTA,254,4,150,100,32054,26150,768,5136
25/03/2021,DAERAH ISTIMEWA YOGYAKARTA,258,1,193,64,32312,26343,769,5200
26/03/2021,DAERAH ISTIMEWA YOGYAKARTA,232,8,140,84,32544,26483,777,5284
27/03/2021,DAERAH ISTIMEWA YOGYAKARTA,140,11,200,-71,32684,26683,788,5213
28/03/2021,DAERAH ISTIMEWA YOGYAKARTA,127,6,179,-58,32811,26862,794,5155
29/03/2021,DAERAH ISTIMEWA YOGYAKARTA,106,6,172,-72,32917,27034,800,5083
30/03/2021,DAERAH ISTIMEWA YOGYAKARTA,283,5,238,40,33200,27272,805,5123
31/03/2021,DAERAH ISTIMEWA YOGYAKARTA,272,4,231,37,33472,27503,809,5160
01/04/2021,DAERAH ISTIMEWA YOGYAKARTA,176,5,280,-109,33648,27783,814,5051
02/04/2021,DAERAH ISTIMEWA YOGYAKARTA,254,3,165,86,33902,27948,817,5137
03/04/2021,DAERAH ISTIMEWA YOGYAKARTA,118,7,231,-120,34020,28179,824,5017
04/04/2021,DAERAH ISTIMEWA YOGYAKARTA,123,2,183,-62,34143,28362,826,4955
05/04/2021,DAERAH ISTIMEWA YOGYAKARTA,135,1,227,-93,34278,28589,827,4862
06/04/2021,DAERAH ISTIMEWA YOGYAKARTA,233,7,207,19,34511,28796,834,4881
07/04/2021,DAERAH ISTIMEWA YOGYAKARTA,272,1,200,71,34783,28996,835,4952
08/04/2021,DAERAH ISTIMEWA YOGYAKARTA,220,5,210,5,35003,29206,840,4957
09/04/2021,DAERAH ISTIMEWA YOGYAKARTA,222,6,151,65,35225,29357,846,5022
10/04/2021,DAERAH ISTIMEWA YOGYAKARTA,230,7,177,46,35455,29534,853,5068
11/04/2021,DAERAH ISTIMEWA YOGYAKARTA,130,6,203,-79,35585,29737,859,4989
12/04/2021,DAERAH ISTIMEWA YOGYAKARTA,131,3,265,-137,35716,30002,862,4852
13/04/2021,DAERAH ISTIMEWA YOGYAKARTA,232,7,231,-6,35948,30233,869,4846
14/04/2021,DAERAH ISTIMEWA YOGYAKARTA,292,5,290,-3,36240,30523,874,4843
15/04/2021,DAERAH ISTIMEWA YOGYAKARTA,221,5,267,-51,36461,30790,879,4792
16/04/2021,DAERAH ISTIMEWA YOGYAKARTA,218,6,201,11,36679,30991,885,4803
17/04/2021,DAERAH ISTIMEWA YOGYAKARTA,158,9,281,-132,36837,31272,894,4671
18/04/2021,DAERAH ISTIMEWA YOGYAKARTA,143,6,225,-88,36980,31497,900,4583
19/04/2021,DAERAH ISTIMEWA YOGYAKARTA,170,6,168,-4,37150,31665,906,4579
20/04/2021,DAERAH ISTIMEWA YOGYAKARTA,210,4,243,-37,37360,31908,910,4542
21/04/2021,DAERAH ISTIMEWA YOGYAKARTA,229,9,242,-22,37589,32150,919,4520
22/04/2021,DAERAH ISTIMEWA YOGYAKARTA,257,8,274,-25,37846,32424,927,4495
23/04/2021,DAERAH ISTIMEWA YOGYAKARTA,137,5,260,-128,37983,32684,932,4367
24/04/2021,DAERAH ISTIMEWA YOGYAKARTA,149,4,262,-117,38132,32946,936,4250
25/04/2021,DAERAH ISTIMEWA YOGYAKARTA,223,5,251,-33,38355,33197,941,4217
26/04/2021,DAERAH ISTIMEWA YOGYAKARTA,184,2,225,-43,38539,33422,943,4174
27/04/2021,DAERAH ISTIMEWA YOGYAKARTA,164,5,212,-53,38703,33634,948,4121
28/04/2021,DAERAH ISTIMEWA YOGYAKARTA,292,5,201,86,38995,33835,953,4207
29/04/2021,DAERAH ISTIMEWA YOGYAKARTA,259,2,313,-56,39254,34148,955,4151
30/04/2021,DAERAH ISTIMEWA YOGYAKARTA,262,1,257,4,39516,34405,956,4155
01/05/2021,DAERAH ISTIMEWA YOGYAKARTA,128,4,330,-206,39644,34735,960,3949
02/05/2021,DAERAH ISTIMEWA YOGYAKARTA,180,5,308,-133,39824,35043,965,3816
03/05/2021,DAERAH ISTIMEWA YOGYAKARTA,157,5,332,-180,39981,35375,970,3636
04/05/2021,DAERAH ISTIMEWA YOGYAKARTA,159,11,254,-106,40140,35629,981,3530
05/05/2021,DAERAH ISTIMEWA YOGYAKARTA,232,6,261,-35,40372,35890,987,3495
06/05/2021,DAERAH ISTIMEWA YOGYAKARTA,229,5,319,-95,40601,36209,992,3400
07/05/2021,DAERAH ISTIMEWA YOGYAKARTA,184,11,271,-98,40785,36480,1003,3302
08/05/2021,DAERAH ISTIMEWA YOGYAKARTA,137,10,261,-134,40922,36741,1013,3168
09/05/2021,DAERAH ISTIMEWA YOGYAKARTA,140,10,202,-72,41062,36943,1023,3096
10/05/2021,DAERAH ISTIMEWA YOGYAKARTA,142,5,215,-78,41204,37158,1028,3018
11/05/2021,DAERAH ISTIMEWA YOGYAKARTA,154,5,307,-158,41358,37465,1033,2860
12/05/2021,DAERAH ISTIMEWA YOGYAKARTA,217,8,232,-23,41575,37697,1041,2837
13/05/2021,DAERAH ISTIMEWA YOGYAKARTA,105,4,240,-139,41680,37937,1045,2698
14/05/2021,DAERAH ISTIMEWA YOGYAKARTA,97,13,165,-81,41777,38102,1058,2617
15/05/2021,DAERAH ISTIMEWA YOGYAKARTA,94,5,266,-177,41871,38368,1063,2440
16/05/2021,DAERAH ISTIMEWA YOGYAKARTA,135,5,158,-28,42006,38526,1068,2412
17/05/2021,DAERAH ISTIMEWA YOGYAKARTA,136,8,170,-42,42142,38696,1076,2370
18/05/2021,DAERAH ISTIMEWA YOGYAKARTA,155,3,212,-60,42297,38908,1079,2310
19/05/2021,DAERAH ISTIMEWA YOGYAKARTA,227,10,190,27,42524,39098,1089,2337
20/05/2021,DAERAH ISTIMEWA YOGYAKARTA,269,10,225,34,42793,39323,1099,2371
21/05/2021,DAERAH ISTIMEWA YOGYAKARTA,198,10,263,-75,42991,39586,1109,2296
22/05/2021,DAERAH ISTIMEWA YOGYAKARTA,138,6,212,-80,43129,39798,1115,2216
23/05/2021,DAERAH ISTIMEWA YOGYAKARTA,152,6,185,-39,43281,39983,1121,2177
24/05/2021,DAERAH ISTIMEWA YOGYAKARTA,149,7,200,-58,43430,40183,1128,2119
25/05/2021,DAERAH ISTIMEWA YOGYAKARTA,215,10,191,14,43645,40374,1138,2133
26/05/2021,DAERAH ISTIMEWA YOGYAKARTA,190,6,192,-8,43835,40566,1144,2125
27/05/2021,DAERAH ISTIMEWA YOGYAKARTA,186,7,204,-25,44021,40770,1151,2100
28/05/2021,DAERAH ISTIMEWA YOGYAKARTA,180,4,195,-19,44201,40965,1155,2081
29/05/2021,DAERAH ISTIMEWA YOGYAKARTA,211,9,169,33,44412,41134,1164,2114
30/05/2021,DAERAH ISTIMEWA YOGYAKARTA,176,12,167,-3,44588,41301,1176,2111
31/05/2021,DAERAH ISTIMEWA YOGYAKARTA,158,7,141,10,44746,41442,1183,2121
01/06/2021,DAERAH ISTIMEWA YOGYAKARTA,219,9,178,32,44965,41620,1192,2153
02/06/2021,DAERAH ISTIMEWA YOGYAKARTA,268,4,130,134,45233,41750,1196,2287
03/06/2021,DAERAH ISTIMEWA YOGYAKARTA,206,7,145,54,45439,41895,1203,2341
04/06/2021,DAERAH ISTIMEWA YOGYAKARTA,299,5,161,133,45738,42056,1208,2474
05/06/2021,DAERAH ISTIMEWA YOGYAKARTA,150,6,107,37,45888,42163,1214,2511
06/06/2021,DAERAH ISTIMEWA YOGYAKARTA,295,5,211,79,46183,42374,1219,2590
07/06/2021,DAERAH ISTIMEWA YOGYAKARTA,253,5,207,41,46436,42581,1224,2631
08/06/2021,DAERAH ISTIMEWA YOGYAKARTA,237,8,200,29,46673,42781,1232,2660
09/06/2021,DAERAH ISTIMEWA YOGYAKARTA,304,7,210,87,46977,42991,1239,2747
10/06/2021,DAERAH ISTIMEWA YOGYAKARTA,455,9,233,213,47432,43224,1248,2960
11/06/2021,DAERAH ISTIMEWA YOGYAKARTA,417,9,217,191,47849,43441,1257,3151
12/06/2021,DAERAH ISTIMEWA YOGYAKARTA,436,10,210,216,48285,43651,1267,3367
13/06/2021,DAERAH ISTIMEWA YOGYAKARTA,466,8,225,233,48751,43876,1275,3600
28/03/2020,KALIMANTAN UTARA,2,0,0,2,2,0,0,2
29/03/2020,KALIMANTAN UTARA,0,0,0,0,2,0,0,2
30/03/2020,KALIMANTAN UTARA,0,0,0,0,2,0,0,2
31/03/2020,KALIMANTAN UTARA,0,0,0,0,2,0,0,2
01/04/2020,KALIMANTAN UTARA,0,0,0,0,2,0,0,2
02/04/2020,KALIMANTAN UTARA,0,0,0,0,2,0,0,2
03/04/2020,KALIMANTAN UTARA,6,0,0,6,8,0,0,8
04/04/2020,KALIMANTAN UTARA,0,0,0,0,8,0,0,8
05/04/2020,KALIMANTAN UTARA,0,0,0,0,8,0,0,8
06/04/2020,KALIMANTAN UTARA,7,0,0,7,15,0,0,15
07/04/2020,KALIMANTAN UTARA,0,0,0,0,15,0,0,15
08/04/2020,KALIMANTAN UTARA,1,0,0,1,16,0,0,16
09/04/2020,KALIMANTAN UTARA,0,0,0,0,16,0,0,16
10/04/2020,KALIMANTAN UTARA,0,0,0,0,16,0,0,16
11/04/2020,KALIMANTAN UTARA,0,1,0,-1,16,0,1,15
12/04/2020,KALIMANTAN UTARA,0,0,0,0,16,0,1,15
13/04/2020,KALIMANTAN UTARA,0,0,0,0,16,0,1,15
14/04/2020,KALIMANTAN UTARA,0,0,0,0,16,0,1,15
15/04/2020,KALIMANTAN UTARA,4,0,1,3,20,1,1,18
16/04/2020,KALIMANTAN UTARA,8,0,1,7,28,2,1,25
17/04/2020,KALIMANTAN UTARA,19,0,0,19,47,2,1,44
18/04/2020,KALIMANTAN UTARA,3,0,0,3,50,2,1,47
19/04/2020,KALIMANTAN UTARA,19,0,0,19,69,2,1,66
20/04/2020,KALIMANTAN UTARA,4,0,0,4,73,2,1,70
21/04/2020,KALIMANTAN UTARA,4,0,0,4,77,2,1,74
22/04/2020,KALIMANTAN UTARA,0,0,0,0,77,2,1,74
23/04/2020,KALIMANTAN UTARA,0,0,0,0,77,2,1,74
24/04/2020,KALIMANTAN UTARA,0,0,0,0,77,2,1,74
25/04/2020,KALIMANTAN UTARA,6,0,0,6,83,2,1,80
26/04/2020,KALIMANTAN UTARA,6,0,0,6,89,2,1,86
27/04/2020,KALIMANTAN UTARA,1,0,0,1,90,2,1,87
28/04/2020,KALIMANTAN UTARA,2,0,0,2,92,2,1,89
29/04/2020,KALIMANTAN UTARA,0,0,2,-2,92,4,1,87
30/04/2020,KALIMANTAN UTARA,8,0,0,8,100,4,1,95
01/05/2020,KALIMANTAN UTARA,15,0,1,14,115,5,1,109
02/05/2020,KALIMANTAN UTARA,7,0,0,7,122,5,1,116
03/05/2020,KALIMANTAN UTARA,0,0,0,0,122,5,1,116
04/05/2020,KALIMANTAN UTARA,8,0,0,8,130,5,1,124
05/05/2020,KALIMANTAN UTARA,1,0,1,0,131,6,1,124
06/05/2020,KALIMANTAN UTARA,0,0,0,0,131,6,1,124
07/05/2020,KALIMANTAN UTARA,0,0,0,0,131,6,1,124
08/05/2020,KALIMANTAN UTARA,0,0,0,0,131,6,1,124
09/05/2020,KALIMANTAN UTARA,0,0,0,0,131,6,1,124
10/05/2020,KALIMANTAN UTARA,0,0,1,-1,131,7,1,123
11/05/2020,KALIMANTAN UTARA,1,0,0,1,132,7,1,124
12/05/2020,KALIMANTAN UTARA,0,0,5,-5,132,12,1,119
13/05/2020,KALIMANTAN UTARA,6,0,6,0,138,18,1,119
14/05/2020,KALIMANTAN UTARA,0,0,2,-2,138,20,1,117
15/05/2020,KALIMANTAN UTARA,3,0,9,-6,141,29,1,111
16/05/2020,KALIMANTAN UTARA,12,0,12,0,153,41,1,111
17/05/2020,KALIMANTAN UTARA,2,0,0,2,155,41,1,113
18/05/2020,KALIMANTAN UTARA,0,0,5,-5,155,46,1,108
19/05/2020,KALIMANTAN UTARA,5,0,5,0,160,51,1,108
20/05/2020,KALIMANTAN UTARA,0,0,0,0,160,51,1,108
21/05/2020,KALIMANTAN UTARA,2,0,3,-1,162,54,1,107
22/05/2020,KALIMANTAN UTARA,1,0,3,-2,163,57,1,105
23/05/2020,KALIMANTAN UTARA,0,0,0,0,163,57,1,105
24/05/2020,KALIMANTAN UTARA,1,0,2,-1,164,59,1,104
25/05/2020,KALIMANTAN UTARA,0,0,7,-7,164,66,1,97
26/05/2020,KALIMANTAN UTARA,0,1,3,-4,164,69,2,93
27/05/2020,KALIMANTAN UTARA,1,0,0,1,165,69,2,94
28/05/2020,KALIMANTAN UTARA,0,0,1,-1,165,70,2,93
29/05/2020,KALIMANTAN UTARA,0,0,2,-2,165,72,2,91
30/05/2020,KALIMANTAN UTARA,0,0,0,0,165,72,2,91
31/05/2020,KALIMANTAN UTARA,0,0,0,0,165,72,2,91
01/06/2020,KALIMANTAN UTARA,0,0,8,-8,165,80,2,83
02/06/2020,KALIMANTAN UTARA,0,0,2,-2,165,82,2,81
03/06/2020,KALIMANTAN UTARA,0,0,7,-7,165,89,2,74
04/06/2020,KALIMANTAN UTARA,0,0,0,0,165,89,2,74
05/06/2020,KALIMANTAN UTARA,2,0,5,-3,167,94,2,71
06/06/2020,KALIMANTAN UTARA,1,0,14,-13,168,108,2,58
07/06/2020,KALIMANTAN UTARA,1,0,11,-10,169,119,2,48
08/06/2020,KALIMANTAN UTARA,0,0,10,-10,169,129,2,38
09/06/2020,KALIMANTAN UTARA,1,0,1,0,170,130,2,38
10/06/2020,KALIMANTAN UTARA,0,0,3,-3,170,133,2,35
11/06/2020,KALIMANTAN UTARA,0,0,2,-2,170,135,2,33
12/06/2020,KALIMANTAN UTARA,0,0,0,0,170,135,2,33
13/06/2020,KALIMANTAN UTARA,0,0,2,-2,170,137,2,31
14/06/2020,KALIMANTAN UTARA,0,0,0,0,170,137,2,31
15/06/2020,KALIMANTAN UTARA,0,0,0,0,170,137,2,31
16/06/2020,KALIMANTAN UTARA,1,0,8,-7,171,145,2,24
17/06/2020,KALIMANTAN UTARA,0,0,0,0,171,145,2,24
18/06/2020,KALIMANTAN UTARA,0,0,2,-2,171,147,2,22
19/06/2020,KALIMANTAN UTARA,2,0,2,0,173,149,2,22
20/06/2020,KALIMANTAN UTARA,2,0,0,2,175,149,2,24
21/06/2020,KALIMANTAN UTARA,1,0,0,1,176,149,2,25
22/06/2020,KALIMANTAN UTARA,1,0,0,1,177,149,2,26
23/06/2020,KALIMANTAN UTARA,0,0,0,0,177,149,2,26
24/06/2020,KALIMANTAN UTARA,2,0,2,0,179,151,2,26
25/06/2020,KALIMANTAN UTARA,9,0,0,9,188,151,2,35
26/06/2020,KALIMANTAN UTARA,9,0,0,9,197,151,2,44
27/06/2020,KALIMANTAN UTARA,4,0,3,1,201,154,2,45
28/06/2020,KALIMANTAN UTARA,0,0,3,-3,201,157,2,42
29/06/2020,KALIMANTAN UTARA,3,0,0,3,204,157,2,45
30/06/2020,KALIMANTAN UTARA,2,0,2,0,206,159,2,45
01/07/2020,KALIMANTAN UTARA,0,0,5,-5,206,164,2,40
02/07/2020,KALIMANTAN UTARA,0,0,1,-1,206,165,2,39
03/07/2020,KALIMANTAN UTARA,0,0,6,-6,206,171,2,33
04/07/2020,KALIMANTAN UTARA,0,0,3,-3,206,174,2,30
05/07/2020,KALIMANTAN UTARA,0,0,0,0,206,174,2,30
06/07/2020,KALIMANTAN UTARA,0,0,0,0,206,174,2,30
07/07/2020,KALIMANTAN UTARA,0,0,3,-3,206,177,2,27
08/07/2020,KALIMANTAN UTARA,0,0,1,-1,206,178,2,26
09/07/2020,KALIMANTAN UTARA,8,0,9,-1,214,187,2,25
10/07/2020,KALIMANTAN UTARA,0,0,1,-1,214,188,2,24
11/07/2020,KALIMANTAN UTARA,0,0,0,0,214,188,2,24
12/07/2020,KALIMANTAN UTARA,0,0,0,0,214,188,2,24
13/07/2020,KALIMANTAN UTARA,1,0,0,1,215,188,2,25
14/07/2020,KALIMANTAN UTARA,0,0,0,0,215,188,2,25
15/07/2020,KALIMANTAN UTARA,0,0,0,0,215,188,2,25
16/07/2020,KALIMANTAN UTARA,0,0,1,-1,215,189,2,24
17/07/2020,KALIMANTAN UTARA,1,0,2,-1,216,191,2,23
18/07/2020,KALIMANTAN UTARA,0,0,1,-1,216,192,2,22
19/07/2020,KALIMANTAN UTARA,0,0,0,0,216,192,2,22
20/07/2020,KALIMANTAN UTARA,1,0,17,-16,217,209,2,6
21/07/2020,KALIMANTAN UTARA,0,0,0,0,217,209,2,6
22/07/2020,KALIMANTAN UTARA,0,0,0,0,217,209,2,6
23/07/2020,KALIMANTAN UTARA,1,0,0,1,218,209,2,7
24/07/2020,KALIMANTAN UTARA,0,0,2,-2,218,211,2,5
25/07/2020,KALIMANTAN UTARA,48,0,1,47,266,212,2,52
26/07/2020,KALIMANTAN UTARA,0,0,0,0,266,212,2,52
27/07/2020,KALIMANTAN UTARA,0,0,2,-2,266,214,2,50
28/07/2020,KALIMANTAN UTARA,2,0,0,2,268,214,2,52
29/07/2020,KALIMANTAN UTARA,0,0,0,0,268,214,2,52
30/07/2020,KALIMANTAN UTARA,12,0,0,12,280,214,2,64
31/07/2020,KALIMANTAN UTARA,3,0,0,3,283,214,2,67
01/08/2020,KALIMANTAN UTARA,1,0,0,1,284,214,2,68
02/08/2020,KALIMANTAN UTARA,0,0,0,0,284,214,2,68
03/08/2020,KALIMANTAN UTARA,0,0,1,-1,284,215,2,67
04/08/2020,KALIMANTAN UTARA,3,0,50,-47,287,265,2,20
05/08/2020,KALIMANTAN UTARA,0,0,0,0,287,265,2,20
06/08/2020,KALIMANTAN UTARA,4,0,0,4,291,265,2,24
07/08/2020,KALIMANTAN UTARA,0,0,0,0,291,265,2,24
08/08/2020,KALIMANTAN UTARA,1,0,0,1,292,265,2,25
09/08/2020,KALIMANTAN UTARA,2,0,1,1,294,266,2,26
10/08/2020,KALIMANTAN UTARA,2,0,13,-11,296,279,2,15
11/08/2020,KALIMANTAN UTARA,3,0,0,3,299,279,2,18
12/08/2020,KALIMANTAN UTARA,4,0,0,4,303,279,2,22
13/08/2020,KALIMANTAN UTARA,9,0,7,2,312,286,2,24
14/08/2020,KALIMANTAN UTARA,0,0,0,0,312,286,2,24
15/08/2020,KALIMANTAN UTARA,13,0,0,13,325,286,2,37
16/08/2020,KALIMANTAN UTARA,3,0,0,3,328,286,2,40
17/08/2020,KALIMANTAN UTARA,1,0,2,-1,329,288,2,39
18/08/2020,KALIMANTAN UTARA,0,0,6,-6,329,294,2,33
19/08/2020,KALIMANTAN UTARA,3,0,4,-1,332,298,2,32
20/08/2020,KALIMANTAN UTARA,5,0,0,5,337,298,2,37
21/08/2020,KALIMANTAN UTARA,2,0,0,2,339,298,2,39
22/08/2020,KALIMANTAN UTARA,1,0,9,-8,340,307,2,31
23/08/2020,KALIMANTAN UTARA,9,0,4,5,349,311,2,36
24/08/2020,KALIMANTAN UTARA,8,0,3,5,357,314,2,41
25/08/2020,KALIMANTAN UTARA,3,0,2,1,360,316,2,42
26/08/2020,KALIMANTAN UTARA,1,0,2,-1,361,318,2,41
27/08/2020,KALIMANTAN UTARA,0,0,2,-2,361,320,2,39
28/08/2020,KALIMANTAN UTARA,12,0,3,9,373,323,2,48
29/08/2020,KALIMANTAN UTARA,6,0,1,5,379,324,2,53
30/08/2020,KALIMANTAN UTARA,3,0,1,2,382,325,2,55
31/08/2020,KALIMANTAN UTARA,2,0,4,-2,384,329,2,53
01/09/2020,KALIMANTAN UTARA,8,0,6,2,392,335,2,55
02/09/2020,KALIMANTAN UTARA,4,0,1,3,396,336,2,58
03/09/2020,KALIMANTAN UTARA,26,0,15,11,422,351,2,69
04/09/2020,KALIMANTAN UTARA,4,0,5,-1,426,356,2,68
05/09/2020,KALIMANTAN UTARA,9,0,3,6,435,359,2,74
06/09/2020,KALIMANTAN UTARA,8,0,0,8,443,359,2,82
07/09/2020,KALIMANTAN UTARA,5,0,1,4,448,360,2,86
08/09/2020,KALIMANTAN UTARA,7,0,7,0,455,367,2,86
09/09/2020,KALIMANTAN UTARA,1,0,1,0,456,368,2,86
10/09/2020,KALIMANTAN UTARA,2,0,6,-4,458,374,2,82
11/09/2020,KALIMANTAN UTARA,2,0,4,-2,460,378,2,80
12/09/2020,KALIMANTAN UTARA,5,1,1,3,465,379,3,83
13/09/2020,KALIMANTAN UTARA,4,0,6,-2,469,385,3,81
14/09/2020,KALIMANTAN UTARA,5,0,9,-4,474,394,3,77
15/09/2020,KALIMANTAN UTARA,5,0,0,5,479,394,3,82
16/09/2020,KALIMANTAN UTARA,2,0,10,-8,481,404,3,74
17/09/2020,KALIMANTAN UTARA,2,0,8,-6,483,412,3,68
18/09/2020,KALIMANTAN UTARA,2,0,4,-2,485,416,3,66
19/09/2020,KALIMANTAN UTARA,3,0,5,-2,488,421,3,64
20/09/2020,KALIMANTAN UTARA,1,0,0,1,489,421,3,65
21/09/2020,KALIMANTAN UTARA,3,0,2,1,492,423,3,66
22/09/2020,KALIMANTAN UTARA,11,0,6,5,503,429,3,71
23/09/2020,KALIMANTAN UTARA,29,0,4,25,532,433,3,96
24/09/2020,KALIMANTAN UTARA,18,0,1,17,550,434,3,113
25/09/2020,KALIMANTAN UTARA,6,1,14,-9,556,448,4,104
26/09/2020,KALIMANTAN UTARA,7,0,0,7,563,448,4,111
27/09/2020,KALIMANTAN UTARA,6,0,2,4,569,450,4,115
28/09/2020,KALIMANTAN UTARA,4,0,0,4,573,450,4,119
29/09/2020,KALIMANTAN UTARA,2,0,1,1,575,451,4,120
30/09/2020,KALIMANTAN UTARA,2,0,44,-42,577,495,4,78
01/10/2020,KALIMANTAN UTARA,6,0,7,-1,583,502,4,77
02/10/2020,KALIMANTAN UTARA,6,0,1,5,589,503,4,82
03/10/2020,KALIMANTAN UTARA,7,0,21,-14,596,524,4,68
04/10/2020,KALIMANTAN UTARA,7,1,4,2,603,528,5,70
05/10/2020,KALIMANTAN UTARA,2,0,3,-1,605,531,5,69
06/10/2020,KALIMANTAN UTARA,5,0,19,-14,610,550,5,55
07/10/2020,KALIMANTAN UTARA,13,0,3,10,623,553,5,65
08/10/2020,KALIMANTAN UTARA,6,0,2,4,629,555,5,69
09/10/2020,KALIMANTAN UTARA,3,0,4,-1,632,559,5,68
10/10/2020,KALIMANTAN UTARA,5,0,7,-2,637,566,5,66
11/10/2020,KALIMANTAN UTARA,8,0,2,6,645,568,5,72
12/10/2020,KALIMANTAN UTARA,4,0,0,4,649,568,5,76
13/10/2020,KALIMANTAN UTARA,13,0,6,7,662,574,5,83
14/10/2020,KALIMANTAN UTARA,11,0,10,1,673,584,5,84
15/10/2020,KALIMANTAN UTARA,0,0,4,-4,673,588,5,80
16/10/2020,KALIMANTAN UTARA,14,0,5,9,687,593,5,89
17/10/2020,KALIMANTAN UTARA,4,0,4,0,691,597,5,89
18/10/2020,KALIMANTAN UTARA,23,1,13,9,714,610,6,98
19/10/2020,KALIMANTAN UTARA,1,0,9,-8,715,619,6,90
20/10/2020,KALIMANTAN UTARA,0,0,0,0,715,619,6,90
21/10/2020,KALIMANTAN UTARA,20,1,9,10,735,628,7,100
22/10/2020,KALIMANTAN UTARA,17,0,5,12,752,633,7,112
23/10/2020,KALIMANTAN UTARA,9,0,12,-3,761,645,7,109
24/10/2020,KALIMANTAN UTARA,5,0,9,-4,766,654,7,105
25/10/2020,KALIMANTAN UTARA,14,0,8,6,780,662,7,111
26/10/2020,KALIMANTAN UTARA,2,0,2,0,782,664,7,111
27/10/2020,KALIMANTAN UTARA,9,0,8,1,791,672,7,112
28/10/2020,KALIMANTAN UTARA,14,0,7,7,805,679,7,119
29/10/2020,KALIMANTAN UTARA,9,0,4,5,814,683,7,124
30/10/2020,KALIMANTAN UTARA,7,0,0,7,821,683,7,131
31/10/2020,KALIMANTAN UTARA,1,0,18,-17,822,701,7,114
01/11/2020,KALIMANTAN UTARA,4,0,15,-11,826,716,7,103
02/11/2020,KALIMANTAN UTARA,3,1,6,-4,829,722,8,99
03/11/2020,KALIMANTAN UTARA,12,1,7,4,841,729,9,103
04/11/2020,KALIMANTAN UTARA,15,0,3,12,856,732,9,115
05/11/2020,KALIMANTAN UTARA,16,0,20,-4,872,752,9,111
06/11/2020,KALIMANTAN UTARA,7,1,7,-1,879,759,10,110
07/11/2020,KALIMANTAN UTARA,11,0,14,-3,890,773,10,107
08/11/2020,KALIMANTAN UTARA,3,0,10,-7,893,783,10,100
09/11/2020,KALIMANTAN UTARA,4,0,3,1,897,786,10,101
10/11/2020,KALIMANTAN UTARA,6,0,7,-1,903,793,10,100
11/11/2020,KALIMANTAN UTARA,12,0,9,3,915,802,10,103
12/11/2020,KALIMANTAN UTARA,13,1,0,12,928,802,11,115
13/11/2020,KALIMANTAN UTARA,6,0,7,-1,934,809,11,114
14/11/2020,KALIMANTAN UTARA,24,0,20,4,958,829,11,118
15/11/2020,KALIMANTAN UTARA,20,0,14,6,978,843,11,124
16/11/2020,KALIMANTAN UTARA,2,0,0,2,980,843,11,126
17/11/2020,KALIMANTAN UTARA,15,0,10,5,995,853,11,131
18/11/2020,KALIMANTAN UTARA,14,0,0,14,1009,853,11,145
19/11/2020,KALIMANTAN UTARA,0,0,3,-3,1009,856,11,142
20/11/2020,KALIMANTAN UTARA,48,0,1,47,1057,857,11,189
21/11/2020,KALIMANTAN UTARA,31,0,0,31,1088,857,11,220
22/11/2020,KALIMANTAN UTARA,48,4,15,29,1136,872,15,249
23/11/2020,KALIMANTAN UTARA,10,0,22,-12,1146,894,15,237
24/11/2020,KALIMANTAN UTARA,89,0,14,75,1235,908,15,312
25/11/2020,KALIMANTAN UTARA,48,0,1,47,1283,909,15,359
26/11/2020,KALIMANTAN UTARA,37,1,12,24,1320,921,16,383
27/11/2020,KALIMANTAN UTARA,57,1,10,46,1377,931,17,429
28/11/2020,KALIMANTAN UTARA,33,0,6,27,1410,937,17,456
29/11/2020,KALIMANTAN UTARA,31,0,12,19,1441,949,17,475
30/11/2020,KALIMANTAN UTARA,24,1,32,-9,1465,981,18,466
01/12/2020,KALIMANTAN UTARA,58,0,14,44,1523,995,18,510
02/12/2020,KALIMANTAN UTARA,69,0,21,48,1592,1016,18,558
03/12/2020,KALIMANTAN UTARA,30,0,6,24,1622,1022,18,582
04/12/2020,KALIMANTAN UTARA,32,0,48,-16,1654,1070,18,566
05/12/2020,KALIMANTAN UTARA,61,0,0,61,1715,1070,18,627
06/12/2020,KALIMANTAN UTARA,120,1,27,92,1835,1097,19,719
07/12/2020,KALIMANTAN UTARA,46,1,1,44,1881,1098,20,763
08/12/2020,KALIMANTAN UTARA,36,3,0,33,1917,1098,23,796
09/12/2020,KALIMANTAN UTARA,31,0,78,-47,1948,1176,23,749
10/12/2020,KALIMANTAN UTARA,58,1,0,57,2006,1176,24,806
11/12/2020,KALIMANTAN UTARA,71,1,0,70,2077,1176,25,876
12/12/2020,KALIMANTAN UTARA,85,1,15,69,2162,1191,26,945
13/12/2020,KALIMANTAN UTARA,44,0,62,-18,2206,1253,26,927
14/12/2020,KALIMANTAN UTARA,88,0,45,43,2294,1298,26,970
15/12/2020,KALIMANTAN UTARA,74,2,7,65,2368,1305,28,1035
16/12/2020,KALIMANTAN UTARA,95,0,8,87,2463,1313,28,1122
17/12/2020,KALIMANTAN UTARA,79,0,0,79,2542,1313,28,1201
18/12/2020,KALIMANTAN UTARA,85,2,76,7,2627,1389,30,1208
19/12/2020,KALIMANTAN UTARA,60,0,101,-41,2687,1490,30,1167
20/12/2020,KALIMANTAN UTARA,119,4,37,78,2806,1527,34,1245
21/12/2020,KALIMANTAN UTARA,99,0,0,99,2905,1527,34,1344
22/12/2020,KALIMANTAN UTARA,44,2,41,1,2949,1568,36,1345
23/12/2020,KALIMANTAN UTARA,87,0,0,87,3036,1568,36,1432
24/12/2020,KALIMANTAN UTARA,43,0,71,-28,3079,1639,36,1404
25/12/2020,KALIMANTAN UTARA,90,0,39,51,3169,1678,36,1455
26/12/2020,KALIMANTAN UTARA,56,0,0,56,3225,1678,36,1511
27/12/2020,KALIMANTAN UTARA,91,0,0,91,3316,1678,36,1602
28/12/2020,KALIMANTAN UTARA,202,4,10,188,3518,1688,40,1790
29/12/2020,KALIMANTAN UTARA,166,0,1,165,3684,1689,40,1955
30/12/2020,KALIMANTAN UTARA,56,17,330,-291,3740,2019,57,1664
31/12/2020,KALIMANTAN UTARA,54,0,27,27,3794,2046,57,1691
01/01/2021,KALIMANTAN UTARA,35,1,103,-69,3829,2149,58,1622
02/01/2021,KALIMANTAN UTARA,50,0,120,-70,3879,2269,58,1552
03/01/2021,KALIMANTAN UTARA,114,0,0,114,3993,2269,58,1666
04/01/2021,KALIMANTAN UTARA,166,0,1,165,4159,2270,58,1831
05/01/2021,KALIMANTAN UTARA,89,5,1,83,4248,2271,63,1914
06/01/2021,KALIMANTAN UTARA,205,0,123,82,4453,2394,63,1996
07/01/2021,KALIMANTAN UTARA,178,2,69,107,4631,2463,65,2103
08/01/2021,KALIMANTAN UTARA,63,0,1,62,4694,2464,65,2165
09/01/2021,KALIMANTAN UTARA,82,0,3,79,4776,2467,65,2244
10/01/2021,KALIMANTAN UTARA,67,0,0,67,4843,2467,65,2311
11/01/2021,KALIMANTAN UTARA,134,0,1,133,4977,2468,65,2444
12/01/2021,KALIMANTAN UTARA,162,0,0,162,5139,2468,65,2606
13/01/2021,KALIMANTAN UTARA,134,0,3,131,5273,2471,65,2737
14/01/2021,KALIMANTAN UTARA,79,0,0,79,5352,2471,65,2816
15/01/2021,KALIMANTAN UTARA,62,0,1,61,5414,2472,65,2877
16/01/2021,KALIMANTAN UTARA,191,0,0,191,5605,2472,65,3068
17/01/2021,KALIMANTAN UTARA,25,0,1,24,5630,2473,65,3092
18/01/2021,KALIMANTAN UTARA,40,0,0,40,5670,2473,65,3132
19/01/2021,KALIMANTAN UTARA,188,0,1,187,5858,2474,65,3319
20/01/2021,KALIMANTAN UTARA,191,1,0,190,6049,2474,66,3509
21/01/2021,KALIMANTAN UTARA,49,0,1,48,6098,2475,66,3557
22/01/2021,KALIMANTAN UTARA,84,0,78,6,6182,2553,66,3563
23/01/2021,KALIMANTAN UTARA,243,0,0,243,6425,2553,66,3806
24/01/2021,KALIMANTAN UTARA,76,0,0,76,6501,2553,66,3882
25/01/2021,KALIMANTAN UTARA,84,1,190,-107,6585,2743,67,3775
26/01/2021,KALIMANTAN UTARA,110,6,555,-451,6695,3298,73,3324
27/01/2021,KALIMANTAN UTARA,61,12,794,-745,6756,4092,85,2579
28/01/2021,KALIMANTAN UTARA,45,2,113,-70,6801,4205,87,2509
29/01/2021,KALIMANTAN UTARA,23,3,280,-260,6824,4485,90,2249
30/01/2021,KALIMANTAN UTARA,201,1,95,105,7025,4580,91,2354
31/01/2021,KALIMANTAN UTARA,15,0,0,15,7040,4580,91,2369
01/02/2021,KALIMANTAN UTARA,108,8,90,10,7148,4670,99,2379
02/02/2021,KALIMANTAN UTARA,114,1,183,-70,7262,4853,100,2309
03/02/2021,KALIMANTAN UTARA,278,5,55,218,7540,4908,105,2527
04/02/2021,KALIMANTAN UTARA,71,1,42,28,7611,4950,106,2555
05/02/2021,KALIMANTAN UTARA,50,1,35,14,7661,4985,107,2569
06/02/2021,KALIMANTAN UTARA,188,0,0,188,7849,4985,107,2757
07/02/2021,KALIMANTAN UTARA,63,0,0,63,7912,4985,107,2820
08/02/2021,KALIMANTAN UTARA,134,0,55,79,8046,5040,107,2899
09/02/2021,KALIMANTAN UTARA,104,0,0,104,8150,5040,107,3003
10/02/2021,KALIMANTAN UTARA,55,4,28,23,8205,5068,111,3026
11/02/2021,KALIMANTAN UTARA,63,0,237,-174,8268,5305,111,2852
12/02/2021,KALIMANTAN UTARA,65,6,157,-98,8333,5462,117,2754
13/02/2021,KALIMANTAN UTARA,139,0,0,139,8472,5462,117,2893
14/02/2021,KALIMANTAN UTARA,79,0,0,79,8551,5462,117,2972
15/02/2021,KALIMANTAN UTARA,185,6,63,116,8736,5525,123,3088
16/02/2021,KALIMANTAN UTARA,75,0,0,75,8811,5525,123,3163
17/02/2021,KALIMANTAN UTARA,60,1,11,48,8871,5536,124,3211
18/02/2021,KALIMANTAN UTARA,120,0,1,119,8991,5537,124,3330
19/02/2021,KALIMANTAN UTARA,60,0,73,-13,9051,5610,124,3317
20/02/2021,KALIMANTAN UTARA,20,0,90,-70,9071,5700,124,3247
21/02/2021,KALIMANTAN UTARA,11,0,0,11,9082,5700,124,3258
22/02/2021,KALIMANTAN UTARA,95,1,58,36,9177,5758,125,3294
23/02/2021,KALIMANTAN UTARA,193,8,362,-177,9370,6120,133,3117
24/02/2021,KALIMANTAN UTARA,8,8,923,-923,9378,7043,141,2194
25/02/2021,KALIMANTAN UTARA,47,1,117,-71,9425,7160,142,2123
26/02/2021,KALIMANTAN UTARA,12,3,49,-40,9437,7209,145,2083
27/02/2021,KALIMANTAN UTARA,185,0,1,184,9622,7210,145,2267
28/02/2021,KALIMANTAN UTARA,72,0,0,72,9694,7210,145,2339
01/03/2021,KALIMANTAN UTARA,112,0,73,39,9806,7283,145,2378
02/03/2021,KALIMANTAN UTARA,48,2,207,-161,9854,7490,147,2217
03/03/2021,KALIMANTAN UTARA,28,1,2,25,9882,7492,148,2242
04/03/2021,KALIMANTAN UTARA,65,1,67,-3,9947,7559,149,2239
05/03/2021,KALIMANTAN UTARA,30,2,167,-139,9977,7726,151,2100
06/03/2021,KALIMANTAN UTARA,61,0,35,26,10038,7761,151,2126
07/03/2021,KALIMANTAN UTARA,29,2,11,16,10067,7772,153,2142
08/03/2021,KALIMANTAN UTARA,40,1,160,-121,10107,7932,154,2021
09/03/2021,KALIMANTAN UTARA,75,0,122,-47,10182,8054,154,1974
10/03/2021,KALIMANTAN UTARA,34,1,214,-181,10216,8268,155,1793
11/03/2021,KALIMANTAN UTARA,46,2,102,-58,10262,8370,157,1735
12/03/2021,KALIMANTAN UTARA,137,0,357,-220,10399,8727,157,1515
13/03/2021,KALIMANTAN UTARA,2,0,43,-41,10401,8770,157,1474
14/03/2021,KALIMANTAN UTARA,32,1,5,26,10433,8775,158,1500
15/03/2021,KALIMANTAN UTARA,45,0,35,10,10478,8810,158,1510
16/03/2021,KALIMANTAN UTARA,37,3,40,-6,10515,8850,161,1504
17/03/2021,KALIMANTAN UTARA,69,1,53,15,10584,8903,162,1519
18/03/2021,KALIMANTAN UTARA,29,1,29,-1,10613,8932,163,1518
19/03/2021,KALIMANTAN UTARA,45,1,41,3,10658,8973,164,1521
20/03/2021,KALIMANTAN UTARA,45,0,26,19,10703,8999,164,1540
21/03/2021,KALIMANTAN UTARA,21,0,14,7,10724,9013,164,1547
22/03/2021,KALIMANTAN UTARA,106,0,8,98,10830,9021,164,1645
23/03/2021,KALIMANTAN UTARA,41,2,71,-32,10871,9092,166,1613
24/03/2021,KALIMANTAN UTARA,16,0,53,-37,10887,9145,166,1576
25/03/2021,KALIMANTAN UTARA,37,1,10,26,10924,9155,167,1602
26/03/2021,KALIMANTAN UTARA,48,1,62,-15,10972,9217,168,1587
27/03/2021,KALIMANTAN UTARA,27,2,18,7,10999,9235,170,1594
28/03/2021,KALIMANTAN UTARA,59,0,31,28,11058,9266,170,1622
29/03/2021,KALIMANTAN UTARA,15,1,6,8,11073,9272,171,1630
30/03/2021,KALIMANTAN UTARA,34,0,137,-103,11107,9409,171,1527
31/03/2021,KALIMANTAN UTARA,25,1,8,16,11132,9417,172,1543
01/04/2021,KALIMANTAN UTARA,22,2,25,-5,11154,9442,174,1538
02/04/2021,KALIMANTAN UTARA,16,0,38,-22,11170,9480,174,1516
03/04/2021,KALIMANTAN UTARA,62,1,31,30,11232,9511,175,1546
04/04/2021,KALIMANTAN UTARA,43,0,23,20,11275,9534,175,1566
05/04/2021,KALIMANTAN UTARA,7,1,3,3,11282,9537,176,1569
06/04/2021,KALIMANTAN UTARA,14,1,65,-52,11296,9602,177,1517
07/04/2021,KALIMANTAN UTARA,6,1,38,-33,11302,9640,178,1484
08/04/2021,KALIMANTAN UTARA,0,0,0,0,11302,9640,178,1484
09/04/2021,KALIMANTAN UTARA,42,1,66,-25,11344,9706,179,1459
10/04/2021,KALIMANTAN UTARA,27,0,11,16,11371,9717,179,1475
11/04/2021,KALIMANTAN UTARA,10,0,51,-41,11381,9768,179,1434
12/04/2021,KALIMANTAN UTARA,17,0,177,-160,11398,9945,179,1274
13/04/2021,KALIMANTAN UTARA,14,1,135,-122,11412,10080,180,1152
14/04/2021,KALIMANTAN UTARA,17,0,91,-74,11429,10171,180,1078
15/04/2021,KALIMANTAN UTARA,28,0,20,8,11457,10191,180,1086
16/04/2021,KALIMANTAN UTARA,7,1,10,-4,11464,10201,181,1082
17/04/2021,KALIMANTAN UTARA,15,0,21,-6,11479,10222,181,1076
18/04/2021,KALIMANTAN UTARA,55,0,14,41,11534,10236,181,1117
19/04/2021,KALIMANTAN UTARA,17,1,317,-301,11551,10553,182,816
20/04/2021,KALIMANTAN UTARA,24,4,229,-209,11575,10782,186,607
21/04/2021,KALIMANTAN UTARA,10,0,76,-66,11585,10858,186,541
22/04/2021,KALIMANTAN UTARA,24,0,13,11,11609,10871,186,552
23/04/2021,KALIMANTAN UTARA,19,0,14,5,11628,10885,186,557
24/04/2021,KALIMANTAN UTARA,11,0,2,9,11639,10887,186,566
25/04/2021,KALIMANTAN UTARA,16,0,25,-9,11655,10912,186,557
26/04/2021,KALIMANTAN UTARA,23,0,26,-3,11678,10938,186,554
27/04/2021,KALIMANTAN UTARA,24,0,40,-16,11702,10978,186,538
28/04/2021,KALIMANTAN UTARA,21,0,11,10,11723,10989,186,548
29/04/2021,KALIMANTAN UTARA,13,0,7,6,11736,10996,186,554
30/04/2021,KALIMANTAN UTARA,9,0,31,-22,11745,11027,186,532
01/05/2021,KALIMANTAN UTARA,7,0,7,0,11752,11034,186,532
02/05/2021,KALIMANTAN UTARA,34,0,1,33,11786,11035,186,565
03/05/2021,KALIMANTAN UTARA,18,0,44,-26,11804,11079,186,539
04/05/2021,KALIMANTAN UTARA,17,0,20,-3,11821,11099,186,536
05/05/2021,KALIMANTAN UTARA,3,2,13,-12,11824,11112,188,524
06/05/2021,KALIMANTAN UTARA,8,0,28,-20,11832,11140,188,504
07/05/2021,KALIMANTAN UTARA,16,0,18,-2,11848,11158,188,502
08/05/2021,KALIMANTAN UTARA,3,0,6,-3,11851,11164,188,499
09/05/2021,KALIMANTAN UTARA,16,0,9,7,11867,11173,188,506
10/05/2021,KALIMANTAN UTARA,4,0,28,-24,11871,11201,188,482
11/05/2021,KALIMANTAN UTARA,11,0,39,-28,11882,11240,188,454
12/05/2021,KALIMANTAN UTARA,0,0,4,-4,11882,11244,188,450
13/05/2021,KALIMANTAN UTARA,0,0,9,-9,11882,11253,188,441
14/05/2021,KALIMANTAN UTARA,9,0,0,9,11891,11253,188,450
15/05/2021,KALIMANTAN UTARA,3,0,7,-4,11894,11260,188,446
16/05/2021,KALIMANTAN UTARA,1,0,2,-1,11895,11262,188,445
17/05/2021,KALIMANTAN UTARA,4,0,14,-10,11899,11276,188,435
18/05/2021,KALIMANTAN UTARA,5,0,36,-31,11904,11312,188,404
19/05/2021,KALIMANTAN UTARA,38,0,13,25,11942,11325,188,429
20/05/2021,KALIMANTAN UTARA,33,0,3,30,11975,11328,188,459
21/05/2021,KALIMANTAN UTARA,30,0,2,28,12005,11330,188,487
22/05/2021,KALIMANTAN UTARA,33,0,15,18,12038,11345,188,505
23/05/2021,KALIMANTAN UTARA,46,1,10,35,12084,11355,189,540
24/05/2021,KALIMANTAN UTARA,52,0,0,52,12136,11355,189,592
25/05/2021,KALIMANTAN UTARA,34,1,11,22,12170,11366,190,614
26/05/2021,KALIMANTAN UTARA,13,0,1,12,12183,11367,190,626
27/05/2021,KALIMANTAN UTARA,4,0,14,-10,12187,11381,190,616
28/05/2021,KALIMANTAN UTARA,30,0,8,22,12217,11389,190,638
29/05/2021,KALIMANTAN UTARA,17,1,14,2,12234,11403,191,640
30/05/2021,KALIMANTAN UTARA,3,0,3,0,12237,11406,191,640
31/05/2021,KALIMANTAN UTARA,33,0,3,30,12270,11409,191,670
01/06/2021,KALIMANTAN UTARA,25,0,24,1,12295,11433,191,671
02/06/2021,KALIMANTAN UTARA,11,0,68,-57,12306,11501,191,614
03/06/2021,KALIMANTAN UTARA,17,0,38,-21,12323,11539,191,593
04/06/2021,KALIMANTAN UTARA,18,0,37,-19,12341,11576,191,574
05/06/2021,KALIMANTAN UTARA,24,0,2,22,12365,11578,191,596
06/06/2021,KALIMANTAN UTARA,11,0,47,-36,12376,11625,191,560
07/06/2021,KALIMANTAN UTARA,5,0,27,-22,12381,11652,191,538
08/06/2021,KALIMANTAN UTARA,9,1,9,-1,12390,11661,192,537
09/06/2021,KALIMANTAN UTARA,8,0,47,-39,12398,11708,192,498
10/06/2021,KALIMANTAN UTARA,20,0,26,-6,12418,11734,192,492
11/06/2021,KALIMANTAN UTARA,10,0,8,2,12428,11742,192,494
12/06/2021,KALIMANTAN UTARA,7,0,0,7,12435,11742,192,501
13/06/2021,KALIMANTAN UTARA,33,0,36,-3,12468,11778,192,498
19/03/2020,KEPULAUAN RIAU,1,1,0,0,1,0,1,0
20/03/2020,KEPULAUAN RIAU,0,0,0,0,1,0,1,0
21/03/2020,KEPULAUAN RIAU,0,0,0,0,1,0,1,0
22/03/2020,KEPULAUAN RIAU,0,0,0,0,1,0,1,0
23/03/2020,KEPULAUAN RIAU,0,0,0,0,1,0,1,0
24/03/2020,KEPULAUAN RIAU,0,0,0,0,1,0,1,0
25/03/2020,KEPULAUAN RIAU,0,0,0,0,1,0,1,0
26/03/2020,KEPULAUAN RIAU,0,0,0,0,1,0,1,0
27/03/2020,KEPULAUAN RIAU,0,0,0,0,1,0,1,0
28/03/2020,KEPULAUAN RIAU,1,0,2,-1,2,2,1,-1
29/03/2020,KEPULAUAN RIAU,0,0,0,0,2,2,1,-1
30/03/2020,KEPULAUAN RIAU,2,2,0,0,4,2,3,-1
31/03/2020,KEPULAUAN RIAU,1,0,0,1,5,2,3,0
01/04/2020,KEPULAUAN RIAU,0,0,0,0,5,2,3,0
02/04/2020,KEPULAUAN RIAU,2,1,2,-1,7,4,4,-1
03/04/2020,KEPULAUAN RIAU,2,0,0,2,9,4,4,1
04/04/2020,KEPULAUAN RIAU,0,0,0,0,9,4,4,1
05/04/2020,KEPULAUAN RIAU,1,0,0,1,10,4,4,2
06/04/2020,KEPULAUAN RIAU,0,0,0,0,10,4,4,2
07/04/2020,KEPULAUAN RIAU,0,0,0,0,10,4,4,2
08/04/2020,KEPULAUAN RIAU,0,0,0,0,10,4,4,2
09/04/2020,KEPULAUAN RIAU,11,0,0,11,21,4,4,13
10/04/2020,KEPULAUAN RIAU,0,0,0,0,21,4,4,13
11/04/2020,KEPULAUAN RIAU,0,2,0,-2,21,4,6,11
12/04/2020,KEPULAUAN RIAU,0,0,0,0,21,4,6,11
13/04/2020,KEPULAUAN RIAU,0,0,0,0,21,4,6,11
14/04/2020,KEPULAUAN RIAU,6,2,0,4,27,4,8,15
15/04/2020,KEPULAUAN RIAU,5,0,3,2,32,7,8,17
16/04/2020,KEPULAUAN RIAU,7,0,0,7,39,7,8,24
17/04/2020,KEPULAUAN RIAU,19,0,1,18,58,8,8,42
18/04/2020,KEPULAUAN RIAU,21,0,0,21,79,8,8,63
19/04/2020,KEPULAUAN RIAU,0,0,1,-1,79,9,8,62
20/04/2020,KEPULAUAN RIAU,0,1,1,-2,79,10,9,60
21/04/2020,KEPULAUAN RIAU,2,0,1,1,81,11,9,61
22/04/2020,KEPULAUAN RIAU,0,0,0,0,81,11,9,61
23/04/2020,KEPULAUAN RIAU,2,0,0,2,83,11,9,63
24/04/2020,KEPULAUAN RIAU,0,0,0,0,83,11,9,63
25/04/2020,KEPULAUAN RIAU,0,0,2,-2,83,13,9,61
26/04/2020,KEPULAUAN RIAU,2,0,0,2,85,13,9,63
27/04/2020,KEPULAUAN RIAU,1,0,0,1,86,13,9,64
28/04/2020,KEPULAUAN RIAU,3,0,0,3,89,13,9,67
29/04/2020,KEPULAUAN RIAU,0,0,4,-4,89,17,9,63
30/04/2020,KEPULAUAN RIAU,0,0,0,0,89,17,9,63
01/05/2020,KEPULAUAN RIAU,0,0,23,-23,89,40,9,40
02/05/2020,KEPULAUAN RIAU,0,0,11,-11,89,51,9,29
03/05/2020,KEPULAUAN RIAU,3,1,1,1,92,52,10,30
04/05/2020,KEPULAUAN RIAU,0,0,1,-1,92,53,10,29
05/05/2020,KEPULAUAN RIAU,5,0,6,-1,97,59,10,28
06/05/2020,KEPULAUAN RIAU,1,0,6,-5,98,65,10,23
07/05/2020,KEPULAUAN RIAU,0,0,4,-4,98,69,10,19
08/05/2020,KEPULAUAN RIAU,2,0,2,0,100,71,10,19
09/05/2020,KEPULAUAN RIAU,1,1,1,-1,101,72,11,18
10/05/2020,KEPULAUAN RIAU,0,0,1,-1,101,73,11,17
11/05/2020,KEPULAUAN RIAU,3,0,7,-4,104,80,11,13
12/05/2020,KEPULAUAN RIAU,2,0,1,1,106,81,11,14
13/05/2020,KEPULAUAN RIAU,5,0,0,5,111,81,11,19
14/05/2020,KEPULAUAN RIAU,0,0,0,0,111,81,11,19
15/05/2020,KEPULAUAN RIAU,4,0,3,1,115,84,11,20
16/05/2020,KEPULAUAN RIAU,1,0,0,1,116,84,11,21
17/05/2020,KEPULAUAN RIAU,0,1,0,-1,116,84,12,20
18/05/2020,KEPULAUAN RIAU,11,0,1,10,127,85,12,30
19/05/2020,KEPULAUAN RIAU,13,0,0,13,140,85,12,43
20/05/2020,KEPULAUAN RIAU,0,0,0,0,140,85,12,43
21/05/2020,KEPULAUAN RIAU,0,0,0,0,140,85,12,43
22/05/2020,KEPULAUAN RIAU,1,0,4,-3,141,89,12,40
23/05/2020,KEPULAUAN RIAU,8,1,1,6,149,90,13,46
24/05/2020,KEPULAUAN RIAU,4,0,0,4,153,90,13,50
25/05/2020,KEPULAUAN RIAU,0,0,0,0,153,90,13,50
26/05/2020,KEPULAUAN RIAU,0,1,1,-2,153,91,14,48
27/05/2020,KEPULAUAN RIAU,8,0,2,6,161,93,14,54
28/05/2020,KEPULAUAN RIAU,13,1,7,5,174,100,15,59
29/05/2020,KEPULAUAN RIAU,3,0,5,-2,177,105,15,57
30/05/2020,KEPULAUAN RIAU,18,0,0,18,195,105,15,75
31/05/2020,KEPULAUAN RIAU,0,1,0,-1,195,105,16,74
01/06/2020,KEPULAUAN RIAU,0,0,0,0,195,105,16,74
02/06/2020,KEPULAUAN RIAU,12,0,0,12,207,105,16,86
03/06/2020,KEPULAUAN RIAU,0,0,1,-1,207,106,16,85
04/06/2020,KEPULAUAN RIAU,11,0,1,10,218,107,16,95
05/06/2020,KEPULAUAN RIAU,3,0,11,-8,221,118,16,87
06/06/2020,KEPULAUAN RIAU,4,0,5,-1,225,123,16,86
07/06/2020,KEPULAUAN RIAU,1,0,0,1,226,123,16,87
08/06/2020,KEPULAUAN RIAU,1,0,3,-2,227,126,16,85
09/06/2020,KEPULAUAN RIAU,0,0,0,0,227,126,16,85
10/06/2020,KEPULAUAN RIAU,0,0,5,-5,227,131,16,80
11/06/2020,KEPULAUAN RIAU,10,0,0,10,237,131,16,90
12/06/2020,KEPULAUAN RIAU,0,0,10,-10,237,141,16,80
13/06/2020,KEPULAUAN RIAU,1,0,6,-5,238,147,16,75
14/06/2020,KEPULAUAN RIAU,0,0,13,-13,238,160,16,62
15/06/2020,KEPULAUAN RIAU,15,0,3,12,253,163,16,74
16/06/2020,KEPULAUAN RIAU,0,0,2,-2,253,165,16,72
17/06/2020,KEPULAUAN RIAU,9,0,10,-1,262,175,16,71
18/06/2020,KEPULAUAN RIAU,1,0,0,1,263,175,16,72
19/06/2020,KEPULAUAN RIAU,2,0,10,-8,265,185,16,64
20/06/2020,KEPULAUAN RIAU,1,0,1,0,266,186,16,64
21/06/2020,KEPULAUAN RIAU,13,0,0,13,279,186,16,77
22/06/2020,KEPULAUAN RIAU,2,0,10,-8,281,196,16,69
23/06/2020,KEPULAUAN RIAU,0,0,1,-1,281,197,16,68
24/06/2020,KEPULAUAN RIAU,3,0,1,2,284,198,16,70
25/06/2020,KEPULAUAN RIAU,7,0,12,-5,291,210,16,65
26/06/2020,KEPULAUAN RIAU,0,0,11,-11,291,221,16,54
27/06/2020,KEPULAUAN RIAU,0,0,17,-17,291,238,16,37
28/06/2020,KEPULAUAN RIAU,2,0,2,0,293,240,16,37
29/06/2020,KEPULAUAN RIAU,0,0,3,-3,293,243,16,34
30/06/2020,KEPULAUAN RIAU,0,0,2,-2,293,245,16,32
01/07/2020,KEPULAUAN RIAU,9,0,1,8,302,246,16,40
02/07/2020,KEPULAUAN RIAU,5,0,11,-6,307,257,16,34
03/07/2020,KEPULAUAN RIAU,3,0,4,-1,310,261,16,33
04/07/2020,KEPULAUAN RIAU,1,0,0,1,311,261,16,34
05/07/2020,KEPULAUAN RIAU,2,0,4,-2,313,265,16,32
06/07/2020,KEPULAUAN RIAU,0,0,0,0,313,265,16,32
07/07/2020,KEPULAUAN RIAU,0,0,5,-5,313,270,16,27
08/07/2020,KEPULAUAN RIAU,5,0,12,-7,318,282,16,20
09/07/2020,KEPULAUAN RIAU,3,0,0,3,321,282,16,23
10/07/2020,KEPULAUAN RIAU,0,0,4,-4,321,286,16,19
11/07/2020,KEPULAUAN RIAU,6,0,7,-1,327,293,16,18
12/07/2020,KEPULAUAN RIAU,5,0,1,4,332,294,16,22
13/07/2020,KEPULAUAN RIAU,0,0,1,-1,332,295,16,21
14/07/2020,KEPULAUAN RIAU,5,0,1,4,337,296,16,25
15/07/2020,KEPULAUAN RIAU,4,0,5,-1,341,301,16,24
16/07/2020,KEPULAUAN RIAU,0,0,0,0,341,301,16,24
17/07/2020,KEPULAUAN RIAU,0,0,0,0,341,301,16,24
18/07/2020,KEPULAUAN RIAU,3,0,0,3,344,301,16,27
19/07/2020,KEPULAUAN RIAU,1,0,0,1,345,301,16,28
20/07/2020,KEPULAUAN RIAU,1,0,2,-1,346,303,16,27
21/07/2020,KEPULAUAN RIAU,0,0,0,0,346,303,16,27
22/07/2020,KEPULAUAN RIAU,4,0,1,3,350,304,16,30
23/07/2020,KEPULAUAN RIAU,0,0,4,-4,350,308,16,26
24/07/2020,KEPULAUAN RIAU,2,0,9,-7,352,317,16,19
25/07/2020,KEPULAUAN RIAU,3,0,1,2,355,318,16,21
26/07/2020,KEPULAUAN RIAU,1,1,0,0,356,318,17,21
27/07/2020,KEPULAUAN RIAU,2,0,0,2,358,318,17,23
28/07/2020,KEPULAUAN RIAU,8,1,6,1,366,324,18,24
29/07/2020,KEPULAUAN RIAU,8,1,0,7,374,324,19,31
30/07/2020,KEPULAUAN RIAU,0,0,0,0,374,324,19,31
31/07/2020,KEPULAUAN RIAU,77,1,0,76,451,324,20,107
01/08/2020,KEPULAUAN RIAU,41,0,0,41,492,324,20,148
02/08/2020,KEPULAUAN RIAU,2,0,0,2,494,324,20,150
03/08/2020,KEPULAUAN RIAU,0,0,0,0,494,324,20,150
04/08/2020,KEPULAUAN RIAU,0,0,0,0,494,324,20,150
05/08/2020,KEPULAUAN RIAU,7,3,0,4,501,324,23,154
06/08/2020,KEPULAUAN RIAU,0,0,0,0,501,324,23,154
07/08/2020,KEPULAUAN RIAU,17,0,1,16,518,325,23,170
08/08/2020,KEPULAUAN RIAU,9,0,0,9,527,325,23,179
09/08/2020,KEPULAUAN RIAU,8,1,0,7,535,325,24,186
10/08/2020,KEPULAUAN RIAU,21,0,2,19,556,327,24,205
11/08/2020,KEPULAUAN RIAU,16,0,6,10,572,333,24,215
12/08/2020,KEPULAUAN RIAU,27,1,0,26,599,333,25,241
13/08/2020,KEPULAUAN RIAU,15,1,31,-17,614,364,26,224
14/08/2020,KEPULAUAN RIAU,12,0,18,-6,626,382,26,218
15/08/2020,KEPULAUAN RIAU,22,1,5,16,648,387,27,234
16/08/2020,KEPULAUAN RIAU,10,1,2,7,658,389,28,241
17/08/2020,KEPULAUAN RIAU,12,0,8,4,670,397,28,245
18/08/2020,KEPULAUAN RIAU,0,0,0,0,670,397,28,245
19/08/2020,KEPULAUAN RIAU,15,0,10,5,685,407,28,250
20/08/2020,KEPULAUAN RIAU,1,2,11,-12,686,418,30,238
21/08/2020,KEPULAUAN RIAU,23,1,30,-8,709,448,31,230
22/08/2020,KEPULAUAN RIAU,0,1,0,-1,709,448,32,229
23/08/2020,KEPULAUAN RIAU,39,2,17,20,748,465,34,249
24/08/2020,KEPULAUAN RIAU,11,0,3,8,759,468,34,257
25/08/2020,KEPULAUAN RIAU,10,1,48,-39,769,516,35,218
26/08/2020,KEPULAUAN RIAU,7,0,11,-4,776,527,35,214
27/08/2020,KEPULAUAN RIAU,50,3,6,41,826,533,38,255
28/08/2020,KEPULAUAN RIAU,41,0,6,35,867,539,38,290
29/08/2020,KEPULAUAN RIAU,35,2,13,20,902,552,40,310
30/08/2020,KEPULAUAN RIAU,1,0,0,1,903,552,40,311
31/08/2020,KEPULAUAN RIAU,88,1,23,64,991,575,41,375
01/09/2020,KEPULAUAN RIAU,27,0,0,27,1018,575,41,402
02/09/2020,KEPULAUAN RIAU,47,0,6,41,1065,581,41,443
03/09/2020,KEPULAUAN RIAU,37,0,8,29,1102,589,41,472
04/09/2020,KEPULAUAN RIAU,65,0,9,56,1167,598,41,528
05/09/2020,KEPULAUAN RIAU,17,0,1,16,1184,599,41,544
06/09/2020,KEPULAUAN RIAU,0,0,0,0,1184,599,41,544
07/09/2020,KEPULAUAN RIAU,53,2,52,-1,1237,651,43,543
08/09/2020,KEPULAUAN RIAU,24,1,6,17,1261,657,44,560
09/09/2020,KEPULAUAN RIAU,52,0,1,51,1313,658,44,611
10/09/2020,KEPULAUAN RIAU,28,1,1,26,1341,659,45,637
11/09/2020,KEPULAUAN RIAU,17,0,70,-53,1358,729,45,584
12/09/2020,KEPULAUAN RIAU,21,4,37,-20,1379,766,49,564
13/09/2020,KEPULAUAN RIAU,33,0,2,31,1412,768,49,595
14/09/2020,KEPULAUAN RIAU,19,0,75,-56,1431,843,49,539
15/09/2020,KEPULAUAN RIAU,8,0,25,-17,1439,868,49,522
16/09/2020,KEPULAUAN RIAU,21,0,9,12,1460,877,49,534
17/09/2020,KEPULAUAN RIAU,34,0,1,33,1494,878,49,567
18/09/2020,KEPULAUAN RIAU,88,4,279,-195,1582,1157,53,372
19/09/2020,KEPULAUAN RIAU,46,1,18,27,1628,1175,54,399
20/09/2020,KEPULAUAN RIAU,12,1,0,11,1640,1175,55,410
21/09/2020,KEPULAUAN RIAU,85,0,0,85,1725,1175,55,495
22/09/2020,KEPULAUAN RIAU,23,0,6,17,1748,1181,55,512
23/09/2020,KEPULAUAN RIAU,117,0,19,98,1865,1200,55,610
24/09/2020,KEPULAUAN RIAU,11,0,16,-5,1876,1216,55,605
25/09/2020,KEPULAUAN RIAU,147,0,13,134,2023,1229,55,739
26/09/2020,KEPULAUAN RIAU,92,0,65,27,2115,1294,55,766
27/09/2020,KEPULAUAN RIAU,56,0,1,55,2171,1295,55,821
28/09/2020,KEPULAUAN RIAU,12,0,104,-92,2183,1399,55,729
29/09/2020,KEPULAUAN RIAU,17,0,15,2,2200,1414,55,731
30/09/2020,KEPULAUAN RIAU,34,0,3,31,2234,1417,55,762
01/10/2020,KEPULAUAN RIAU,16,0,1,15,2250,1418,55,777
02/10/2020,KEPULAUAN RIAU,23,0,9,14,2273,1427,55,791
03/10/2020,KEPULAUAN RIAU,33,0,31,2,2306,1458,55,793
04/10/2020,KEPULAUAN RIAU,37,1,1,35,2343,1459,56,828
05/10/2020,KEPULAUAN RIAU,39,3,85,-49,2382,1544,59,779
06/10/2020,KEPULAUAN RIAU,29,0,44,-15,2411,1588,59,764
07/10/2020,KEPULAUAN RIAU,10,0,100,-90,2421,1688,59,674
08/10/2020,KEPULAUAN RIAU,29,1,132,-104,2450,1820,60,570
09/10/2020,KEPULAUAN RIAU,0,0,0,0,2450,1820,60,570
10/10/2020,KEPULAUAN RIAU,75,0,133,-58,2525,1953,60,512
11/10/2020,KEPULAUAN RIAU,22,1,44,-23,2547,1997,61,489
12/10/2020,KEPULAUAN RIAU,72,0,43,29,2619,2040,61,518
13/10/2020,KEPULAUAN RIAU,22,0,53,-31,2641,2093,61,487
14/10/2020,KEPULAUAN RIAU,20,6,1,13,2661,2094,67,500
15/10/2020,KEPULAUAN RIAU,38,1,67,-30,2699,2161,68,470
16/10/2020,KEPULAUAN RIAU,69,0,70,-1,2768,2231,68,469
17/10/2020,KEPULAUAN RIAU,0,1,0,-1,2768,2231,69,468
18/10/2020,KEPULAUAN RIAU,68,1,35,32,2836,2266,70,500
19/10/2020,KEPULAUAN RIAU,47,1,1,45,2883,2267,71,545
20/10/2020,KEPULAUAN RIAU,32,2,78,-48,2915,2345,73,497
21/10/2020,KEPULAUAN RIAU,97,1,0,96,3012,2345,74,593
22/10/2020,KEPULAUAN RIAU,0,0,0,0,3012,2345,74,593
23/10/2020,KEPULAUAN RIAU,114,7,26,81,3126,2371,81,674
24/10/2020,KEPULAUAN RIAU,81,6,34,41,3207,2405,87,715
25/10/2020,KEPULAUAN RIAU,155,1,52,102,3362,2457,88,817
26/10/2020,KEPULAUAN RIAU,138,3,67,68,3500,2524,91,885
27/10/2020,KEPULAUAN RIAU,103,0,0,103,3603,2524,91,988
28/10/2020,KEPULAUAN RIAU,135,1,22,112,3738,2546,92,1100
29/10/2020,KEPULAUAN RIAU,163,2,23,138,3901,2569,94,1238
30/10/2020,KEPULAUAN RIAU,67,1,35,31,3968,2604,95,1269
31/10/2020,KEPULAUAN RIAU,40,0,56,-16,4008,2660,95,1253
01/11/2020,KEPULAUAN RIAU,17,0,3,14,4025,2663,95,1267
02/11/2020,KEPULAUAN RIAU,22,0,107,-85,4047,2770,95,1182
03/11/2020,KEPULAUAN RIAU,64,1,0,63,4111,2770,96,1245
04/11/2020,KEPULAUAN RIAU,34,0,31,3,4145,2801,96,1248
05/11/2020,KEPULAUAN RIAU,44,1,68,-25,4189,2869,97,1223
06/11/2020,KEPULAUAN RIAU,42,0,26,16,4231,2895,97,1239
07/11/2020,KEPULAUAN RIAU,43,4,28,11,4274,2923,101,1250
08/11/2020,KEPULAUAN RIAU,84,5,82,-3,4358,3005,106,1247
09/11/2020,KEPULAUAN RIAU,28,5,49,-26,4386,3054,111,1221
10/11/2020,KEPULAUAN RIAU,0,0,0,0,4386,3054,111,1221
11/11/2020,KEPULAUAN RIAU,158,0,16,142,4544,3070,111,1363
12/11/2020,KEPULAUAN RIAU,97,5,0,92,4641,3070,116,1455
13/11/2020,KEPULAUAN RIAU,74,1,65,8,4715,3135,117,1463
14/11/2020,KEPULAUAN RIAU,21,0,114,-93,4736,3249,117,1370
15/11/2020,KEPULAUAN RIAU,0,1,132,-133,4736,3381,118,1237
16/11/2020,KEPULAUAN RIAU,2,2,0,0,4738,3381,120,1237
17/11/2020,KEPULAUAN RIAU,1,1,102,-102,4739,3483,121,1135
18/11/2020,KEPULAUAN RIAU,0,0,2,-2,4739,3485,121,1133
19/11/2020,KEPULAUAN RIAU,21,0,1,20,4760,3486,121,1153
20/11/2020,KEPULAUAN RIAU,7,0,3,4,4767,3489,121,1157
21/11/2020,KEPULAUAN RIAU,0,0,0,0,4767,3489,121,1157
22/11/2020,KEPULAUAN RIAU,174,0,0,174,4941,3489,121,1331
23/11/2020,KEPULAUAN RIAU,273,0,13,260,5214,3502,121,1591
24/11/2020,KEPULAUAN RIAU,45,0,3,42,5259,3505,121,1633
25/11/2020,KEPULAUAN RIAU,28,7,388,-367,5287,3893,128,1266
26/11/2020,KEPULAUAN RIAU,18,2,109,-93,5305,4002,130,1173
27/11/2020,KEPULAUAN RIAU,46,3,32,11,5351,4034,133,1184
28/11/2020,KEPULAUAN RIAU,26,0,54,-28,5377,4088,133,1156
29/11/2020,KEPULAUAN RIAU,67,3,46,18,5444,4134,136,1174
30/11/2020,KEPULAUAN RIAU,14,0,12,2,5458,4146,136,1176
01/12/2020,KEPULAUAN RIAU,33,0,39,-6,5491,4185,136,1170
02/12/2020,KEPULAUAN RIAU,32,1,0,31,5523,4185,137,1201
03/12/2020,KEPULAUAN RIAU,77,0,223,-146,5600,4408,137,1055
04/12/2020,KEPULAUAN RIAU,56,0,0,56,5656,4408,137,1111
05/12/2020,KEPULAUAN RIAU,86,0,147,-61,5742,4555,137,1050
06/12/2020,KEPULAUAN RIAU,113,4,77,32,5855,4632,141,1082
07/12/2020,KEPULAUAN RIAU,45,5,16,24,5900,4648,146,1106
08/12/2020,KEPULAUAN RIAU,50,3,10,37,5950,4658,149,1143
09/12/2020,KEPULAUAN RIAU,12,0,1,11,5962,4659,149,1154
10/12/2020,KEPULAUAN RIAU,72,0,29,43,6034,4688,149,1197
11/12/2020,KEPULAUAN RIAU,45,1,301,-257,6079,4989,150,940
12/12/2020,KEPULAUAN RIAU,59,0,146,-87,6138,5135,150,853
13/12/2020,KEPULAUAN RIAU,78,3,54,21,6216,5189,153,874
14/12/2020,KEPULAUAN RIAU,97,2,53,42,6313,5242,155,916
15/12/2020,KEPULAUAN RIAU,20,0,21,-1,6333,5263,155,915
16/12/2020,KEPULAUAN RIAU,53,2,68,-17,6386,5331,157,898
17/12/2020,KEPULAUAN RIAU,82,0,18,64,6468,5349,157,962
18/12/2020,KEPULAUAN RIAU,11,2,29,-20,6479,5378,159,942
19/12/2020,KEPULAUAN RIAU,49,0,35,14,6528,5413,159,956
20/12/2020,KEPULAUAN RIAU,0,0,69,-69,6528,5482,159,887
21/12/2020,KEPULAUAN RIAU,154,0,9,145,6682,5491,159,1032
22/12/2020,KEPULAUAN RIAU,33,2,56,-25,6715,5547,161,1007
23/12/2020,KEPULAUAN RIAU,45,0,73,-28,6760,5620,161,979
24/12/2020,KEPULAUAN RIAU,17,1,108,-92,6777,5728,162,887
25/12/2020,KEPULAUAN RIAU,78,1,43,34,6855,5771,163,921
26/12/2020,KEPULAUAN RIAU,15,2,50,-37,6870,5821,165,884
27/12/2020,KEPULAUAN RIAU,8,0,12,-4,6878,5833,165,880
28/12/2020,KEPULAUAN RIAU,33,3,74,-44,6911,5907,168,836
29/12/2020,KEPULAUAN RIAU,22,3,42,-23,6933,5949,171,813
30/12/2020,KEPULAUAN RIAU,35,0,43,-8,6968,5992,171,805
31/12/2020,KEPULAUAN RIAU,27,0,62,-35,6995,6054,171,770
01/01/2021,KEPULAUAN RIAU,19,1,8,10,7014,6062,172,780
02/01/2021,KEPULAUAN RIAU,19,0,98,-79,7033,6160,172,701
03/01/2021,KEPULAUAN RIAU,13,0,21,-8,7046,6181,172,693
04/01/2021,KEPULAUAN RIAU,63,0,54,9,7109,6235,172,702
05/01/2021,KEPULAUAN RIAU,30,2,55,-27,7139,6290,174,675
06/01/2021,KEPULAUAN RIAU,25,0,58,-33,7164,6348,174,642
07/01/2021,KEPULAUAN RIAU,22,2,8,12,7186,6356,176,654
08/01/2021,KEPULAUAN RIAU,26,0,50,-24,7212,6406,176,630
09/01/2021,KEPULAUAN RIAU,60,1,100,-41,7272,6506,177,589
10/01/2021,KEPULAUAN RIAU,34,0,39,-5,7306,6545,177,584
11/01/2021,KEPULAUAN RIAU,19,0,23,-4,7325,6568,177,580
12/01/2021,KEPULAUAN RIAU,32,2,30,0,7357,6598,179,580
13/01/2021,KEPULAUAN RIAU,28,2,16,10,7385,6614,181,590
14/01/2021,KEPULAUAN RIAU,51,1,62,-12,7436,6676,182,578
15/01/2021,KEPULAUAN RIAU,26,1,14,11,7462,6690,183,589
16/01/2021,KEPULAUAN RIAU,63,0,4,59,7525,6694,183,648
17/01/2021,KEPULAUAN RIAU,29,2,31,-4,7554,6725,185,644
18/01/2021,KEPULAUAN RIAU,85,2,24,59,7639,6749,187,703
19/01/2021,KEPULAUAN RIAU,30,0,31,-1,7669,6780,187,702
20/01/2021,KEPULAUAN RIAU,34,1,28,5,7703,6808,188,707
21/01/2021,KEPULAUAN RIAU,30,2,21,7,7733,6829,190,714
22/01/2021,KEPULAUAN RIAU,60,2,21,37,7793,6850,192,751
23/01/2021,KEPULAUAN RIAU,15,0,15,0,7808,6865,192,751
24/01/2021,KEPULAUAN RIAU,23,0,64,-41,7831,6929,192,710
25/01/2021,KEPULAUAN RIAU,32,0,3,29,7863,6932,192,739
26/01/2021,KEPULAUAN RIAU,28,1,30,-3,7891,6962,193,736
27/01/2021,KEPULAUAN RIAU,18,1,25,-8,7909,6987,194,728
28/01/2021,KEPULAUAN RIAU,37,2,21,14,7946,7008,196,742
29/01/2021,KEPULAUAN RIAU,27,0,22,5,7973,7030,196,747
30/01/2021,KEPULAUAN RIAU,26,0,59,-33,7999,7089,196,714
31/01/2021,KEPULAUAN RIAU,100,2,33,65,8099,7122,198,779
01/02/2021,KEPULAUAN RIAU,50,3,10,37,8149,7132,201,816
02/02/2021,KEPULAUAN RIAU,26,2,172,-148,8175,7304,203,668
03/02/2021,KEPULAUAN RIAU,19,0,0,19,8194,7304,203,687
04/02/2021,KEPULAUAN RIAU,36,0,53,-17,8230,7357,203,670
05/02/2021,KEPULAUAN RIAU,25,0,161,-136,8255,7518,203,534
06/02/2021,KEPULAUAN RIAU,19,1,33,-15,8274,7551,204,519
07/02/2021,KEPULAUAN RIAU,31,0,51,-20,8305,7602,204,499
08/02/2021,KEPULAUAN RIAU,10,0,67,-57,8315,7669,204,442
09/02/2021,KEPULAUAN RIAU,51,4,32,15,8366,7701,208,457
10/02/2021,KEPULAUAN RIAU,37,0,80,-43,8403,7781,208,414
11/02/2021,KEPULAUAN RIAU,25,0,33,-8,8428,7814,208,406
12/02/2021,KEPULAUAN RIAU,11,0,69,-58,8439,7883,208,348
13/02/2021,KEPULAUAN RIAU,20,1,7,12,8459,7890,209,360
14/02/2021,KEPULAUAN RIAU,33,0,17,16,8492,7907,209,376
15/02/2021,KEPULAUAN RIAU,8,0,1,7,8500,7908,209,383
16/02/2021,KEPULAUAN RIAU,14,0,7,7,8514,7915,209,390
17/02/2021,KEPULAUAN RIAU,13,1,3,9,8527,7918,210,399
18/02/2021,KEPULAUAN RIAU,25,0,108,-83,8552,8026,210,316
19/02/2021,KEPULAUAN RIAU,11,2,71,-62,8563,8097,212,254
20/02/2021,KEPULAUAN RIAU,17,2,30,-15,8580,8127,214,239
21/02/2021,KEPULAUAN RIAU,24,3,22,-1,8604,8149,217,238
22/02/2021,KEPULAUAN RIAU,22,0,21,1,8626,8170,217,239
23/02/2021,KEPULAUAN RIAU,16,0,1,15,8642,8171,217,254
24/02/2021,KEPULAUAN RIAU,15,1,19,-5,8657,8190,218,249
25/02/2021,KEPULAUAN RIAU,8,0,75,-67,8665,8265,218,182
26/02/2021,KEPULAUAN RIAU,19,0,14,5,8684,8279,218,187
27/02/2021,KEPULAUAN RIAU,11,0,7,4,8695,8286,218,191
28/02/2021,KEPULAUAN RIAU,7,1,4,2,8702,8290,219,193
01/03/2021,KEPULAUAN RIAU,13,1,20,-8,8715,8310,220,185
02/03/2021,KEPULAUAN RIAU,9,0,12,-3,8724,8322,220,182
03/03/2021,KEPULAUAN RIAU,6,0,19,-13,8730,8341,220,169
04/03/2021,KEPULAUAN RIAU,12,0,17,-5,8742,8358,220,164
05/03/2021,KEPULAUAN RIAU,19,0,17,2,8761,8375,220,166
06/03/2021,KEPULAUAN RIAU,13,0,18,-5,8774,8393,220,161
07/03/2021,KEPULAUAN RIAU,13,0,17,-4,8787,8410,220,157
08/03/2021,KEPULAUAN RIAU,17,1,3,13,8804,8413,221,170
09/03/2021,KEPULAUAN RIAU,3,0,22,-19,8807,8435,221,151
10/03/2021,KEPULAUAN RIAU,14,0,20,-6,8821,8455,221,145
11/03/2021,KEPULAUAN RIAU,18,0,9,9,8839,8464,221,154
12/03/2021,KEPULAUAN RIAU,3,0,13,-10,8842,8477,221,144
13/03/2021,KEPULAUAN RIAU,4,1,5,-2,8846,8482,222,142
14/03/2021,KEPULAUAN RIAU,27,0,8,19,8873,8490,222,161
15/03/2021,KEPULAUAN RIAU,4,1,3,0,8877,8493,223,161
16/03/2021,KEPULAUAN RIAU,2,0,22,-20,8879,8515,223,141
17/03/2021,KEPULAUAN RIAU,37,1,4,32,8916,8519,224,173
18/03/2021,KEPULAUAN RIAU,8,1,18,-11,8924,8537,225,162
19/03/2021,KEPULAUAN RIAU,19,0,4,15,8943,8541,225,177
20/03/2021,KEPULAUAN RIAU,12,0,3,9,8955,8544,225,186
21/03/2021,KEPULAUAN RIAU,5,0,15,-10,8960,8559,225,176
22/03/2021,KEPULAUAN RIAU,33,1,25,7,8993,8584,226,183
23/03/2021,KEPULAUAN RIAU,15,0,6,9,9008,8590,226,192
24/03/2021,KEPULAUAN RIAU,31,1,1,29,9039,8591,227,221
25/03/2021,KEPULAUAN RIAU,42,0,21,21,9081,8612,227,242
26/03/2021,KEPULAUAN RIAU,17,2,17,-2,9098,8629,229,240
27/03/2021,KEPULAUAN RIAU,25,0,1,24,9123,8630,229,264
28/03/2021,KEPULAUAN RIAU,20,0,8,12,9143,8638,229,276
29/03/2021,KEPULAUAN RIAU,11,0,2,9,9154,8640,229,285
30/03/2021,KEPULAUAN RIAU,8,0,38,-30,9162,8678,229,255
31/03/2021,KEPULAUAN RIAU,23,0,4,19,9185,8682,229,274
01/04/2021,KEPULAUAN RIAU,31,0,18,13,9216,8700,229,287
02/04/2021,KEPULAUAN RIAU,32,1,34,-3,9248,8734,230,284
03/04/2021,KEPULAUAN RIAU,56,0,43,13,9304,8777,230,297
04/04/2021,KEPULAUAN RIAU,10,0,0,10,9314,8777,230,307
05/04/2021,KEPULAUAN RIAU,44,0,5,39,9358,8782,230,346
06/04/2021,KEPULAUAN RIAU,23,0,17,6,9381,8799,230,352
07/04/2021,KEPULAUAN RIAU,34,1,21,12,9415,8820,231,364
08/04/2021,KEPULAUAN RIAU,26,2,18,6,9441,8838,233,370
09/04/2021,KEPULAUAN RIAU,58,1,5,52,9499,8843,234,422
10/04/2021,KEPULAUAN RIAU,25,1,29,-5,9524,8872,235,417
11/04/2021,KEPULAUAN RIAU,38,0,7,31,9562,8879,235,448
12/04/2021,KEPULAUAN RIAU,24,2,49,-27,9586,8928,237,421
13/04/2021,KEPULAUAN RIAU,87,1,22,64,9673,8950,238,485
14/04/2021,KEPULAUAN RIAU,45,0,15,30,9718,8965,238,515
15/04/2021,KEPULAUAN RIAU,129,0,10,119,9847,8975,238,634
16/04/2021,KEPULAUAN RIAU,66,2,12,52,9913,8987,240,686
17/04/2021,KEPULAUAN RIAU,69,0,37,32,9982,9024,240,718
18/04/2021,KEPULAUAN RIAU,88,0,2,86,10070,9026,240,804
19/04/2021,KEPULAUAN RIAU,26,1,71,-46,10096,9097,241,758
20/04/2021,KEPULAUAN RIAU,86,0,36,50,10182,9133,241,808
21/04/2021,KEPULAUAN RIAU,60,2,17,41,10242,9150,243,849
22/04/2021,KEPULAUAN RIAU,85,1,32,52,10327,9182,244,901
23/04/2021,KEPULAUAN RIAU,50,0,21,29,10377,9203,244,930
24/04/2021,KEPULAUAN RIAU,101,2,38,61,10478,9241,246,991
25/04/2021,KEPULAUAN RIAU,148,1,171,-24,10626,9412,247,967
26/04/2021,KEPULAUAN RIAU,137,4,147,-14,10763,9559,251,953
27/04/2021,KEPULAUAN RIAU,75,2,20,53,10838,9579,253,1006
28/04/2021,KEPULAUAN RIAU,105,2,20,83,10943,9599,255,1089
29/04/2021,KEPULAUAN RIAU,118,1,37,80,11061,9636,256,1169
30/04/2021,KEPULAUAN RIAU,114,0,12,102,11175,9648,256,1271
01/05/2021,KEPULAUAN RIAU,180,1,111,68,11355,9759,257,1339
02/05/2021,KEPULAUAN RIAU,145,0,8,137,11500,9767,257,1476
03/05/2021,KEPULAUAN RIAU,153,0,0,153,11653,9767,257,1629
04/05/2021,KEPULAUAN RIAU,134,3,173,-42,11787,9940,260,1587
05/05/2021,KEPULAUAN RIAU,94,0,111,-17,11881,10051,260,1570
06/05/2021,KEPULAUAN RIAU,253,11,89,153,12134,10140,271,1723
07/05/2021,KEPULAUAN RIAU,94,0,33,61,12228,10173,271,1784
08/05/2021,KEPULAUAN RIAU,112,0,19,93,12340,10192,271,1877
09/05/2021,KEPULAUAN RIAU,92,0,311,-219,12432,10503,271,1658
10/05/2021,KEPULAUAN RIAU,109,0,82,27,12541,10585,271,1685
11/05/2021,KEPULAUAN RIAU,147,2,132,13,12688,10717,273,1698
12/05/2021,KEPULAUAN RIAU,125,0,3,122,12813,10720,273,1820
13/05/2021,KEPULAUAN RIAU,98,12,256,-170,12911,10976,285,1650
14/05/2021,KEPULAUAN RIAU,98,0,13,85,13009,10989,285,1735
15/05/2021,KEPULAUAN RIAU,190,1,9,180,13199,10998,286,1915
16/05/2021,KEPULAUAN RIAU,222,12,242,-32,13421,11240,298,1883
17/05/2021,KEPULAUAN RIAU,106,1,4,101,13527,11244,299,1984
18/05/2021,KEPULAUAN RIAU,164,2,128,34,13691,11372,301,2018
19/05/2021,KEPULAUAN RIAU,137,0,104,33,13828,11476,301,2051
20/05/2021,KEPULAUAN RIAU,205,0,281,-76,14033,11757,301,1975
21/05/2021,KEPULAUAN RIAU,236,9,46,181,14269,11803,310,2156
22/05/2021,KEPULAUAN RIAU,174,0,60,114,14443,11863,310,2270
23/05/2021,KEPULAUAN RIAU,215,0,25,190,14658,11888,310,2460
24/05/2021,KEPULAUAN RIAU,247,1,313,-67,14905,12201,311,2393
25/05/2021,KEPULAUAN RIAU,191,2,21,168,15096,12222,313,2561
26/05/2021,KEPULAUAN RIAU,190,3,56,131,15286,12278,316,2692
27/05/2021,KEPULAUAN RIAU,411,0,82,329,15697,12360,316,3021
28/05/2021,KEPULAUAN RIAU,219,8,155,56,15916,12515,324,3077
29/05/2021,KEPULAUAN RIAU,456,8,175,273,16372,12690,332,3350
30/05/2021,KEPULAUAN RIAU,294,7,201,86,16666,12891,339,3436
31/05/2021,KEPULAUAN RIAU,161,0,16,145,16827,12907,339,3581
01/06/2021,KEPULAUAN RIAU,227,22,195,10,17054,13102,361,3591
02/06/2021,KEPULAUAN RIAU,351,8,42,301,17405,13144,369,3892
03/06/2021,KEPULAUAN RIAU,217,13,120,84,17622,13264,382,3976
04/06/2021,KEPULAUAN RIAU,200,0,120,80,17822,13384,382,4056
05/06/2021,KEPULAUAN RIAU,372,2,332,38,18194,13716,384,4094
06/06/2021,KEPULAUAN RIAU,273,2,9,262,18467,13725,386,4356
07/06/2021,KEPULAUAN RIAU,151,0,27,124,18618,13752,386,4480
08/06/2021,KEPULAUAN RIAU,218,1,426,-209,18836,14178,387,4271
09/06/2021,KEPULAUAN RIAU,407,17,430,-40,19243,14608,404,4231
10/06/2021,KEPULAUAN RIAU,307,0,293,14,19550,14901,404,4245
11/06/2021,KEPULAUAN RIAU,300,4,288,8,19850,15189,408,4253
12/06/2021,KEPULAUAN RIAU,282,1,970,-689,20132,16159,409,3564
13/06/2021,KEPULAUAN RIAU,215,0,356,-141,20347,16515,409,3423
29/03/2020,KALIMANTAN BARAT,7,0,2,5,7,2,0,5
30/03/2020,KALIMANTAN BARAT,1,0,0,1,8,2,0,6
31/03/2020,KALIMANTAN BARAT,0,0,0,0,8,2,0,6
01/04/2020,KALIMANTAN BARAT,1,0,0,1,9,2,0,7
02/04/2020,KALIMANTAN BARAT,0,1,0,-1,9,2,1,6
03/04/2020,KALIMANTAN BARAT,0,0,0,0,9,2,1,6
04/04/2020,KALIMANTAN BARAT,0,0,0,0,9,2,1,6
05/04/2020,KALIMANTAN BARAT,0,0,0,0,9,2,1,6
06/04/2020,KALIMANTAN BARAT,0,0,0,0,9,2,1,6
07/04/2020,KALIMANTAN BARAT,1,0,1,0,10,3,1,6
08/04/2020,KALIMANTAN BARAT,0,0,0,0,10,3,1,6
09/04/2020,KALIMANTAN BARAT,0,0,0,0,10,3,1,6
10/04/2020,KALIMANTAN BARAT,0,0,0,0,10,3,1,6
11/04/2020,KALIMANTAN BARAT,0,0,0,0,10,3,1,6
12/04/2020,KALIMANTAN BARAT,3,0,0,3,13,3,1,9
13/04/2020,KALIMANTAN BARAT,0,0,0,0,13,3,1,9
14/04/2020,KALIMANTAN BARAT,0,0,2,-2,13,5,1,7
15/04/2020,KALIMANTAN BARAT,0,0,0,0,13,5,1,7
16/04/2020,KALIMANTAN BARAT,8,0,0,8,21,5,1,15
17/04/2020,KALIMANTAN BARAT,0,0,0,0,21,5,1,15
18/04/2020,KALIMANTAN BARAT,0,0,0,0,21,5,1,15
19/04/2020,KALIMANTAN BARAT,0,0,0,0,21,5,1,15
20/04/2020,KALIMANTAN BARAT,0,0,0,0,21,5,1,15
21/04/2020,KALIMANTAN BARAT,6,0,1,5,27,6,1,20
22/04/2020,KALIMANTAN BARAT,4,0,1,3,31,7,1,23
23/04/2020,KALIMANTAN BARAT,19,0,0,19,50,7,1,42
24/04/2020,KALIMANTAN BARAT,0,0,0,0,50,7,1,42
25/04/2020,KALIMANTAN BARAT,1,0,0,1,51,7,1,43
26/04/2020,KALIMANTAN BARAT,0,0,0,0,51,7,1,43
27/04/2020,KALIMANTAN BARAT,0,0,0,0,51,7,1,43
28/04/2020,KALIMANTAN BARAT,0,0,0,0,51,7,1,43
29/04/2020,KALIMANTAN BARAT,7,0,0,7,58,7,1,50
30/04/2020,KALIMANTAN BARAT,0,0,0,0,58,7,1,50
01/05/2020,KALIMANTAN BARAT,3,0,0,3,61,7,1,53
02/05/2020,KALIMANTAN BARAT,7,0,0,7,68,7,1,60
03/05/2020,KALIMANTAN BARAT,2,0,0,2,70,7,1,62
04/05/2020,KALIMANTAN BARAT,3,0,0,3,73,7,1,65
05/05/2020,KALIMANTAN BARAT,0,0,0,0,73,7,1,65
06/05/2020,KALIMANTAN BARAT,17,0,3,14,90,10,1,79
07/05/2020,KALIMANTAN BARAT,5,0,0,5,95,10,1,84
08/05/2020,KALIMANTAN BARAT,0,0,0,0,95,10,1,84
09/05/2020,KALIMANTAN BARAT,23,0,0,23,118,10,1,107
10/05/2020,KALIMANTAN BARAT,2,0,0,2,120,10,1,109
11/05/2020,KALIMANTAN BARAT,0,0,0,0,120,10,1,109
12/05/2020,KALIMANTAN BARAT,3,0,9,-6,123,19,1,103
13/05/2020,KALIMANTAN BARAT,6,1,2,3,129,21,2,106
14/05/2020,KALIMANTAN BARAT,0,0,0,0,129,21,2,106
15/05/2020,KALIMANTAN BARAT,0,0,0,0,129,21,2,106
16/05/2020,KALIMANTAN BARAT,2,0,0,2,131,21,2,108
17/05/2020,KALIMANTAN BARAT,1,0,2,-1,132,23,2,107
18/05/2020,KALIMANTAN BARAT,0,0,8,-8,132,31,2,99
19/05/2020,KALIMANTAN BARAT,0,0,0,0,132,31,2,99
20/05/2020,KALIMANTAN BARAT,0,0,0,0,132,31,2,99
21/05/2020,KALIMANTAN BARAT,1,0,5,-4,133,36,2,95
22/05/2020,KALIMANTAN BARAT,7,0,1,6,140,37,2,101
23/05/2020,KALIMANTAN BARAT,28,0,0,28,168,37,2,129
24/05/2020,KALIMANTAN BARAT,0,0,0,0,168,37,2,129
25/05/2020,KALIMANTAN BARAT,7,0,5,2,175,42,2,131
26/05/2020,KALIMANTAN BARAT,1,0,1,0,176,43,2,131
27/05/2020,KALIMANTAN BARAT,7,0,0,7,183,43,2,138
28/05/2020,KALIMANTAN BARAT,1,0,0,1,184,43,2,139
29/05/2020,KALIMANTAN BARAT,0,0,3,-3,184,46,2,136
30/05/2020,KALIMANTAN BARAT,0,0,0,0,184,46,2,136
31/05/2020,KALIMANTAN BARAT,5,0,5,0,189,51,2,136
01/06/2020,KALIMANTAN BARAT,7,0,3,4,196,54,2,140
02/06/2020,KALIMANTAN BARAT,0,0,0,0,196,54,2,140
03/06/2020,KALIMANTAN BARAT,6,0,24,-18,202,78,2,122
04/06/2020,KALIMANTAN BARAT,0,0,15,-15,202,93,2,107
05/06/2020,KALIMANTAN BARAT,3,0,15,-12,205,108,2,95
06/06/2020,KALIMANTAN BARAT,5,0,5,0,210,113,2,95
07/06/2020,KALIMANTAN BARAT,0,0,0,0,210,113,2,95
08/06/2020,KALIMANTAN BARAT,0,0,3,-3,210,116,2,92
09/06/2020,KALIMANTAN BARAT,24,0,1,23,234,117,2,115
10/06/2020,KALIMANTAN BARAT,11,0,20,-9,245,137,2,106
11/06/2020,KALIMANTAN BARAT,0,0,7,-7,245,144,2,99
12/06/2020,KALIMANTAN BARAT,22,0,1,21,267,145,2,120
13/06/2020,KALIMANTAN BARAT,0,0,4,-4,267,149,2,116
14/06/2020,KALIMANTAN BARAT,1,0,9,-8,268,158,2,108
15/06/2020,KALIMANTAN BARAT,0,0,7,-7,268,165,2,101
16/06/2020,KALIMANTAN BARAT,2,0,1,1,270,166,2,102
17/06/2020,KALIMANTAN BARAT,12,0,0,12,282,166,2,114
18/06/2020,KALIMANTAN BARAT,0,0,6,-6,282,172,2,108
19/06/2020,KALIMANTAN BARAT,14,0,13,1,296,185,2,109
20/06/2020,KALIMANTAN BARAT,2,0,9,-7,298,194,2,102
21/06/2020,KALIMANTAN BARAT,0,0,21,-21,298,215,2,81
22/06/2020,KALIMANTAN BARAT,0,0,3,-3,298,218,2,78
23/06/2020,KALIMANTAN BARAT,15,0,4,11,313,222,2,89
24/06/2020,KALIMANTAN BARAT,0,0,5,-5,313,227,2,84
25/06/2020,KALIMANTAN BARAT,0,0,7,-7,313,234,2,77
26/06/2020,KALIMANTAN BARAT,0,0,6,-6,313,240,2,71
27/06/2020,KALIMANTAN BARAT,8,0,10,-2,321,250,2,69
28/06/2020,KALIMANTAN BARAT,0,0,8,-8,321,258,2,61
29/06/2020,KALIMANTAN BARAT,0,0,4,-4,321,262,2,57
30/06/2020,KALIMANTAN BARAT,0,0,5,-5,321,267,2,52
01/07/2020,KALIMANTAN BARAT,15,0,3,12,336,270,2,64
02/07/2020,KALIMANTAN BARAT,0,0,0,0,336,270,2,64
03/07/2020,KALIMANTAN BARAT,0,0,6,-6,336,276,2,58
04/07/2020,KALIMANTAN BARAT,0,0,4,-4,336,280,2,54
05/07/2020,KALIMANTAN BARAT,3,0,19,-16,339,299,2,38
06/07/2020,KALIMANTAN BARAT,0,0,0,0,339,299,2,38
07/07/2020,KALIMANTAN BARAT,5,0,5,0,344,304,2,38
08/07/2020,KALIMANTAN BARAT,0,0,1,-1,344,305,2,37
09/07/2020,KALIMANTAN BARAT,3,0,2,1,347,307,2,38
10/07/2020,KALIMANTAN BARAT,0,0,0,0,347,307,2,38
11/07/2020,KALIMANTAN BARAT,0,0,19,-19,347,326,2,19
12/07/2020,KALIMANTAN BARAT,3,0,0,3,350,326,2,22
13/07/2020,KALIMANTAN BARAT,5,0,1,4,355,327,2,26
14/07/2020,KALIMANTAN BARAT,0,0,12,-12,355,339,2,14
15/07/2020,KALIMANTAN BARAT,0,0,0,0,355,339,2,14
16/07/2020,KALIMANTAN BARAT,4,0,1,3,359,340,2,17
17/07/2020,KALIMANTAN BARAT,0,0,0,0,359,340,2,17
18/07/2020,KALIMANTAN BARAT,0,0,6,-6,359,346,2,11
19/07/2020,KALIMANTAN BARAT,0,0,4,-4,359,350,2,7
20/07/2020,KALIMANTAN BARAT,0,0,0,0,359,350,2,7
21/07/2020,KALIMANTAN BARAT,0,0,0,0,359,350,2,7
22/07/2020,KALIMANTAN BARAT,0,0,4,-4,359,354,2,3
23/07/2020,KALIMANTAN BARAT,0,0,0,0,359,354,2,3
24/07/2020,KALIMANTAN BARAT,0,0,0,0,359,354,2,3
25/07/2020,KALIMANTAN BARAT,6,0,0,6,365,354,2,9
26/07/2020,KALIMANTAN BARAT,0,0,0,0,365,354,2,9
27/07/2020,KALIMANTAN BARAT,0,0,0,0,365,354,2,9
28/07/2020,KALIMANTAN BARAT,16,0,0,16,381,354,2,25
29/07/2020,KALIMANTAN BARAT,0,0,0,0,381,354,2,25
30/07/2020,KALIMANTAN BARAT,0,0,0,0,381,354,2,25
31/07/2020,KALIMANTAN BARAT,6,0,0,6,387,354,2,31
01/08/2020,KALIMANTAN BARAT,0,0,0,0,387,354,2,31
02/08/2020,KALIMANTAN BARAT,0,0,0,0,387,354,2,31
03/08/2020,KALIMANTAN BARAT,0,0,0,0,387,354,2,31
04/08/2020,KALIMANTAN BARAT,0,0,16,-16,387,370,2,15
05/08/2020,KALIMANTAN BARAT,0,0,0,0,387,370,2,15
06/08/2020,KALIMANTAN BARAT,7,0,0,7,394,370,2,22
07/08/2020,KALIMANTAN BARAT,3,0,3,0,397,373,2,22
08/08/2020,KALIMANTAN BARAT,0,0,0,0,397,373,2,22
09/08/2020,KALIMANTAN BARAT,13,0,6,7,410,379,2,29
10/08/2020,KALIMANTAN BARAT,6,0,0,6,416,379,2,35
11/08/2020,KALIMANTAN BARAT,4,0,0,4,420,379,2,39
12/08/2020,KALIMANTAN BARAT,9,0,0,9,429,379,2,48
13/08/2020,KALIMANTAN BARAT,10,0,18,-8,439,397,2,40
14/08/2020,KALIMANTAN BARAT,5,0,1,4,444,398,2,44
15/08/2020,KALIMANTAN BARAT,3,0,6,-3,447,404,2,41
16/08/2020,KALIMANTAN BARAT,0,0,2,-2,447,406,2,39
17/08/2020,KALIMANTAN BARAT,0,0,0,0,447,406,2,39
18/08/2020,KALIMANTAN BARAT,5,0,2,3,452,408,2,42
19/08/2020,KALIMANTAN BARAT,4,0,1,3,456,409,2,45
20/08/2020,KALIMANTAN BARAT,15,0,14,1,471,423,2,46
21/08/2020,KALIMANTAN BARAT,29,0,0,29,500,423,2,75
22/08/2020,KALIMANTAN BARAT,33,0,5,28,533,428,2,103
23/08/2020,KALIMANTAN BARAT,33,0,19,14,566,447,2,117
24/08/2020,KALIMANTAN BARAT,12,0,0,12,578,447,2,129
25/08/2020,KALIMANTAN BARAT,27,0,0,27,605,447,2,156
26/08/2020,KALIMANTAN BARAT,0,0,20,-20,605,467,2,136
27/08/2020,KALIMANTAN BARAT,6,0,41,-35,611,508,2,101
28/08/2020,KALIMANTAN BARAT,0,0,0,0,611,508,2,101
29/08/2020,KALIMANTAN BARAT,16,0,31,-15,627,539,2,86
30/08/2020,KALIMANTAN BARAT,18,1,0,17,645,539,3,103
31/08/2020,KALIMANTAN BARAT,0,0,17,-17,645,556,3,86
01/09/2020,KALIMANTAN BARAT,8,0,0,8,653,556,3,94
02/09/2020,KALIMANTAN BARAT,6,0,21,-15,659,577,3,79
03/09/2020,KALIMANTAN BARAT,15,0,10,5,674,587,3,84
04/09/2020,KALIMANTAN BARAT,11,0,12,-1,685,599,3,83
05/09/2020,KALIMANTAN BARAT,6,1,14,-9,691,613,4,74
06/09/2020,KALIMANTAN BARAT,13,0,0,13,704,613,4,87
07/09/2020,KALIMANTAN BARAT,0,0,0,0,704,613,4,87
08/09/2020,KALIMANTAN BARAT,7,0,5,2,711,618,4,89
09/09/2020,KALIMANTAN BARAT,12,0,2,10,723,620,4,99
10/09/2020,KALIMANTAN BARAT,5,0,0,5,728,620,4,104
11/09/2020,KALIMANTAN BARAT,8,0,23,-15,736,643,4,89
12/09/2020,KALIMANTAN BARAT,11,0,3,8,747,646,4,97
13/09/2020,KALIMANTAN BARAT,7,0,2,5,754,648,4,102
14/09/2020,KALIMANTAN BARAT,26,0,6,20,780,654,4,122
15/09/2020,KALIMANTAN BARAT,4,1,0,3,784,654,5,125
16/09/2020,KALIMANTAN BARAT,19,0,11,8,803,665,5,133
17/09/2020,KALIMANTAN BARAT,22,0,4,18,825,669,5,151
18/09/2020,KALIMANTAN BARAT,15,0,11,4,840,680,5,155
19/09/2020,KALIMANTAN BARAT,21,0,9,12,861,689,5,167
20/09/2020,KALIMANTAN BARAT,6,0,15,-9,867,704,5,158
21/09/2020,KALIMANTAN BARAT,1,0,15,-14,868,719,5,144
22/09/2020,KALIMANTAN BARAT,11,0,0,11,879,719,5,155
23/09/2020,KALIMANTAN BARAT,6,1,2,3,885,721,6,158
24/09/2020,KALIMANTAN BARAT,16,0,7,9,901,728,6,167
25/09/2020,KALIMANTAN BARAT,34,0,40,-6,935,768,6,161
26/09/2020,KALIMANTAN BARAT,11,0,11,0,946,779,6,161
27/09/2020,KALIMANTAN BARAT,11,1,9,1,957,788,7,162
28/09/2020,KALIMANTAN BARAT,0,0,0,0,957,788,7,162
29/09/2020,KALIMANTAN BARAT,17,0,19,-2,974,807,7,160
30/09/2020,KALIMANTAN BARAT,8,0,2,6,982,809,7,166
01/10/2020,KALIMANTAN BARAT,29,0,14,15,1011,823,7,181
02/10/2020,KALIMANTAN BARAT,6,0,18,-12,1017,841,7,169
03/10/2020,KALIMANTAN BARAT,6,0,5,1,1023,846,7,170
04/10/2020,KALIMANTAN BARAT,19,0,19,0,1042,865,7,170
05/10/2020,KALIMANTAN BARAT,2,0,0,2,1044,865,7,172
06/10/2020,KALIMANTAN BARAT,41,0,8,33,1085,873,7,205
07/10/2020,KALIMANTAN BARAT,10,0,4,6,1095,877,7,211
08/10/2020,KALIMANTAN BARAT,13,0,1,12,1108,878,7,223
09/10/2020,KALIMANTAN BARAT,28,0,30,-2,1136,908,7,221
10/10/2020,KALIMANTAN BARAT,80,0,7,73,1216,915,7,294
11/10/2020,KALIMANTAN BARAT,81,0,43,38,1297,958,7,332
12/10/2020,KALIMANTAN BARAT,0,0,0,0,1297,958,7,332
13/10/2020,KALIMANTAN BARAT,14,0,66,-52,1311,1024,7,280
14/10/2020,KALIMANTAN BARAT,17,0,55,-38,1328,1079,7,242
15/10/2020,KALIMANTAN BARAT,29,0,57,-28,1357,1136,7,214
16/10/2020,KALIMANTAN BARAT,25,0,52,-27,1382,1188,7,187
17/10/2020,KALIMANTAN BARAT,31,0,35,-4,1413,1223,7,183
18/10/2020,KALIMANTAN BARAT,15,1,3,11,1428,1226,8,194
19/10/2020,KALIMANTAN BARAT,0,0,0,0,1428,1226,8,194
20/10/2020,KALIMANTAN BARAT,23,0,28,-5,1451,1254,8,189
21/10/2020,KALIMANTAN BARAT,0,0,0,0,1451,1254,8,189
22/10/2020,KALIMANTAN BARAT,46,0,12,34,1497,1266,8,223
23/10/2020,KALIMANTAN BARAT,31,0,15,16,1528,1281,8,239
24/10/2020,KALIMANTAN BARAT,36,0,6,30,1564,1287,8,269
25/10/2020,KALIMANTAN BARAT,0,0,0,0,1564,1287,8,269
26/10/2020,KALIMANTAN BARAT,13,2,12,-1,1577,1299,10,268
27/10/2020,KALIMANTAN BARAT,29,0,6,23,1606,1305,10,291
28/10/2020,KALIMANTAN BARAT,14,4,22,-12,1620,1327,14,279
29/10/2020,KALIMANTAN BARAT,13,1,0,12,1633,1327,15,291
30/10/2020,KALIMANTAN BARAT,17,3,5,9,1650,1332,18,300
31/10/2020,KALIMANTAN BARAT,5,0,5,0,1655,1337,18,300
01/11/2020,KALIMANTAN BARAT,22,1,0,21,1677,1337,19,321
02/11/2020,KALIMANTAN BARAT,0,0,0,0,1677,1337,19,321
03/11/2020,KALIMANTAN BARAT,35,1,3,31,1712,1340,20,352
04/11/2020,KALIMANTAN BARAT,19,0,7,12,1731,1347,20,364
05/11/2020,KALIMANTAN BARAT,60,0,7,53,1791,1354,20,417
06/11/2020,KALIMANTAN BARAT,79,0,49,30,1870,1403,20,447
07/11/2020,KALIMANTAN BARAT,83,0,6,77,1953,1409,20,524
08/11/2020,KALIMANTAN BARAT,36,0,25,11,1989,1434,20,535
09/11/2020,KALIMANTAN BARAT,0,0,1,-1,1989,1435,20,534
10/11/2020,KALIMANTAN BARAT,0,0,0,0,1989,1435,20,534
11/11/2020,KALIMANTAN BARAT,33,0,22,11,2022,1457,20,545
12/11/2020,KALIMANTAN BARAT,13,0,12,1,2035,1469,20,546
13/11/2020,KALIMANTAN BARAT,13,0,15,-2,2048,1484,20,544
14/11/2020,KALIMANTAN BARAT,12,0,15,-3,2060,1499,20,541
15/11/2020,KALIMANTAN BARAT,13,0,13,0,2073,1512,20,541
16/11/2020,KALIMANTAN BARAT,9,0,20,-11,2082,1532,20,530
17/11/2020,KALIMANTAN BARAT,38,0,15,23,2120,1547,20,553
18/11/2020,KALIMANTAN BARAT,39,0,11,28,2159,1558,20,581
19/11/2020,KALIMANTAN BARAT,28,0,10,18,2187,1568,20,599
20/11/2020,KALIMANTAN BARAT,34,0,26,8,2221,1594,20,607
21/11/2020,KALIMANTAN BARAT,10,0,23,-13,2231,1617,20,594
22/11/2020,KALIMANTAN BARAT,16,0,32,-16,2247,1649,20,578
23/11/2020,KALIMANTAN BARAT,10,0,21,-11,2257,1670,20,567
24/11/2020,KALIMANTAN BARAT,31,0,60,-29,2288,1730,20,538
25/11/2020,KALIMANTAN BARAT,24,0,53,-29,2312,1783,20,509
26/11/2020,KALIMANTAN BARAT,10,0,38,-28,2322,1821,20,481
27/11/2020,KALIMANTAN BARAT,29,0,63,-34,2351,1884,20,447
28/11/2020,KALIMANTAN BARAT,27,0,36,-9,2378,1920,20,438
29/11/2020,KALIMANTAN BARAT,27,0,61,-34,2405,1981,20,404
30/11/2020,KALIMANTAN BARAT,0,0,0,0,2405,1981,20,404
01/12/2020,KALIMANTAN BARAT,33,0,55,-22,2438,2036,20,382
02/12/2020,KALIMANTAN BARAT,23,0,56,-33,2461,2092,20,349
03/12/2020,KALIMANTAN BARAT,24,0,59,-35,2485,2151,20,314
04/12/2020,KALIMANTAN BARAT,34,0,57,-23,2519,2208,20,291
05/12/2020,KALIMANTAN BARAT,32,1,24,7,2551,2232,21,298
06/12/2020,KALIMANTAN BARAT,0,0,31,-31,2551,2263,21,267
07/12/2020,KALIMANTAN BARAT,30,1,0,29,2581,2263,22,296
08/12/2020,KALIMANTAN BARAT,25,0,16,9,2606,2279,22,305
09/12/2020,KALIMANTAN BARAT,57,0,40,17,2663,2319,22,322
10/12/2020,KALIMANTAN BARAT,25,0,27,-2,2688,2346,22,320
11/12/2020,KALIMANTAN BARAT,28,0,30,-2,2716,2376,22,318
12/12/2020,KALIMANTAN BARAT,28,0,23,5,2744,2399,22,323
13/12/2020,KALIMANTAN BARAT,21,0,24,-3,2765,2423,22,320
14/12/2020,KALIMANTAN BARAT,11,0,0,11,2776,2423,22,331
15/12/2020,KALIMANTAN BARAT,13,1,29,-17,2789,2452,23,314
16/12/2020,KALIMANTAN BARAT,34,0,24,10,2823,2476,23,324
17/12/2020,KALIMANTAN BARAT,37,0,12,25,2860,2488,23,349
18/12/2020,KALIMANTAN BARAT,31,0,13,18,2891,2501,23,367
19/12/2020,KALIMANTAN BARAT,36,0,15,21,2927,2516,23,388
20/12/2020,KALIMANTAN BARAT,23,0,16,7,2950,2532,23,395
21/12/2020,KALIMANTAN BARAT,0,0,0,0,2950,2532,23,395
22/12/2020,KALIMANTAN BARAT,19,1,23,-5,2969,2555,24,390
23/12/2020,KALIMANTAN BARAT,22,0,24,-2,2991,2579,24,388
24/12/2020,KALIMANTAN BARAT,26,0,24,2,3017,2603,24,390
25/12/2020,KALIMANTAN BARAT,22,0,23,-1,3039,2626,24,389
26/12/2020,KALIMANTAN BARAT,0,0,0,0,3039,2626,24,389
27/12/2020,KALIMANTAN BARAT,17,0,21,-4,3056,2647,24,385
28/12/2020,KALIMANTAN BARAT,0,0,0,0,3056,2647,24,385
29/12/2020,KALIMANTAN BARAT,22,1,24,-3,3078,2671,25,382
30/12/2020,KALIMANTAN BARAT,15,0,37,-22,3093,2708,25,360
31/12/2020,KALIMANTAN BARAT,25,0,33,-8,3118,2741,25,352
01/01/2021,KALIMANTAN BARAT,18,0,60,-42,3136,2801,25,310
02/01/2021,KALIMANTAN BARAT,0,0,0,0,3136,2801,25,310
03/01/2021,KALIMANTAN BARAT,24,0,52,-28,3160,2853,25,282
04/01/2021,KALIMANTAN BARAT,0,0,0,0,3160,2853,25,282
05/01/2021,KALIMANTAN BARAT,29,1,26,2,3189,2879,26,284
06/01/2021,KALIMANTAN BARAT,24,0,38,-14,3213,2917,26,270
07/01/2021,KALIMANTAN BARAT,26,0,35,-9,3239,2952,26,261
08/01/2021,KALIMANTAN BARAT,33,0,28,5,3272,2980,26,266
09/01/2021,KALIMANTAN BARAT,47,0,22,25,3319,3002,26,291
10/01/2021,KALIMANTAN BARAT,29,0,31,-2,3348,3033,26,289
11/01/2021,KALIMANTAN BARAT,0,0,0,0,3348,3033,26,289
12/01/2021,KALIMANTAN BARAT,35,0,29,6,3383,3062,26,295
13/01/2021,KALIMANTAN BARAT,33,0,30,3,3416,3092,26,298
14/01/2021,KALIMANTAN BARAT,25,0,23,2,3441,3115,26,300
15/01/2021,KALIMANTAN BARAT,34,0,25,9,3475,3140,26,309
16/01/2021,KALIMANTAN BARAT,56,0,29,27,3531,3169,26,336
17/01/2021,KALIMANTAN BARAT,26,0,35,-9,3557,3204,26,327
18/01/2021,KALIMANTAN BARAT,0,0,0,0,3557,3204,26,327
19/01/2021,KALIMANTAN BARAT,45,0,33,12,3602,3237,26,339
20/01/2021,KALIMANTAN BARAT,32,0,28,4,3634,3265,26,343
21/01/2021,KALIMANTAN BARAT,25,0,30,-5,3659,3295,26,338
22/01/2021,KALIMANTAN BARAT,49,0,26,23,3708,3321,26,361
23/01/2021,KALIMANTAN BARAT,37,0,20,17,3745,3341,26,378
24/01/2021,KALIMANTAN BARAT,20,0,21,-1,3765,3362,26,377
25/01/2021,KALIMANTAN BARAT,0,1,0,-1,3765,3362,27,376
26/01/2021,KALIMANTAN BARAT,33,0,28,5,3798,3390,27,381
27/01/2021,KALIMANTAN BARAT,31,0,29,2,3829,3419,27,383
28/01/2021,KALIMANTAN BARAT,13,0,20,-7,3842,3439,27,376
29/01/2021,KALIMANTAN BARAT,31,0,16,15,3873,3455,27,391
30/01/2021,KALIMANTAN BARAT,41,1,31,9,3914,3486,28,400
31/01/2021,KALIMANTAN BARAT,18,0,35,-17,3932,3521,28,383
01/02/2021,KALIMANTAN BARAT,0,0,0,0,3932,3521,28,383
02/02/2021,KALIMANTAN BARAT,37,0,34,3,3969,3555,28,386
03/02/2021,KALIMANTAN BARAT,27,0,29,-2,3996,3584,28,384
04/02/2021,KALIMANTAN BARAT,33,0,31,2,4029,3615,28,386
05/02/2021,KALIMANTAN BARAT,25,0,40,-15,4054,3655,28,371
06/02/2021,KALIMANTAN BARAT,42,0,31,11,4096,3686,28,382
07/02/2021,KALIMANTAN BARAT,23,1,39,-17,4119,3725,29,365
08/02/2021,KALIMANTAN BARAT,0,0,0,0,4119,3725,29,365
09/02/2021,KALIMANTAN BARAT,35,1,28,6,4154,3753,30,371
10/02/2021,KALIMANTAN BARAT,19,0,44,-25,4173,3797,30,346
11/02/2021,KALIMANTAN BARAT,27,0,26,1,4200,3823,30,347
12/02/2021,KALIMANTAN BARAT,33,0,27,6,4233,3850,30,353
13/02/2021,KALIMANTAN BARAT,10,0,23,-13,4243,3873,30,340
14/02/2021,KALIMANTAN BARAT,19,0,16,3,4262,3889,30,343
15/02/2021,KALIMANTAN BARAT,0,0,0,0,4262,3889,30,343
16/02/2021,KALIMANTAN BARAT,37,0,0,37,4299,3889,30,380
17/02/2021,KALIMANTAN BARAT,26,0,0,26,4325,3889,30,406
18/02/2021,KALIMANTAN BARAT,32,0,11,21,4357,3900,30,427
19/02/2021,KALIMANTAN BARAT,26,0,99,-73,4383,3999,30,354
20/02/2021,KALIMANTAN BARAT,35,1,16,18,4418,4015,31,372
21/02/2021,KALIMANTAN BARAT,30,0,21,9,4448,4036,31,381
22/02/2021,KALIMANTAN BARAT,0,0,0,0,4448,4036,31,381
23/02/2021,KALIMANTAN BARAT,28,0,41,-13,4476,4077,31,368
24/02/2021,KALIMANTAN BARAT,27,0,17,10,4503,4094,31,378
25/02/2021,KALIMANTAN BARAT,32,0,27,5,4535,4121,31,383
26/02/2021,KALIMANTAN BARAT,39,0,22,17,4574,4143,31,400
27/02/2021,KALIMANTAN BARAT,27,0,25,2,4601,4168,31,402
28/02/2021,KALIMANTAN BARAT,39,0,27,12,4640,4195,31,414
01/03/2021,KALIMANTAN BARAT,0,0,0,0,4640,4195,31,414
02/03/2021,KALIMANTAN BARAT,22,0,25,-3,4662,4220,31,411
03/03/2021,KALIMANTAN BARAT,34,0,42,-8,4696,4262,31,403
04/03/2021,KALIMANTAN BARAT,41,0,21,20,4737,4283,31,423
05/03/2021,KALIMANTAN BARAT,29,0,30,-1,4766,4313,31,422
06/03/2021,KALIMANTAN BARAT,73,0,26,47,4839,4339,31,469
07/03/2021,KALIMANTAN BARAT,67,0,20,47,4906,4359,31,516
08/03/2021,KALIMANTAN BARAT,0,0,0,0,4906,4359,31,516
09/03/2021,KALIMANTAN BARAT,50,0,44,6,4956,4403,31,522
10/03/2021,KALIMANTAN BARAT,43,0,24,19,4999,4427,31,541
11/03/2021,KALIMANTAN BARAT,42,0,24,18,5041,4451,31,559
12/03/2021,KALIMANTAN BARAT,23,0,32,-9,5064,4483,31,550
13/03/2021,KALIMANTAN BARAT,84,0,27,57,5148,4510,31,607
14/03/2021,KALIMANTAN BARAT,97,0,49,48,5245,4559,31,655
15/03/2021,KALIMANTAN BARAT,0,0,0,0,5245,4559,31,655
16/03/2021,KALIMANTAN BARAT,82,0,34,48,5327,4593,31,703
17/03/2021,KALIMANTAN BARAT,79,0,31,48,5406,4624,31,751
18/03/2021,KALIMANTAN BARAT,51,0,46,5,5457,4670,31,756
19/03/2021,KALIMANTAN BARAT,30,0,58,-28,5487,4728,31,728
20/03/2021,KALIMANTAN BARAT,40,1,64,-25,5527,4792,32,703
21/03/2021,KALIMANTAN BARAT,39,0,53,-14,5566,4845,32,689
22/03/2021,KALIMANTAN BARAT,0,0,0,0,5566,4845,32,689
23/03/2021,KALIMANTAN BARAT,39,0,53,-14,5605,4898,32,675
24/03/2021,KALIMANTAN BARAT,42,0,69,-27,5647,4967,32,648
25/03/2021,KALIMANTAN BARAT,32,0,43,-11,5679,5010,32,637
26/03/2021,KALIMANTAN BARAT,54,0,49,5,5733,5059,32,642
27/03/2021,KALIMANTAN BARAT,66,0,51,15,5799,5110,32,657
28/03/2021,KALIMANTAN BARAT,10,0,63,-53,5809,5173,32,604
29/03/2021,KALIMANTAN BARAT,0,0,0,0,5809,5173,32,604
30/03/2021,KALIMANTAN BARAT,40,0,57,-17,5849,5230,32,587
31/03/2021,KALIMANTAN BARAT,53,0,62,-9,5902,5292,32,578
01/04/2021,KALIMANTAN BARAT,39,0,46,-7,5941,5338,32,571
02/04/2021,KALIMANTAN BARAT,53,0,55,-2,5994,5393,32,569
03/04/2021,KALIMANTAN BARAT,49,0,67,-18,6043,5460,32,551
04/04/2021,KALIMANTAN BARAT,48,0,50,-2,6091,5510,32,549
05/04/2021,KALIMANTAN BARAT,0,0,0,0,6091,5510,32,549
06/04/2021,KALIMANTAN BARAT,36,0,47,-11,6127,5557,32,538
07/04/2021,KALIMANTAN BARAT,40,0,55,-15,6167,5612,32,523
08/04/2021,KALIMANTAN BARAT,44,0,51,-7,6211,5663,32,516
09/04/2021,KALIMANTAN BARAT,77,0,44,33,6288,5707,32,549
10/04/2021,KALIMANTAN BARAT,73,0,45,28,6361,5752,32,577
11/04/2021,KALIMANTAN BARAT,52,0,43,9,6413,5795,32,586
12/04/2021,KALIMANTAN BARAT,0,0,0,0,6413,5795,32,586
13/04/2021,KALIMANTAN BARAT,80,0,49,31,6493,5844,32,617
14/04/2021,KALIMANTAN BARAT,92,1,56,35,6585,5900,33,652
15/04/2021,KALIMANTAN BARAT,88,0,51,37,6673,5951,33,689
16/04/2021,KALIMANTAN BARAT,98,0,45,53,6771,5996,33,742
17/04/2021,KALIMANTAN BARAT,97,2,46,49,6868,6042,35,791
18/04/2021,KALIMANTAN BARAT,78,0,42,36,6946,6084,35,827
19/04/2021,KALIMANTAN BARAT,0,0,0,0,6946,6084,35,827
20/04/2021,KALIMANTAN BARAT,77,0,59,18,7023,6143,35,845
21/04/2021,KALIMANTAN BARAT,98,3,60,35,7121,6203,38,880
22/04/2021,KALIMANTAN BARAT,99,2,50,47,7220,6253,40,927
23/04/2021,KALIMANTAN BARAT,92,0,61,31,7312,6314,40,958
24/04/2021,KALIMANTAN BARAT,96,0,76,20,7408,6390,40,978
25/04/2021,KALIMANTAN BARAT,39,0,80,-41,7447,6470,40,937
26/04/2021,KALIMANTAN BARAT,0,1,0,-1,7447,6470,41,936
27/04/2021,KALIMANTAN BARAT,56,0,77,-21,7503,6547,41,915
28/04/2021,KALIMANTAN BARAT,63,0,59,4,7566,6606,41,919
29/04/2021,KALIMANTAN BARAT,99,1,83,15,7665,6689,42,934
30/04/2021,KALIMANTAN BARAT,73,0,70,3,7738,6759,42,937
01/05/2021,KALIMANTAN BARAT,98,0,68,30,7836,6827,42,967
02/05/2021,KALIMANTAN BARAT,95,1,73,21,7931,6900,43,988
03/05/2021,KALIMANTAN BARAT,0,1,0,-1,7931,6900,44,987
04/05/2021,KALIMANTAN BARAT,117,0,99,18,8048,6999,44,1005
05/05/2021,KALIMANTAN BARAT,116,4,100,12,8164,7099,48,1017
06/05/2021,KALIMANTAN BARAT,120,5,89,26,8284,7188,53,1043
07/05/2021,KALIMANTAN BARAT,133,0,95,38,8417,7283,53,1081
08/05/2021,KALIMANTAN BARAT,74,0,49,25,8491,7332,53,1106
09/05/2021,KALIMANTAN BARAT,124,2,121,1,8615,7453,55,1107
10/05/2021,KALIMANTAN BARAT,65,2,87,-24,8680,7540,57,1083
11/05/2021,KALIMANTAN BARAT,88,0,119,-31,8768,7659,57,1052
12/05/2021,KALIMANTAN BARAT,138,3,62,73,8906,7721,60,1125
13/05/2021,KALIMANTAN BARAT,103,3,245,-145,9009,7966,63,980
14/05/2021,KALIMANTAN BARAT,107,1,157,-51,9116,8123,64,929
15/05/2021,KALIMANTAN BARAT,67,0,174,-107,9183,8297,64,822
16/05/2021,KALIMANTAN BARAT,97,1,17,79,9280,8314,65,901
17/05/2021,KALIMANTAN BARAT,72,3,161,-92,9352,8475,68,809
18/05/2021,KALIMANTAN BARAT,133,1,75,57,9485,8550,69,866
19/05/2021,KALIMANTAN BARAT,117,0,214,-97,9602,8764,69,769
20/05/2021,KALIMANTAN BARAT,128,0,42,86,9730,8806,69,855
21/05/2021,KALIMANTAN BARAT,117,0,162,-45,9847,8968,69,810
22/05/2021,KALIMANTAN BARAT,84,8,64,12,9931,9032,77,822
23/05/2021,KALIMANTAN BARAT,118,2,109,7,10049,9141,79,829
24/05/2021,KALIMANTAN BARAT,83,1,98,-16,10132,9239,80,813
25/05/2021,KALIMANTAN BARAT,114,0,37,77,10246,9276,80,890
26/05/2021,KALIMANTAN BARAT,121,3,100,18,10367,9376,83,908
27/05/2021,KALIMANTAN BARAT,119,1,40,78,10486,9416,84,986
28/05/2021,KALIMANTAN BARAT,98,2,192,-96,10584,9608,86,890
29/05/2021,KALIMANTAN BARAT,99,1,111,-13,10683,9719,87,877
30/05/2021,KALIMANTAN BARAT,133,2,62,69,10816,9781,89,946
31/05/2021,KALIMANTAN BARAT,38,3,146,-111,10854,9927,92,835
01/06/2021,KALIMANTAN BARAT,108,0,103,5,10962,10030,92,840
02/06/2021,KALIMANTAN BARAT,105,2,164,-61,11067,10194,94,779
03/06/2021,KALIMANTAN BARAT,86,5,93,-12,11153,10287,99,767
04/06/2021,KALIMANTAN BARAT,123,2,7,114,11276,10294,101,881
05/06/2021,KALIMANTAN BARAT,124,3,270,-149,11400,10564,104,732
06/06/2021,KALIMANTAN BARAT,104,0,0,104,11504,10564,104,836
07/06/2021,KALIMANTAN BARAT,0,0,0,0,11504,10564,104,836
08/06/2021,KALIMANTAN BARAT,95,0,102,-7,11599,10666,104,829
09/06/2021,KALIMANTAN BARAT,158,0,7,151,11757,10673,104,980
10/06/2021,KALIMANTAN BARAT,149,8,124,17,11906,10797,112,997
11/06/2021,KALIMANTAN BARAT,144,0,0,144,12050,10797,112,1141
12/06/2021,KALIMANTAN BARAT,146,2,378,-234,12196,11175,114,907
13/06/2021,KALIMANTAN BARAT,136,0,0,136,12332,11175,114,1043
10/03/2020,SULAWESI TENGGARA,1,0,0,1,1,0,0,1
11/03/2020,SULAWESI TENGGARA,0,0,0,0,1,0,0,1
12/03/2020,SULAWESI TENGGARA,0,0,0,0,1,0,0,1
13/03/2020,SULAWESI TENGGARA,0,0,0,0,1,0,0,1
14/03/2020,SULAWESI TENGGARA,0,0,0,0,1,0,0,1
15/03/2020,SULAWESI TENGGARA,0,0,0,0,1,0,0,1
16/03/2020,SULAWESI TENGGARA,2,0,0,2,3,0,0,3
17/03/2020,SULAWESI TENGGARA,0,0,0,0,3,0,0,3
18/03/2020,SULAWESI TENGGARA,0,0,0,0,3,0,0,3
19/03/2020,SULAWESI TENGGARA,0,0,0,0,3,0,0,3
20/03/2020,SULAWESI TENGGARA,0,0,0,0,3,0,0,3
21/03/2020,SULAWESI TENGGARA,0,0,0,0,3,0,0,3
22/03/2020,SULAWESI TENGGARA,0,0,0,0,3,0,0,3
23/03/2020,SULAWESI TENGGARA,0,0,0,0,3,0,0,3
24/03/2020,SULAWESI TENGGARA,0,0,0,0,3,0,0,3
25/03/2020,SULAWESI TENGGARA,0,0,0,0,3,0,0,3
26/03/2020,SULAWESI TENGGARA,0,0,0,0,3,0,0,3
27/03/2020,SULAWESI TENGGARA,0,0,0,0,3,0,0,3
28/03/2020,SULAWESI TENGGARA,0,0,0,0,3,0,0,3
29/03/2020,SULAWESI TENGGARA,0,0,0,0,3,0,0,3
30/03/2020,SULAWESI TENGGARA,0,0,0,0,3,0,0,3
31/03/2020,SULAWESI TENGGARA,0,0,0,0,3,0,0,3
01/04/2020,SULAWESI TENGGARA,0,0,0,0,3,0,0,3
02/04/2020,SULAWESI TENGGARA,0,0,0,0,3,0,0,3
03/04/2020,SULAWESI TENGGARA,2,0,0,2,5,0,0,5
04/04/2020,SULAWESI TENGGARA,0,0,1,-1,5,1,0,4
05/04/2020,SULAWESI TENGGARA,0,0,0,0,5,1,0,4
06/04/2020,SULAWESI TENGGARA,1,0,0,1,6,1,0,5
07/04/2020,SULAWESI TENGGARA,0,0,0,0,6,1,0,5
08/04/2020,SULAWESI TENGGARA,4,0,0,4,10,1,0,9
09/04/2020,SULAWESI TENGGARA,5,0,0,5,15,1,0,14
10/04/2020,SULAWESI TENGGARA,0,0,0,0,15,1,0,14
11/04/2020,SULAWESI TENGGARA,1,1,0,0,16,1,1,14
12/04/2020,SULAWESI TENGGARA,0,0,0,0,16,1,1,14
13/04/2020,SULAWESI TENGGARA,0,0,0,0,16,1,1,14
14/04/2020,SULAWESI TENGGARA,0,0,0,0,16,1,1,14
15/04/2020,SULAWESI TENGGARA,8,0,3,5,24,4,1,19
16/04/2020,SULAWESI TENGGARA,3,0,0,3,27,4,1,22
17/04/2020,SULAWESI TENGGARA,0,0,0,0,27,4,1,22
18/04/2020,SULAWESI TENGGARA,0,1,0,-1,27,4,2,21
19/04/2020,SULAWESI TENGGARA,9,0,0,9,36,4,2,30
20/04/2020,SULAWESI TENGGARA,0,0,0,0,36,4,2,30
21/04/2020,SULAWESI TENGGARA,0,0,0,0,36,4,2,30
22/04/2020,SULAWESI TENGGARA,0,0,0,0,36,4,2,30
23/04/2020,SULAWESI TENGGARA,0,0,0,0,36,4,2,30
24/04/2020,SULAWESI TENGGARA,5,0,1,4,41,5,2,34
25/04/2020,SULAWESI TENGGARA,0,0,0,0,41,5,2,34
26/04/2020,SULAWESI TENGGARA,4,0,1,3,45,6,2,37
27/04/2020,SULAWESI TENGGARA,0,0,0,0,45,6,2,37
28/04/2020,SULAWESI TENGGARA,0,0,0,0,45,6,2,37
29/04/2020,SULAWESI TENGGARA,8,0,0,8,53,6,2,45
30/04/2020,SULAWESI TENGGARA,9,0,4,5,62,10,2,50
01/05/2020,SULAWESI TENGGARA,0,0,1,-1,62,11,2,49
02/05/2020,SULAWESI TENGGARA,2,0,0,2,64,11,2,51
03/05/2020,SULAWESI TENGGARA,0,1,0,-1,64,11,3,50
04/05/2020,SULAWESI TENGGARA,0,0,0,0,64,11,3,50
05/05/2020,SULAWESI TENGGARA,5,0,4,1,69,15,3,51
06/05/2020,SULAWESI TENGGARA,0,0,0,0,69,15,3,51
07/05/2020,SULAWESI TENGGARA,0,0,0,0,69,15,3,51
08/05/2020,SULAWESI TENGGARA,1,0,0,1,70,15,3,52
09/05/2020,SULAWESI TENGGARA,2,0,0,2,72,15,3,54
10/05/2020,SULAWESI TENGGARA,5,0,1,4,77,16,3,58
11/05/2020,SULAWESI TENGGARA,0,0,0,0,77,16,3,58
12/05/2020,SULAWESI TENGGARA,0,0,0,0,77,16,3,58
13/05/2020,SULAWESI TENGGARA,89,1,1,87,166,17,4,145
14/05/2020,SULAWESI TENGGARA,0,0,0,0,166,17,4,145
15/05/2020,SULAWESI TENGGARA,17,0,2,15,183,19,4,160
16/05/2020,SULAWESI TENGGARA,6,0,0,6,189,19,4,166
17/05/2020,SULAWESI TENGGARA,2,0,0,2,191,19,4,168
18/05/2020,SULAWESI TENGGARA,0,0,1,-1,191,20,4,167
19/05/2020,SULAWESI TENGGARA,11,0,5,6,202,25,4,173
20/05/2020,SULAWESI TENGGARA,0,0,0,0,202,25,4,173
21/05/2020,SULAWESI TENGGARA,0,0,0,0,202,25,4,173
22/05/2020,SULAWESI TENGGARA,9,0,5,4,211,30,4,177
23/05/2020,SULAWESI TENGGARA,4,0,21,-17,215,51,4,160
24/05/2020,SULAWESI TENGGARA,0,0,0,0,215,51,4,160
25/05/2020,SULAWESI TENGGARA,0,0,0,0,215,51,4,160
26/05/2020,SULAWESI TENGGARA,0,0,49,-49,215,100,4,111
27/05/2020,SULAWESI TENGGARA,11,0,8,3,226,108,4,114
28/05/2020,SULAWESI TENGGARA,14,0,1,13,240,109,4,127
29/05/2020,SULAWESI TENGGARA,1,0,3,-2,241,112,4,125
30/05/2020,SULAWESI TENGGARA,0,0,0,0,241,112,4,125
31/05/2020,SULAWESI TENGGARA,3,0,9,-6,244,121,4,119
01/06/2020,SULAWESI TENGGARA,0,0,0,0,244,121,4,119
02/06/2020,SULAWESI TENGGARA,0,0,3,-3,244,124,4,116
03/06/2020,SULAWESI TENGGARA,7,0,7,0,251,131,4,116
04/06/2020,SULAWESI TENGGARA,1,1,0,0,252,131,5,116
05/06/2020,SULAWESI TENGGARA,5,0,10,-5,257,141,5,111
06/06/2020,SULAWESI TENGGARA,0,0,3,-3,257,144,5,108
07/06/2020,SULAWESI TENGGARA,2,0,10,-8,259,154,5,100
08/06/2020,SULAWESI TENGGARA,0,0,1,-1,259,155,5,99
09/06/2020,SULAWESI TENGGARA,4,0,17,-13,263,172,5,86
10/06/2020,SULAWESI TENGGARA,3,0,2,1,266,174,5,87
11/06/2020,SULAWESI TENGGARA,6,0,4,2,272,178,5,89
12/06/2020,SULAWESI TENGGARA,5,0,2,3,277,180,5,92
13/06/2020,SULAWESI TENGGARA,2,0,10,-8,279,190,5,84
14/06/2020,SULAWESI TENGGARA,4,0,7,-3,283,197,5,81
15/06/2020,SULAWESI TENGGARA,3,0,2,1,286,199,5,82
16/06/2020,SULAWESI TENGGARA,5,0,4,1,291,203,5,83
17/06/2020,SULAWESI TENGGARA,1,0,0,1,292,203,5,84
18/06/2020,SULAWESI TENGGARA,34,0,0,34,326,203,5,118
19/06/2020,SULAWESI TENGGARA,3,0,1,2,329,204,5,120
20/06/2020,SULAWESI TENGGARA,3,0,10,-7,332,214,5,113
21/06/2020,SULAWESI TENGGARA,0,0,3,-3,332,217,5,110
22/06/2020,SULAWESI TENGGARA,2,0,0,2,334,217,5,112
23/06/2020,SULAWESI TENGGARA,2,0,1,1,336,218,5,113
24/06/2020,SULAWESI TENGGARA,1,0,1,0,337,219,5,113
25/06/2020,SULAWESI TENGGARA,0,0,0,0,337,219,5,113
26/06/2020,SULAWESI TENGGARA,3,0,2,1,340,221,5,114
27/06/2020,SULAWESI TENGGARA,3,1,0,2,343,221,6,116
28/06/2020,SULAWESI TENGGARA,0,0,0,0,343,221,6,116
29/06/2020,SULAWESI TENGGARA,2,0,1,1,345,222,6,117
30/06/2020,SULAWESI TENGGARA,18,0,12,6,363,234,6,123
01/07/2020,SULAWESI TENGGARA,42,0,1,41,405,235,6,164
02/07/2020,SULAWESI TENGGARA,56,1,12,43,461,247,7,207
03/07/2020,SULAWESI TENGGARA,12,0,10,2,473,257,7,209
04/07/2020,SULAWESI TENGGARA,4,0,4,0,477,261,7,209
05/07/2020,SULAWESI TENGGARA,3,1,12,-10,480,273,8,199
06/07/2020,SULAWESI TENGGARA,2,0,1,1,482,274,8,200
07/07/2020,SULAWESI TENGGARA,5,0,11,-6,487,285,8,194
08/07/2020,SULAWESI TENGGARA,7,0,2,5,494,287,8,199
09/07/2020,SULAWESI TENGGARA,6,1,3,2,500,290,9,201
10/07/2020,SULAWESI TENGGARA,7,0,22,-15,507,312,9,186
11/07/2020,SULAWESI TENGGARA,2,0,18,-16,509,330,9,170
12/07/2020,SULAWESI TENGGARA,2,0,5,-3,511,335,9,167
13/07/2020,SULAWESI TENGGARA,7,0,1,6,518,336,9,173
14/07/2020,SULAWESI TENGGARA,3,1,4,-2,521,340,10,171
15/07/2020,SULAWESI TENGGARA,10,1,4,5,531,344,11,176
16/07/2020,SULAWESI TENGGARA,9,0,2,7,540,346,11,183
17/07/2020,SULAWESI TENGGARA,14,0,15,-1,554,361,11,182
18/07/2020,SULAWESI TENGGARA,21,0,3,18,575,364,11,200
19/07/2020,SULAWESI TENGGARA,12,0,8,4,587,372,11,204
20/07/2020,SULAWESI TENGGARA,48,0,7,41,635,379,11,245
21/07/2020,SULAWESI TENGGARA,35,0,3,32,670,382,11,277
22/07/2020,SULAWESI TENGGARA,15,0,3,12,685,385,11,289
23/07/2020,SULAWESI TENGGARA,27,1,4,22,712,389,12,311
24/07/2020,SULAWESI TENGGARA,23,1,11,11,735,400,13,322
25/07/2020,SULAWESI TENGGARA,17,0,1,16,752,401,13,338
26/07/2020,SULAWESI TENGGARA,16,0,41,-25,768,442,13,313
27/07/2020,SULAWESI TENGGARA,1,0,8,-7,769,450,13,306
28/07/2020,SULAWESI TENGGARA,0,0,3,-3,769,453,13,303
29/07/2020,SULAWESI TENGGARA,7,0,2,5,776,455,13,308
30/07/2020,SULAWESI TENGGARA,6,0,7,-1,782,462,13,307
31/07/2020,SULAWESI TENGGARA,0,0,8,-8,782,470,13,299
01/08/2020,SULAWESI TENGGARA,5,0,7,-2,787,477,13,297
02/08/2020,SULAWESI TENGGARA,0,0,3,-3,787,480,13,294
03/08/2020,SULAWESI TENGGARA,2,1,47,-46,789,527,14,248
04/08/2020,SULAWESI TENGGARA,68,0,73,-5,857,600,14,243
05/08/2020,SULAWESI TENGGARA,35,2,8,25,892,608,16,268
06/08/2020,SULAWESI TENGGARA,59,0,56,3,951,664,16,271
07/08/2020,SULAWESI TENGGARA,27,0,14,13,978,678,16,284
08/08/2020,SULAWESI TENGGARA,20,1,3,16,998,681,17,300
09/08/2020,SULAWESI TENGGARA,22,0,12,10,1020,693,17,310
10/08/2020,SULAWESI TENGGARA,0,0,21,-21,1020,714,17,289
11/08/2020,SULAWESI TENGGARA,32,0,7,25,1052,721,17,314
12/08/2020,SULAWESI TENGGARA,24,1,10,13,1076,731,18,327
13/08/2020,SULAWESI TENGGARA,30,0,38,-8,1106,769,18,319
14/08/2020,SULAWESI TENGGARA,33,0,43,-10,1139,812,18,309
15/08/2020,SULAWESI TENGGARA,28,0,9,19,1167,821,18,328
16/08/2020,SULAWESI TENGGARA,35,0,8,27,1202,829,18,355
17/08/2020,SULAWESI TENGGARA,14,0,13,1,1216,842,18,356
18/08/2020,SULAWESI TENGGARA,1,0,7,-6,1217,849,18,350
19/08/2020,SULAWESI TENGGARA,0,0,0,0,1217,849,18,350
20/08/2020,SULAWESI TENGGARA,60,0,16,44,1277,865,18,394
21/08/2020,SULAWESI TENGGARA,22,1,19,2,1299,884,19,396
22/08/2020,SULAWESI TENGGARA,11,1,9,1,1310,893,20,397
23/08/2020,SULAWESI TENGGARA,13,2,7,4,1323,900,22,401
24/08/2020,SULAWESI TENGGARA,4,2,8,-6,1327,908,24,395
25/08/2020,SULAWESI TENGGARA,38,0,13,25,1365,921,24,420
26/08/2020,SULAWESI TENGGARA,37,0,24,13,1402,945,24,433
27/08/2020,SULAWESI TENGGARA,48,1,45,2,1450,990,25,435
28/08/2020,SULAWESI TENGGARA,49,1,17,31,1499,1007,26,466
29/08/2020,SULAWESI TENGGARA,38,0,0,38,1537,1007,26,504
30/08/2020,SULAWESI TENGGARA,27,2,41,-16,1564,1048,28,488
31/08/2020,SULAWESI TENGGARA,2,2,23,-23,1566,1071,30,465
01/09/2020,SULAWESI TENGGARA,42,1,15,26,1608,1086,31,491
02/09/2020,SULAWESI TENGGARA,15,1,5,9,1623,1091,32,500
03/09/2020,SULAWESI TENGGARA,6,3,8,-5,1629,1099,35,495
04/09/2020,SULAWESI TENGGARA,28,0,8,20,1657,1107,35,515
05/09/2020,SULAWESI TENGGARA,19,1,9,9,1676,1116,36,524
06/09/2020,SULAWESI TENGGARA,29,1,3,25,1705,1119,37,549
07/09/2020,SULAWESI TENGGARA,0,0,51,-51,1705,1170,37,498
08/09/2020,SULAWESI TENGGARA,11,1,23,-13,1716,1193,38,485
09/09/2020,SULAWESI TENGGARA,24,1,29,-6,1740,1222,39,479
10/09/2020,SULAWESI TENGGARA,26,2,11,13,1766,1233,41,492
11/09/2020,SULAWESI TENGGARA,33,0,33,0,1799,1266,41,492
12/09/2020,SULAWESI TENGGARA,33,1,10,22,1832,1276,42,514
13/09/2020,SULAWESI TENGGARA,36,0,25,11,1868,1301,42,525
14/09/2020,SULAWESI TENGGARA,22,0,11,11,1890,1312,42,536
15/09/2020,SULAWESI TENGGARA,58,0,16,42,1948,1328,42,578
16/09/2020,SULAWESI TENGGARA,59,2,9,48,2007,1337,44,626
17/09/2020,SULAWESI TENGGARA,35,2,11,22,2042,1348,46,648
18/09/2020,SULAWESI TENGGARA,17,0,15,2,2059,1363,46,650
19/09/2020,SULAWESI TENGGARA,53,0,7,46,2112,1370,46,696
20/09/2020,SULAWESI TENGGARA,71,1,0,70,2183,1370,47,766
21/09/2020,SULAWESI TENGGARA,36,1,44,-9,2219,1414,48,757
22/09/2020,SULAWESI TENGGARA,42,2,105,-65,2261,1519,50,692
23/09/2020,SULAWESI TENGGARA,90,1,119,-30,2351,1638,51,662
24/09/2020,SULAWESI TENGGARA,71,1,76,-6,2422,1714,52,656
25/09/2020,SULAWESI TENGGARA,79,1,29,49,2501,1743,53,705
26/09/2020,SULAWESI TENGGARA,175,0,58,117,2676,1801,53,822
27/09/2020,SULAWESI TENGGARA,84,2,0,82,2760,1801,55,904
28/09/2020,SULAWESI TENGGARA,19,3,42,-26,2779,1843,58,878
29/09/2020,SULAWESI TENGGARA,36,2,61,-27,2815,1904,60,851
30/09/2020,SULAWESI TENGGARA,41,0,14,27,2856,1918,60,878
01/10/2020,SULAWESI TENGGARA,46,1,18,27,2902,1936,61,905
02/10/2020,SULAWESI TENGGARA,79,0,47,32,2981,1983,61,937
03/10/2020,SULAWESI TENGGARA,45,0,7,38,3026,1990,61,975
04/10/2020,SULAWESI TENGGARA,36,1,22,13,3062,2012,62,988
05/10/2020,SULAWESI TENGGARA,3,1,63,-61,3065,2075,63,927
06/10/2020,SULAWESI TENGGARA,95,0,57,38,3160,2132,63,965
07/10/2020,SULAWESI TENGGARA,96,1,47,48,3256,2179,64,1013
08/10/2020,SULAWESI TENGGARA,100,0,34,66,3356,2213,64,1079
09/10/2020,SULAWESI TENGGARA,63,1,71,-9,3419,2284,65,1070
10/10/2020,SULAWESI TENGGARA,58,0,56,2,3477,2340,65,1072
11/10/2020,SULAWESI TENGGARA,91,1,6,84,3568,2346,66,1156
12/10/2020,SULAWESI TENGGARA,59,0,27,32,3627,2373,66,1188
13/10/2020,SULAWESI TENGGARA,108,0,18,90,3735,2391,66,1278
14/10/2020,SULAWESI TENGGARA,65,1,46,18,3800,2437,67,1296
15/10/2020,SULAWESI TENGGARA,102,2,33,67,3902,2470,69,1363
16/10/2020,SULAWESI TENGGARA,48,2,35,11,3950,2505,71,1374
17/10/2020,SULAWESI TENGGARA,73,0,10,63,4023,2515,71,1437
18/10/2020,SULAWESI TENGGARA,213,2,51,160,4236,2566,73,1597
19/10/2020,SULAWESI TENGGARA,39,0,109,-70,4275,2675,73,1527
20/10/2020,SULAWESI TENGGARA,26,0,238,-212,4301,2913,73,1315
21/10/2020,SULAWESI TENGGARA,80,0,65,15,4381,2978,73,1330
22/10/2020,SULAWESI TENGGARA,90,2,100,-12,4471,3078,75,1318
23/10/2020,SULAWESI TENGGARA,77,1,74,2,4548,3152,76,1320
24/10/2020,SULAWESI TENGGARA,72,1,104,-33,4620,3256,77,1287
25/10/2020,SULAWESI TENGGARA,43,2,72,-31,4663,3328,79,1256
26/10/2020,SULAWESI TENGGARA,10,0,63,-53,4673,3391,79,1203
27/10/2020,SULAWESI TENGGARA,40,1,56,-17,4713,3447,80,1186
28/10/2020,SULAWESI TENGGARA,144,0,110,34,4857,3557,80,1220
29/10/2020,SULAWESI TENGGARA,44,0,116,-72,4901,3673,80,1148
30/10/2020,SULAWESI TENGGARA,25,1,80,-56,4926,3753,81,1092
31/10/2020,SULAWESI TENGGARA,24,1,91,-68,4950,3844,82,1024
01/11/2020,SULAWESI TENGGARA,120,0,85,35,5070,3929,82,1059
02/11/2020,SULAWESI TENGGARA,3,1,85,-83,5073,4014,83,976
03/11/2020,SULAWESI TENGGARA,7,0,141,-134,5080,4155,83,842
04/11/2020,SULAWESI TENGGARA,41,2,34,5,5121,4189,85,847
05/11/2020,SULAWESI TENGGARA,42,0,49,-7,5163,4238,85,840
06/11/2020,SULAWESI TENGGARA,79,2,25,52,5242,4263,87,892
07/11/2020,SULAWESI TENGGARA,73,0,23,50,5315,4286,87,942
08/11/2020,SULAWESI TENGGARA,46,1,18,27,5361,4304,88,969
09/11/2020,SULAWESI TENGGARA,4,0,26,-22,5365,4330,88,947
10/11/2020,SULAWESI TENGGARA,92,0,9,83,5457,4339,88,1030
11/11/2020,SULAWESI TENGGARA,30,0,5,25,5487,4344,88,1055
12/11/2020,SULAWESI TENGGARA,42,0,26,16,5529,4370,88,1071
13/11/2020,SULAWESI TENGGARA,86,0,10,76,5615,4380,88,1147
14/11/2020,SULAWESI TENGGARA,58,2,5,51,5673,4385,90,1198
15/11/2020,SULAWESI TENGGARA,0,0,29,-29,5673,4414,90,1169
16/11/2020,SULAWESI TENGGARA,41,1,44,-4,5714,4458,91,1165
17/11/2020,SULAWESI TENGGARA,17,0,3,14,5731,4461,91,1179
18/11/2020,SULAWESI TENGGARA,96,0,0,96,5827,4461,91,1275
19/11/2020,SULAWESI TENGGARA,70,0,0,70,5897,4461,91,1345
20/11/2020,SULAWESI TENGGARA,76,2,0,74,5973,4461,93,1419
21/11/2020,SULAWESI TENGGARA,66,1,0,65,6039,4461,94,1484
22/11/2020,SULAWESI TENGGARA,49,1,0,48,6088,4461,95,1532
23/11/2020,SULAWESI TENGGARA,14,1,9,4,6102,4470,96,1536
24/11/2020,SULAWESI TENGGARA,65,0,18,47,6167,4488,96,1583
25/11/2020,SULAWESI TENGGARA,52,1,0,51,6219,4488,97,1634
26/11/2020,SULAWESI TENGGARA,46,0,109,-63,6265,4597,97,1571
27/11/2020,SULAWESI TENGGARA,102,5,128,-31,6367,4725,102,1540
28/11/2020,SULAWESI TENGGARA,73,0,129,-56,6440,4854,102,1484
29/11/2020,SULAWESI TENGGARA,62,3,2,57,6502,4856,105,1541
30/11/2020,SULAWESI TENGGARA,1,1,138,-138,6503,4994,106,1403
01/12/2020,SULAWESI TENGGARA,91,0,108,-17,6594,5102,106,1386
02/12/2020,SULAWESI TENGGARA,68,1,94,-27,6662,5196,107,1359
03/12/2020,SULAWESI TENGGARA,77,2,104,-29,6739,5300,109,1330
04/12/2020,SULAWESI TENGGARA,64,3,66,-5,6803,5366,112,1325
05/12/2020,SULAWESI TENGGARA,63,0,15,48,6866,5381,112,1373
06/12/2020,SULAWESI TENGGARA,58,3,27,28,6924,5408,115,1401
07/12/2020,SULAWESI TENGGARA,36,0,114,-78,6960,5522,115,1323
08/12/2020,SULAWESI TENGGARA,21,0,50,-29,6981,5572,115,1294
09/12/2020,SULAWESI TENGGARA,75,0,12,63,7056,5584,115,1357
10/12/2020,SULAWESI TENGGARA,1,0,17,-16,7057,5601,115,1341
11/12/2020,SULAWESI TENGGARA,31,0,50,-19,7088,5651,115,1322
12/12/2020,SULAWESI TENGGARA,40,1,17,22,7128,5668,116,1344
13/12/2020,SULAWESI TENGGARA,55,0,15,40,7183,5683,116,1384
14/12/2020,SULAWESI TENGGARA,2,0,51,-49,7185,5734,116,1335
15/12/2020,SULAWESI TENGGARA,57,3,30,24,7242,5764,119,1359
16/12/2020,SULAWESI TENGGARA,94,0,51,43,7336,5815,119,1402
17/12/2020,SULAWESI TENGGARA,29,1,81,-53,7365,5896,120,1349
18/12/2020,SULAWESI TENGGARA,54,1,98,-45,7419,5994,121,1304
19/12/2020,SULAWESI TENGGARA,59,1,19,39,7478,6013,122,1343
20/12/2020,SULAWESI TENGGARA,72,1,17,54,7550,6030,123,1397
21/12/2020,SULAWESI TENGGARA,6,0,65,-59,7556,6095,123,1338
22/12/2020,SULAWESI TENGGARA,59,3,92,-36,7615,6187,126,1302
23/12/2020,SULAWESI TENGGARA,38,3,7,28,7653,6194,129,1330
24/12/2020,SULAWESI TENGGARA,69,0,28,41,7722,6222,129,1371
25/12/2020,SULAWESI TENGGARA,35,1,24,10,7757,6246,130,1381
26/12/2020,SULAWESI TENGGARA,4,0,45,-41,7761,6291,130,1340
27/12/2020,SULAWESI TENGGARA,26,0,0,26,7787,6291,130,1366
28/12/2020,SULAWESI TENGGARA,4,2,121,-119,7791,6412,132,1247
29/12/2020,SULAWESI TENGGARA,15,11,107,-103,7806,6519,143,1144
30/12/2020,SULAWESI TENGGARA,63,2,137,-76,7869,6656,145,1068
31/12/2020,SULAWESI TENGGARA,38,2,24,12,7907,6680,147,1080
01/01/2021,SULAWESI TENGGARA,79,0,2,77,7986,6682,147,1157
02/01/2021,SULAWESI TENGGARA,33,2,23,8,8019,6705,149,1165
03/01/2021,SULAWESI TENGGARA,34,2,0,32,8053,6705,151,1197
04/01/2021,SULAWESI TENGGARA,17,1,105,-89,8070,6810,152,1108
05/01/2021,SULAWESI TENGGARA,30,2,102,-74,8100,6912,154,1034
06/01/2021,SULAWESI TENGGARA,34,2,99,-67,8134,7011,156,967
07/01/2021,SULAWESI TENGGARA,49,1,2,46,8183,7013,157,1013
08/01/2021,SULAWESI TENGGARA,62,1,1,60,8245,7014,158,1073
09/01/2021,SULAWESI TENGGARA,56,2,11,43,8301,7025,160,1116
10/01/2021,SULAWESI TENGGARA,99,0,0,99,8400,7025,160,1215
11/01/2021,SULAWESI TENGGARA,29,1,39,-11,8429,7064,161,1204
12/01/2021,SULAWESI TENGGARA,70,1,25,44,8499,7089,162,1248
13/01/2021,SULAWESI TENGGARA,91,1,19,71,8590,7108,163,1319
14/01/2021,SULAWESI TENGGARA,72,2,25,45,8662,7133,165,1364
15/01/2021,SULAWESI TENGGARA,35,0,27,8,8697,7160,165,1372
16/01/2021,SULAWESI TENGGARA,75,3,20,52,8772,7180,168,1424
17/01/2021,SULAWESI TENGGARA,64,0,58,6,8836,7238,168,1430
18/01/2021,SULAWESI TENGGARA,16,0,53,-37,8852,7291,168,1393
19/01/2021,SULAWESI TENGGARA,48,0,33,15,8900,7324,168,1408
20/01/2021,SULAWESI TENGGARA,39,0,44,-5,8939,7368,168,1403
21/01/2021,SULAWESI TENGGARA,77,1,1,75,9016,7369,169,1478
22/01/2021,SULAWESI TENGGARA,92,2,73,17,9108,7442,171,1495
23/01/2021,SULAWESI TENGGARA,65,0,11,54,9173,7453,171,1549
24/01/2021,SULAWESI TENGGARA,43,2,16,25,9216,7469,173,1574
25/01/2021,SULAWESI TENGGARA,12,0,50,-38,9228,7519,173,1536
26/01/2021,SULAWESI TENGGARA,33,0,56,-23,9261,7575,173,1513
27/01/2021,SULAWESI TENGGARA,38,1,55,-18,9299,7630,174,1495
28/01/2021,SULAWESI TENGGARA,61,1,48,12,9360,7678,175,1507
29/01/2021,SULAWESI TENGGARA,37,1,14,22,9397,7692,176,1529
30/01/2021,SULAWESI TENGGARA,46,0,75,-29,9443,7767,176,1500
31/01/2021,SULAWESI TENGGARA,58,0,77,-19,9501,7844,176,1481
01/02/2021,SULAWESI TENGGARA,16,1,47,-32,9517,7891,177,1449
02/02/2021,SULAWESI TENGGARA,31,3,55,-27,9548,7946,180,1422
03/02/2021,SULAWESI TENGGARA,26,0,34,-8,9574,7980,180,1414
04/02/2021,SULAWESI TENGGARA,47,0,54,-7,9621,8034,180,1407
05/02/2021,SULAWESI TENGGARA,31,0,71,-40,9652,8105,180,1367
06/02/2021,SULAWESI TENGGARA,34,0,93,-59,9686,8198,180,1308
07/02/2021,SULAWESI TENGGARA,48,0,13,35,9734,8211,180,1343
08/02/2021,SULAWESI TENGGARA,7,0,215,-208,9741,8426,180,1135
09/02/2021,SULAWESI TENGGARA,17,4,15,-2,9758,8441,184,1133
10/02/2021,SULAWESI TENGGARA,12,2,37,-27,9770,8478,186,1106
11/02/2021,SULAWESI TENGGARA,20,1,269,-250,9790,8747,187,856
12/02/2021,SULAWESI TENGGARA,26,1,68,-43,9816,8815,188,813
13/02/2021,SULAWESI TENGGARA,8,0,52,-44,9824,8867,188,769
14/02/2021,SULAWESI TENGGARA,15,2,7,6,9839,8874,190,775
15/02/2021,SULAWESI TENGGARA,8,0,8,0,9847,8882,190,775
16/02/2021,SULAWESI TENGGARA,11,0,8,3,9858,8890,190,778
17/02/2021,SULAWESI TENGGARA,14,0,25,-11,9872,8915,190,767
18/02/2021,SULAWESI TENGGARA,28,1,38,-11,9900,8953,191,756
19/02/2021,SULAWESI TENGGARA,17,0,117,-100,9917,9070,191,656
20/02/2021,SULAWESI TENGGARA,15,0,35,-20,9932,9105,191,636
21/02/2021,SULAWESI TENGGARA,22,0,1,21,9954,9106,191,657
22/02/2021,SULAWESI TENGGARA,28,0,27,1,9982,9133,191,658
23/02/2021,SULAWESI TENGGARA,7,1,45,-39,9989,9178,192,619
24/02/2021,SULAWESI TENGGARA,10,0,17,-7,9999,9195,192,612
25/02/2021,SULAWESI TENGGARA,16,1,63,-48,10015,9258,193,564
26/02/2021,SULAWESI TENGGARA,10,0,22,-12,10025,9280,193,552
27/02/2021,SULAWESI TENGGARA,14,0,0,14,10039,9280,193,566
28/02/2021,SULAWESI TENGGARA,4,1,2,1,10043,9282,194,567
01/03/2021,SULAWESI TENGGARA,11,0,2,9,10054,9284,194,576
02/03/2021,SULAWESI TENGGARA,7,3,17,-13,10061,9301,197,563
03/03/2021,SULAWESI TENGGARA,19,0,30,-11,10080,9331,197,552
04/03/2021,SULAWESI TENGGARA,3,1,6,-4,10083,9337,198,548
05/03/2021,SULAWESI TENGGARA,8,2,23,-17,10091,9360,200,531
06/03/2021,SULAWESI TENGGARA,2,0,24,-22,10093,9384,200,509
07/03/2021,SULAWESI TENGGARA,5,0,0,5,10098,9384,200,514
08/03/2021,SULAWESI TENGGARA,9,1,25,-17,10107,9409,201,497
09/03/2021,SULAWESI TENGGARA,13,0,11,2,10120,9420,201,499
10/03/2021,SULAWESI TENGGARA,5,0,3,2,10125,9423,201,501
11/03/2021,SULAWESI TENGGARA,14,0,21,-7,10139,9444,201,494
12/03/2021,SULAWESI TENGGARA,0,0,4,-4,10139,9448,201,490
13/03/2021,SULAWESI TENGGARA,2,1,0,1,10141,9448,202,491
14/03/2021,SULAWESI TENGGARA,3,0,0,3,10144,9448,202,494
15/03/2021,SULAWESI TENGGARA,3,0,1,2,10147,9449,202,496
16/03/2021,SULAWESI TENGGARA,7,1,14,-8,10154,9463,203,488
17/03/2021,SULAWESI TENGGARA,12,0,57,-45,10166,9520,203,443
18/03/2021,SULAWESI TENGGARA,5,0,0,5,10171,9520,203,448
19/03/2021,SULAWESI TENGGARA,6,0,1,5,10177,9521,203,453
20/03/2021,SULAWESI TENGGARA,26,0,0,26,10203,9521,203,479
21/03/2021,SULAWESI TENGGARA,17,1,0,16,10220,9521,204,495
22/03/2021,SULAWESI TENGGARA,0,0,3,-3,10220,9524,204,492
23/03/2021,SULAWESI TENGGARA,2,0,18,-16,10222,9542,204,476
24/03/2021,SULAWESI TENGGARA,3,0,0,3,10225,9542,204,479
25/03/2021,SULAWESI TENGGARA,1,0,1,0,10226,9543,204,479
26/03/2021,SULAWESI TENGGARA,6,0,42,-36,10232,9585,204,443
27/03/2021,SULAWESI TENGGARA,13,1,0,12,10245,9585,205,455
28/03/2021,SULAWESI TENGGARA,4,0,3,1,10249,9588,205,456
29/03/2021,SULAWESI TENGGARA,4,0,16,-12,10253,9604,205,444
30/03/2021,SULAWESI TENGGARA,7,0,22,-15,10260,9626,205,429
31/03/2021,SULAWESI TENGGARA,7,0,2,5,10267,9628,205,434
01/04/2021,SULAWESI TENGGARA,6,0,5,1,10273,9633,205,435
02/04/2021,SULAWESI TENGGARA,2,0,1,1,10275,9634,205,436
03/04/2021,SULAWESI TENGGARA,0,0,0,0,10275,9634,205,436
04/04/2021,SULAWESI TENGGARA,8,0,0,8,10283,9634,205,444
05/04/2021,SULAWESI TENGGARA,0,0,0,0,10283,9634,205,444
06/04/2021,SULAWESI TENGGARA,10,1,31,-22,10293,9665,206,422
07/04/2021,SULAWESI TENGGARA,5,0,1,4,10298,9666,206,426
08/04/2021,SULAWESI TENGGARA,16,0,4,12,10314,9670,206,438
09/04/2021,SULAWESI TENGGARA,1,0,19,-18,10315,9689,206,420
10/04/2021,SULAWESI TENGGARA,1,0,0,1,10316,9689,206,421
11/04/2021,SULAWESI TENGGARA,2,0,0,2,10318,9689,206,423
12/04/2021,SULAWESI TENGGARA,1,0,19,-18,10319,9708,206,405
13/04/2021,SULAWESI TENGGARA,2,0,5,-3,10321,9713,206,402
14/04/2021,SULAWESI TENGGARA,2,0,12,-10,10323,9725,206,392
15/04/2021,SULAWESI TENGGARA,2,0,0,2,10325,9725,206,394
16/04/2021,SULAWESI TENGGARA,6,0,26,-20,10331,9751,206,374
17/04/2021,SULAWESI TENGGARA,4,0,2,2,10335,9753,206,376
18/04/2021,SULAWESI TENGGARA,12,0,4,8,10347,9757,206,384
19/04/2021,SULAWESI TENGGARA,6,0,5,1,10353,9762,206,385
20/04/2021,SULAWESI TENGGARA,8,2,16,-10,10361,9778,208,375
21/04/2021,SULAWESI TENGGARA,1,1,13,-13,10362,9791,209,362
22/04/2021,SULAWESI TENGGARA,10,0,21,-11,10372,9812,209,351
23/04/2021,SULAWESI TENGGARA,10,0,1,9,10382,9813,209,360
24/04/2021,SULAWESI TENGGARA,3,0,1,2,10385,9814,209,362
25/04/2021,SULAWESI TENGGARA,2,0,0,2,10387,9814,209,364
26/04/2021,SULAWESI TENGGARA,3,0,0,3,10390,9814,209,367
27/04/2021,SULAWESI TENGGARA,6,0,3,3,10396,9817,209,370
28/04/2021,SULAWESI TENGGARA,11,0,5,6,10407,9822,209,376
29/04/2021,SULAWESI TENGGARA,8,0,0,8,10415,9822,209,384
30/04/2021,SULAWESI TENGGARA,5,0,62,-57,10420,9884,209,327
01/05/2021,SULAWESI TENGGARA,7,1,1,5,10427,9885,210,332
02/05/2021,SULAWESI TENGGARA,0,1,0,-1,10427,9885,211,331
03/05/2021,SULAWESI TENGGARA,0,1,13,-14,10427,9898,212,317
04/05/2021,SULAWESI TENGGARA,4,0,0,4,10431,9898,212,321
05/05/2021,SULAWESI TENGGARA,10,0,30,-20,10441,9928,212,301
06/05/2021,SULAWESI TENGGARA,2,2,17,-17,10443,9945,214,284
07/05/2021,SULAWESI TENGGARA,7,0,10,-3,10450,9955,214,281
08/05/2021,SULAWESI TENGGARA,0,0,1,-1,10450,9956,214,280
09/05/2021,SULAWESI TENGGARA,3,0,0,3,10453,9956,214,283
10/05/2021,SULAWESI TENGGARA,2,0,12,-10,10455,9968,214,273
11/05/2021,SULAWESI TENGGARA,8,0,7,1,10463,9975,214,274
12/05/2021,SULAWESI TENGGARA,7,1,7,-1,10470,9982,215,273
13/05/2021,SULAWESI TENGGARA,0,0,0,0,10470,9982,215,273
14/05/2021,SULAWESI TENGGARA,0,0,0,0,10470,9982,215,273
15/05/2021,SULAWESI TENGGARA,0,0,1,-1,10470,9983,215,272
16/05/2021,SULAWESI TENGGARA,0,0,0,0,10470,9983,215,272
17/05/2021,SULAWESI TENGGARA,1,0,14,-13,10471,9997,215,259
18/05/2021,SULAWESI TENGGARA,1,1,30,-30,10472,10027,216,229
19/05/2021,SULAWESI TENGGARA,5,1,2,2,10477,10029,217,231
20/05/2021,SULAWESI TENGGARA,15,0,2,13,10492,10031,217,244
21/05/2021,SULAWESI TENGGARA,1,0,3,-2,10493,10034,217,242
22/05/2021,SULAWESI TENGGARA,0,0,8,-8,10493,10042,217,234
23/05/2021,SULAWESI TENGGARA,1,0,3,-2,10494,10045,217,232
24/05/2021,SULAWESI TENGGARA,2,0,5,-3,10496,10050,217,229
25/05/2021,SULAWESI TENGGARA,2,0,1,1,10498,10051,217,230
26/05/2021,SULAWESI TENGGARA,0,0,2,-2,10498,10053,217,228
27/05/2021,SULAWESI TENGGARA,1,0,0,1,10499,10053,217,229
28/05/2021,SULAWESI TENGGARA,6,0,10,-4,10505,10063,217,225
29/05/2021,SULAWESI TENGGARA,7,0,21,-14,10512,10084,217,211
30/05/2021,SULAWESI TENGGARA,7,0,0,7,10519,10084,217,218
31/05/2021,SULAWESI TENGGARA,1,0,1,0,10520,10085,217,218
01/06/2021,SULAWESI TENGGARA,4,0,0,4,10524,10085,217,222
02/06/2021,SULAWESI TENGGARA,0,0,3,-3,10524,10088,217,219
03/06/2021,SULAWESI TENGGARA,2,0,12,-10,10526,10100,217,209
04/06/2021,SULAWESI TENGGARA,1,0,2,-1,10527,10102,217,208
05/06/2021,SULAWESI TENGGARA,10,0,3,7,10537,10105,217,215
06/06/2021,SULAWESI TENGGARA,1,0,0,1,10538,10105,217,216
07/06/2021,SULAWESI TENGGARA,5,0,1,4,10543,10106,217,220
08/06/2021,SULAWESI TENGGARA,7,0,5,2,10550,10111,217,222
09/06/2021,SULAWESI TENGGARA,5,0,0,5,10555,10111,217,227
10/06/2021,SULAWESI TENGGARA,19,0,4,15,10574,10115,217,242
11/06/2021,SULAWESI TENGGARA,8,0,0,8,10582,10115,217,250
12/06/2021,SULAWESI TENGGARA,6,0,0,6,10588,10115,217,256
13/06/2021,SULAWESI TENGGARA,8,2,1,5,10596,10116,219,261
26/03/2020,LAMPUNG,2,0,0,2,2,0,0,2
27/03/2020,LAMPUNG,1,0,0,1,3,0,0,3
28/03/2020,LAMPUNG,0,0,0,0,3,0,0,3
29/03/2020,LAMPUNG,0,0,0,0,3,0,0,3
30/03/2020,LAMPUNG,4,1,0,3,7,0,1,6
31/03/2020,LAMPUNG,0,1,0,-1,7,0,2,5
01/04/2020,LAMPUNG,0,0,0,0,7,0,2,5
02/04/2020,LAMPUNG,0,0,0,0,7,0,2,5
03/04/2020,LAMPUNG,3,1,0,2,10,0,3,7
04/04/2020,LAMPUNG,0,0,0,0,10,0,3,7
05/04/2020,LAMPUNG,0,0,0,0,10,0,3,7
06/04/2020,LAMPUNG,1,0,0,1,11,0,3,8
07/04/2020,LAMPUNG,0,0,0,0,11,0,3,8
08/04/2020,LAMPUNG,3,2,0,1,14,0,5,9
09/04/2020,LAMPUNG,1,0,2,-1,15,2,5,8
10/04/2020,LAMPUNG,5,0,0,5,20,2,5,13
11/04/2020,LAMPUNG,0,0,2,-2,20,4,5,11
12/04/2020,LAMPUNG,0,0,0,0,20,4,5,11
13/04/2020,LAMPUNG,1,0,0,1,21,4,5,12
14/04/2020,LAMPUNG,0,0,0,0,21,4,5,12
15/04/2020,LAMPUNG,0,0,0,0,21,4,5,12
16/04/2020,LAMPUNG,5,0,0,5,26,4,5,17
17/04/2020,LAMPUNG,0,0,0,0,26,4,5,17
18/04/2020,LAMPUNG,0,0,0,0,26,4,5,17
19/04/2020,LAMPUNG,0,0,0,0,26,4,5,17
20/04/2020,LAMPUNG,0,0,0,0,26,4,5,17
21/04/2020,LAMPUNG,1,0,1,0,27,5,5,17
22/04/2020,LAMPUNG,0,0,1,-1,27,6,5,16
23/04/2020,LAMPUNG,11,0,0,11,38,6,5,27
24/04/2020,LAMPUNG,0,0,0,0,38,6,5,27
25/04/2020,LAMPUNG,0,0,1,-1,38,7,5,26
26/04/2020,LAMPUNG,4,0,0,4,42,7,5,30
27/04/2020,LAMPUNG,0,0,1,-1,42,8,5,29
28/04/2020,LAMPUNG,2,0,2,0,44,10,5,29
29/04/2020,LAMPUNG,2,0,3,-1,46,13,5,28
30/04/2020,LAMPUNG,0,0,7,-7,46,20,5,21
01/05/2020,LAMPUNG,4,0,0,4,50,20,5,25
02/05/2020,LAMPUNG,0,0,0,0,50,20,5,25
03/05/2020,LAMPUNG,0,0,0,0,50,20,5,25
04/05/2020,LAMPUNG,4,0,0,4,54,20,5,29
05/05/2020,LAMPUNG,1,0,1,0,55,21,5,29
06/05/2020,LAMPUNG,8,0,5,3,63,26,5,32
07/05/2020,LAMPUNG,0,0,0,0,63,26,5,32
08/05/2020,LAMPUNG,3,0,0,3,66,26,5,35
09/05/2020,LAMPUNG,0,0,0,0,66,26,5,35
10/05/2020,LAMPUNG,0,1,0,-1,66,26,6,34
11/05/2020,LAMPUNG,0,1,0,-1,66,26,7,33
12/05/2020,LAMPUNG,0,0,0,0,66,26,7,33
13/05/2020,LAMPUNG,0,0,0,0,66,26,7,33
14/05/2020,LAMPUNG,0,0,0,0,66,26,7,33
15/05/2020,LAMPUNG,0,1,2,-3,66,28,8,30
16/05/2020,LAMPUNG,0,0,2,-2,66,30,8,28
17/05/2020,LAMPUNG,1,0,0,1,67,30,8,29
18/05/2020,LAMPUNG,16,0,2,14,83,32,8,43
19/05/2020,LAMPUNG,1,0,4,-3,84,36,8,40
20/05/2020,LAMPUNG,2,0,0,2,86,36,8,42
21/05/2020,LAMPUNG,16,0,2,14,102,38,8,56
22/05/2020,LAMPUNG,4,0,5,-1,106,43,8,55
23/05/2020,LAMPUNG,0,0,4,-4,106,47,8,51
24/05/2020,LAMPUNG,4,2,5,-3,110,52,10,48
25/05/2020,LAMPUNG,7,1,0,6,117,52,11,54
26/05/2020,LAMPUNG,0,0,2,-2,117,54,11,52
27/05/2020,LAMPUNG,2,0,0,2,119,54,11,54
28/05/2020,LAMPUNG,0,0,0,0,119,54,11,54
29/05/2020,LAMPUNG,13,0,0,13,132,54,11,67
30/05/2020,LAMPUNG,1,0,11,-10,133,65,11,57
31/05/2020,LAMPUNG,1,0,4,-3,134,69,11,54
01/06/2020,LAMPUNG,2,0,5,-3,136,74,11,51
02/06/2020,LAMPUNG,0,0,6,-6,136,80,11,45
03/06/2020,LAMPUNG,0,0,4,-4,136,84,11,41
04/06/2020,LAMPUNG,4,0,3,1,140,87,11,42
05/06/2020,LAMPUNG,1,0,11,-10,141,98,11,32
06/06/2020,LAMPUNG,2,0,3,-1,143,101,11,31
07/06/2020,LAMPUNG,1,0,1,0,144,102,11,31
08/06/2020,LAMPUNG,1,0,3,-2,145,105,11,29
09/06/2020,LAMPUNG,3,0,3,0,148,108,11,29
10/06/2020,LAMPUNG,2,0,1,1,150,109,11,30
11/06/2020,LAMPUNG,2,0,0,2,152,109,11,32
12/06/2020,LAMPUNG,1,0,2,-1,153,111,11,31
13/06/2020,LAMPUNG,12,1,3,8,165,114,12,39
14/06/2020,LAMPUNG,1,0,1,0,166,115,12,39
15/06/2020,LAMPUNG,0,0,0,0,166,115,12,39
16/06/2020,LAMPUNG,0,0,2,-2,166,117,12,37
17/06/2020,LAMPUNG,3,0,1,2,169,118,12,39
18/06/2020,LAMPUNG,2,0,3,-1,171,121,12,38
19/06/2020,LAMPUNG,1,0,2,-1,172,123,12,37
20/06/2020,LAMPUNG,8,0,5,3,180,128,12,40
21/06/2020,LAMPUNG,1,0,0,1,181,128,12,41
22/06/2020,LAMPUNG,0,0,0,0,181,128,12,41
23/06/2020,LAMPUNG,0,0,0,0,181,128,12,41
24/06/2020,LAMPUNG,2,0,7,-5,183,135,12,36
25/06/2020,LAMPUNG,4,0,0,4,187,135,12,40
26/06/2020,LAMPUNG,0,0,2,-2,187,137,12,38
27/06/2020,LAMPUNG,1,0,4,-3,188,141,12,35
28/06/2020,LAMPUNG,0,0,7,-7,188,148,12,28
29/06/2020,LAMPUNG,0,0,1,-1,188,149,12,27
30/06/2020,LAMPUNG,2,0,2,0,190,151,12,27
01/07/2020,LAMPUNG,1,0,2,-1,191,153,12,26
02/07/2020,LAMPUNG,2,0,0,2,193,153,12,28
03/07/2020,LAMPUNG,0,0,0,0,193,153,12,28
04/07/2020,LAMPUNG,0,0,1,-1,193,154,12,27
05/07/2020,LAMPUNG,2,0,1,1,195,155,12,28
06/07/2020,LAMPUNG,6,0,4,2,201,159,12,30
07/07/2020,LAMPUNG,0,0,0,0,201,159,12,30
08/07/2020,LAMPUNG,1,0,0,1,202,159,12,31
09/07/2020,LAMPUNG,1,0,1,0,203,160,12,31
10/07/2020,LAMPUNG,2,0,4,-2,205,164,12,29
11/07/2020,LAMPUNG,0,0,0,0,205,164,12,29
12/07/2020,LAMPUNG,3,0,3,0,208,167,12,29
13/07/2020,LAMPUNG,1,0,1,0,209,168,12,29
14/07/2020,LAMPUNG,0,0,0,0,209,168,12,29
15/07/2020,LAMPUNG,6,0,1,5,215,169,12,34
16/07/2020,LAMPUNG,4,0,0,4,219,169,12,38
17/07/2020,LAMPUNG,1,0,1,0,220,170,12,38
18/07/2020,LAMPUNG,9,0,0,9,229,170,12,47
19/07/2020,LAMPUNG,2,0,4,-2,231,174,12,45
20/07/2020,LAMPUNG,0,0,3,-3,231,177,12,42
21/07/2020,LAMPUNG,1,0,1,0,232,178,12,42
22/07/2020,LAMPUNG,5,0,1,4,237,179,12,46
23/07/2020,LAMPUNG,9,0,3,6,246,182,12,52
24/07/2020,LAMPUNG,0,0,3,-3,246,185,12,49
25/07/2020,LAMPUNG,1,0,2,-1,247,187,12,48
26/07/2020,LAMPUNG,3,0,3,0,250,190,12,48
27/07/2020,LAMPUNG,2,0,2,0,252,192,12,48
28/07/2020,LAMPUNG,0,0,3,-3,252,195,12,45
29/07/2020,LAMPUNG,0,0,0,0,252,195,12,45
30/07/2020,LAMPUNG,3,0,0,3,255,195,12,48
31/07/2020,LAMPUNG,0,0,0,0,255,195,12,48
01/08/2020,LAMPUNG,0,0,0,0,255,195,12,48
02/08/2020,LAMPUNG,16,1,0,15,271,195,13,63
03/08/2020,LAMPUNG,26,0,16,10,297,211,13,73
04/08/2020,LAMPUNG,0,0,1,-1,297,212,13,72
05/08/2020,LAMPUNG,1,0,3,-2,298,215,13,70
06/08/2020,LAMPUNG,1,0,4,-3,299,219,13,67
07/08/2020,LAMPUNG,4,0,2,2,303,221,13,69
08/08/2020,LAMPUNG,4,0,5,-1,307,226,13,68
09/08/2020,LAMPUNG,0,0,0,0,307,226,13,68
10/08/2020,LAMPUNG,9,0,1,8,316,227,13,76
11/08/2020,LAMPUNG,2,0,1,1,318,228,13,77
12/08/2020,LAMPUNG,2,0,2,0,320,230,13,77
13/08/2020,LAMPUNG,7,0,4,3,327,234,13,80
14/08/2020,LAMPUNG,5,0,0,5,332,234,13,85
15/08/2020,LAMPUNG,0,0,13,-13,332,247,13,72
16/08/2020,LAMPUNG,9,1,0,8,341,247,14,80
17/08/2020,LAMPUNG,2,0,31,-29,343,278,14,51
18/08/2020,LAMPUNG,0,0,0,0,343,278,14,51
19/08/2020,LAMPUNG,3,0,2,1,346,280,14,52
20/08/2020,LAMPUNG,6,0,1,5,352,281,14,57
21/08/2020,LAMPUNG,1,0,1,0,353,282,14,57
22/08/2020,LAMPUNG,3,0,1,2,356,283,14,59
23/08/2020,LAMPUNG,6,0,0,6,362,283,14,65
24/08/2020,LAMPUNG,3,0,12,-9,365,295,14,56
25/08/2020,LAMPUNG,4,0,0,4,369,295,14,60
26/08/2020,LAMPUNG,2,0,15,-13,371,310,14,47
27/08/2020,LAMPUNG,5,0,11,-6,376,321,14,41
28/08/2020,LAMPUNG,2,0,0,2,378,321,14,43
29/08/2020,LAMPUNG,4,0,0,4,382,321,14,47
30/08/2020,LAMPUNG,7,0,3,4,389,324,14,51
31/08/2020,LAMPUNG,6,0,5,1,395,329,14,52
01/09/2020,LAMPUNG,4,2,0,2,399,329,16,54
02/09/2020,LAMPUNG,11,0,5,6,410,334,16,60
03/09/2020,LAMPUNG,14,1,2,11,424,336,17,71
04/09/2020,LAMPUNG,4,0,2,2,428,338,17,73
05/09/2020,LAMPUNG,12,1,1,10,440,339,18,83
06/09/2020,LAMPUNG,12,1,6,5,452,345,19,88
07/09/2020,LAMPUNG,3,2,0,1,455,345,21,89
08/09/2020,LAMPUNG,11,0,6,5,466,351,21,94
09/09/2020,LAMPUNG,22,1,10,11,488,361,22,105
10/09/2020,LAMPUNG,21,0,2,19,509,363,22,124
11/09/2020,LAMPUNG,2,0,3,-1,511,366,22,123
12/09/2020,LAMPUNG,44,0,0,44,555,366,22,167
13/09/2020,LAMPUNG,0,0,5,-5,555,371,22,162
14/09/2020,LAMPUNG,60,1,8,51,615,379,23,213
15/09/2020,LAMPUNG,29,0,6,23,644,385,23,236
16/09/2020,LAMPUNG,22,2,22,-2,666,407,25,234
17/09/2020,LAMPUNG,21,1,21,-1,687,428,26,233
18/09/2020,LAMPUNG,7,1,2,4,694,430,27,237
19/09/2020,LAMPUNG,21,1,6,14,715,436,28,251
20/09/2020,LAMPUNG,13,1,0,12,728,436,29,263
21/09/2020,LAMPUNG,10,0,0,10,738,436,29,273
22/09/2020,LAMPUNG,24,1,24,-1,762,460,30,272
23/09/2020,LAMPUNG,16,0,34,-18,778,494,30,254
24/09/2020,LAMPUNG,21,0,0,21,799,494,30,275
25/09/2020,LAMPUNG,15,0,25,-10,814,519,30,265
26/09/2020,LAMPUNG,12,0,63,-51,826,582,30,214
27/09/2020,LAMPUNG,15,0,14,1,841,596,30,215
28/09/2020,LAMPUNG,10,0,19,-9,851,615,30,206
29/09/2020,LAMPUNG,24,0,14,10,875,629,30,216
30/09/2020,LAMPUNG,19,3,11,5,894,640,33,221
01/10/2020,LAMPUNG,13,0,16,-3,907,656,33,218
02/10/2020,LAMPUNG,25,3,17,5,932,673,36,223
03/10/2020,LAMPUNG,10,0,9,1,942,682,36,224
04/10/2020,LAMPUNG,9,0,13,-4,951,695,36,220
05/10/2020,LAMPUNG,37,0,16,21,988,711,36,241
06/10/2020,LAMPUNG,27,0,22,5,1015,733,36,246
07/10/2020,LAMPUNG,16,2,0,14,1031,733,38,260
08/10/2020,LAMPUNG,58,0,16,42,1089,749,38,302
09/10/2020,LAMPUNG,0,1,17,-18,1089,766,39,284
10/10/2020,LAMPUNG,31,2,3,26,1120,769,41,310
11/10/2020,LAMPUNG,11,0,1,10,1131,770,41,320
12/10/2020,LAMPUNG,16,0,0,16,1147,770,41,336
13/10/2020,LAMPUNG,15,0,0,15,1162,770,41,351
14/10/2020,LAMPUNG,42,5,17,20,1204,787,46,371
15/10/2020,LAMPUNG,17,1,0,16,1221,787,47,387
16/10/2020,LAMPUNG,29,0,63,-34,1250,850,47,353
17/10/2020,LAMPUNG,35,1,20,14,1285,870,48,367
18/10/2020,LAMPUNG,13,3,20,-10,1298,890,51,357
19/10/2020,LAMPUNG,42,2,24,16,1340,914,53,373
20/10/2020,LAMPUNG,36,1,0,35,1376,914,54,408
21/10/2020,LAMPUNG,44,1,0,43,1420,914,55,451
22/10/2020,LAMPUNG,40,2,23,15,1460,937,57,466
23/10/2020,LAMPUNG,62,2,4,56,1522,941,59,522
24/10/2020,LAMPUNG,29,3,0,26,1551,941,62,548
25/10/2020,LAMPUNG,50,0,2,48,1601,943,62,596
26/10/2020,LAMPUNG,45,3,6,36,1646,949,65,632
27/10/2020,LAMPUNG,40,4,0,36,1686,949,69,668
28/10/2020,LAMPUNG,43,2,39,2,1729,988,71,670
29/10/2020,LAMPUNG,28,3,46,-21,1757,1034,74,649
30/10/2020,LAMPUNG,37,1,25,11,1794,1059,75,660
31/10/2020,LAMPUNG,31,2,0,29,1825,1059,77,689
01/11/2020,LAMPUNG,26,2,74,-50,1851,1133,79,639
02/11/2020,LAMPUNG,33,0,1,32,1884,1134,79,671
03/11/2020,LAMPUNG,52,3,2,47,1936,1136,82,718
04/11/2020,LAMPUNG,48,4,43,1,1984,1179,86,719
05/11/2020,LAMPUNG,38,2,2,34,2022,1181,88,753
06/11/2020,LAMPUNG,44,3,0,41,2066,1181,91,794
07/11/2020,LAMPUNG,39,1,81,-43,2105,1262,92,751
08/11/2020,LAMPUNG,60,6,6,48,2165,1268,98,799
09/11/2020,LAMPUNG,86,6,19,61,2251,1287,104,860
10/11/2020,LAMPUNG,0,0,4,-4,2251,1291,104,856
11/11/2020,LAMPUNG,99,0,22,77,2350,1313,104,933
12/11/2020,LAMPUNG,95,1,30,64,2445,1343,105,997
13/11/2020,LAMPUNG,137,3,11,123,2582,1354,108,1120
14/11/2020,LAMPUNG,87,0,26,61,2669,1380,108,1181
15/11/2020,LAMPUNG,14,3,58,-47,2683,1438,111,1134
16/11/2020,LAMPUNG,61,2,12,47,2744,1450,113,1181
17/11/2020,LAMPUNG,22,3,117,-98,2766,1567,116,1083
18/11/2020,LAMPUNG,0,0,3,-3,2766,1570,116,1080
19/11/2020,LAMPUNG,125,4,49,72,2891,1619,120,1152
20/11/2020,LAMPUNG,44,1,3,40,2935,1622,121,1192
21/11/2020,LAMPUNG,46,0,50,-4,2981,1672,121,1188
22/11/2020,LAMPUNG,46,3,9,34,3027,1681,124,1222
23/11/2020,LAMPUNG,60,11,50,-1,3087,1731,135,1221
24/11/2020,LAMPUNG,67,0,9,58,3154,1740,135,1279
25/11/2020,LAMPUNG,84,9,50,25,3238,1790,144,1304
26/11/2020,LAMPUNG,102,9,30,63,3340,1820,153,1367
27/11/2020,LAMPUNG,157,10,84,63,3497,1904,163,1430
28/11/2020,LAMPUNG,125,6,71,48,3622,1975,169,1478
29/11/2020,LAMPUNG,56,3,29,24,3678,2004,172,1502
30/11/2020,LAMPUNG,145,1,37,107,3823,2041,173,1609
01/12/2020,LAMPUNG,116,0,50,66,3939,2091,173,1675
02/12/2020,LAMPUNG,54,0,58,-4,3993,2149,173,1671
03/12/2020,LAMPUNG,54,2,50,2,4047,2199,175,1673
04/12/2020,LAMPUNG,81,2,56,23,4128,2255,177,1696
05/12/2020,LAMPUNG,65,2,39,24,4193,2294,179,1720
06/12/2020,LAMPUNG,55,1,92,-38,4248,2386,180,1682
07/12/2020,LAMPUNG,34,1,176,-143,4282,2562,181,1539
08/12/2020,LAMPUNG,64,5,42,17,4346,2604,186,1556
09/12/2020,LAMPUNG,80,3,54,23,4426,2658,189,1579
10/12/2020,LAMPUNG,65,5,61,-1,4491,2719,194,1578
11/12/2020,LAMPUNG,62,4,72,-14,4553,2791,198,1564
12/12/2020,LAMPUNG,66,4,3,59,4619,2794,202,1623
13/12/2020,LAMPUNG,79,3,87,-11,4698,2881,205,1612
14/12/2020,LAMPUNG,78,12,13,53,4776,2894,217,1665
15/12/2020,LAMPUNG,73,4,158,-89,4849,3052,221,1576
16/12/2020,LAMPUNG,78,8,117,-47,4927,3169,229,1529
17/12/2020,LAMPUNG,103,3,147,-47,5030,3316,232,1482
18/12/2020,LAMPUNG,95,1,77,17,5125,3393,233,1499
19/12/2020,LAMPUNG,95,5,51,39,5220,3444,238,1538
20/12/2020,LAMPUNG,112,2,46,64,5332,3490,240,1602
21/12/2020,LAMPUNG,132,0,12,120,5464,3502,240,1722
22/12/2020,LAMPUNG,73,1,48,24,5537,3550,241,1746
23/12/2020,LAMPUNG,111,1,24,86,5648,3574,242,1832
24/12/2020,LAMPUNG,78,1,95,-18,5726,3669,243,1814
25/12/2020,LAMPUNG,65,4,51,10,5791,3720,247,1824
26/12/2020,LAMPUNG,65,3,108,-46,5856,3828,250,1778
27/12/2020,LAMPUNG,91,4,98,-11,5947,3926,254,1767
28/12/2020,LAMPUNG,78,5,73,0,6025,3999,259,1767
29/12/2020,LAMPUNG,102,3,92,7,6127,4091,262,1774
30/12/2020,LAMPUNG,64,7,87,-30,6191,4178,269,1744
31/12/2020,LAMPUNG,85,5,140,-60,6276,4318,274,1684
01/01/2021,LAMPUNG,80,3,197,-120,6356,4515,277,1564
02/01/2021,LAMPUNG,115,0,6,109,6471,4521,277,1673
03/01/2021,LAMPUNG,81,3,42,36,6552,4563,280,1709
04/01/2021,LAMPUNG,62,7,96,-41,6614,4659,287,1668
05/01/2021,LAMPUNG,82,5,66,11,6696,4725,292,1679
06/01/2021,LAMPUNG,87,34,95,-42,6783,4820,326,1637
07/01/2021,LAMPUNG,92,13,53,26,6875,4873,339,1663
08/01/2021,LAMPUNG,122,2,47,73,6997,4920,341,1736
09/01/2021,LAMPUNG,119,6,22,91,7116,4942,347,1827
10/01/2021,LAMPUNG,97,3,46,48,7213,4988,350,1875
11/01/2021,LAMPUNG,135,5,100,30,7348,5088,355,1905
12/01/2021,LAMPUNG,193,13,53,127,7541,5141,368,2032
13/01/2021,LAMPUNG,108,17,102,-11,7649,5243,385,2021
14/01/2021,LAMPUNG,96,13,99,-16,7745,5342,398,2005
15/01/2021,LAMPUNG,166,5,81,80,7911,5423,403,2085
16/01/2021,LAMPUNG,114,8,54,52,8025,5477,411,2137
17/01/2021,LAMPUNG,118,9,52,57,8143,5529,420,2194
18/01/2021,LAMPUNG,85,6,37,42,8228,5566,426,2236
19/01/2021,LAMPUNG,124,7,144,-27,8352,5710,433,2209
20/01/2021,LAMPUNG,174,2,87,85,8526,5797,435,2294
21/01/2021,LAMPUNG,128,5,217,-94,8654,6014,440,2200
22/01/2021,LAMPUNG,120,4,88,28,8774,6102,444,2228
23/01/2021,LAMPUNG,145,27,161,-43,8919,6263,471,2185
24/01/2021,LAMPUNG,165,6,46,113,9084,6309,477,2298
25/01/2021,LAMPUNG,108,3,170,-65,9192,6479,480,2233
26/01/2021,LAMPUNG,126,9,38,79,9318,6517,489,2312
27/01/2021,LAMPUNG,148,3,111,34,9466,6628,492,2346
28/01/2021,LAMPUNG,118,3,116,-1,9584,6744,495,2345
29/01/2021,LAMPUNG,146,4,78,64,9730,6822,499,2409
30/01/2021,LAMPUNG,145,7,78,60,9875,6900,506,2469
31/01/2021,LAMPUNG,134,5,131,-2,10009,7031,511,2467
01/02/2021,LAMPUNG,147,10,206,-69,10156,7237,521,2398
02/02/2021,LAMPUNG,165,8,130,27,10321,7367,529,2425
03/02/2021,LAMPUNG,124,7,167,-50,10445,7534,536,2375
04/02/2021,LAMPUNG,98,6,162,-70,10543,7696,542,2305
05/02/2021,LAMPUNG,114,11,123,-20,10657,7819,553,2285
06/02/2021,LAMPUNG,115,3,165,-53,10772,7984,556,2232
07/02/2021,LAMPUNG,114,2,134,-22,10886,8118,558,2210
08/02/2021,LAMPUNG,61,9,97,-45,10947,8215,567,2165
09/02/2021,LAMPUNG,98,4,174,-80,11045,8389,571,2085
10/02/2021,LAMPUNG,106,8,179,-81,11151,8568,579,2004
11/02/2021,LAMPUNG,66,6,130,-70,11217,8698,585,1934
12/02/2021,LAMPUNG,76,8,144,-76,11293,8842,593,1858
13/02/2021,LAMPUNG,75,6,215,-146,11368,9057,599,1712
14/02/2021,LAMPUNG,89,1,97,-9,11457,9154,600,1703
15/02/2021,LAMPUNG,68,1,94,-27,11525,9248,601,1676
16/02/2021,LAMPUNG,78,1,35,42,11603,9283,602,1718
17/02/2021,LAMPUNG,75,0,44,31,11678,9327,602,1749
18/02/2021,LAMPUNG,67,1,352,-286,11745,9679,603,1463
19/02/2021,LAMPUNG,79,9,266,-196,11824,9945,612,1267
20/02/2021,LAMPUNG,98,1,62,35,11922,10007,613,1302
21/02/2021,LAMPUNG,73,5,132,-64,11995,10139,618,1238
22/02/2021,LAMPUNG,92,7,179,-94,12087,10318,625,1144
23/02/2021,LAMPUNG,94,2,126,-34,12181,10444,627,1110
24/02/2021,LAMPUNG,68,3,93,-28,12249,10537,630,1082
25/02/2021,LAMPUNG,68,2,130,-64,12317,10667,632,1018
26/02/2021,LAMPUNG,68,4,115,-51,12385,10782,636,967
27/02/2021,LAMPUNG,82,1,35,46,12467,10817,637,1013
28/02/2021,LAMPUNG,68,7,95,-34,12535,10912,644,979
01/03/2021,LAMPUNG,73,6,70,-3,12608,10982,650,976
02/03/2021,LAMPUNG,50,8,74,-32,12658,11056,658,944
03/03/2021,LAMPUNG,59,6,69,-16,12717,11125,664,928
04/03/2021,LAMPUNG,56,2,59,-5,12773,11184,666,923
05/03/2021,LAMPUNG,45,4,79,-38,12818,11263,670,885
06/03/2021,LAMPUNG,41,0,69,-28,12859,11332,670,857
07/03/2021,LAMPUNG,48,0,51,-3,12907,11383,670,854
08/03/2021,LAMPUNG,53,2,79,-28,12960,11462,672,826
09/03/2021,LAMPUNG,60,0,65,-5,13020,11527,672,821
10/03/2021,LAMPUNG,58,3,160,-105,13078,11687,675,716
11/03/2021,LAMPUNG,46,5,22,19,13124,11709,680,735
12/03/2021,LAMPUNG,42,8,99,-65,13166,11808,688,670
13/03/2021,LAMPUNG,43,2,41,0,13209,11849,690,670
14/03/2021,LAMPUNG,48,2,30,16,13257,11879,692,686
15/03/2021,LAMPUNG,47,6,37,4,13304,11916,698,690
16/03/2021,LAMPUNG,43,4,47,-8,13347,11963,702,682
17/03/2021,LAMPUNG,41,2,65,-26,13388,12028,704,656
18/03/2021,LAMPUNG,37,8,61,-32,13425,12089,712,624
19/03/2021,LAMPUNG,40,2,59,-21,13465,12148,714,603
20/03/2021,LAMPUNG,54,6,30,18,13519,12178,720,621
21/03/2021,LAMPUNG,58,7,30,21,13577,12208,727,642
22/03/2021,LAMPUNG,36,6,41,-11,13613,12249,733,631
23/03/2021,LAMPUNG,37,2,61,-26,13650,12310,735,605
24/03/2021,LAMPUNG,51,3,34,14,13701,12344,738,619
25/03/2021,LAMPUNG,51,1,63,-13,13752,12407,739,606
26/03/2021,LAMPUNG,43,1,53,-11,13795,12460,740,595
27/03/2021,LAMPUNG,48,4,51,-7,13843,12511,744,588
28/03/2021,LAMPUNG,35,5,47,-17,13878,12558,749,571
29/03/2021,LAMPUNG,61,1,54,6,13939,12612,750,577
30/03/2021,LAMPUNG,51,5,71,-25,13990,12683,755,552
31/03/2021,LAMPUNG,29,2,49,-22,14019,12732,757,530
01/04/2021,LAMPUNG,43,2,38,3,14062,12770,759,533
02/04/2021,LAMPUNG,72,4,33,35,14134,12803,763,568
03/04/2021,LAMPUNG,44,5,70,-31,14178,12873,768,537
04/04/2021,LAMPUNG,28,2,27,-1,14206,12900,770,536
05/04/2021,LAMPUNG,28,2,41,-15,14234,12941,772,521
06/04/2021,LAMPUNG,38,0,25,13,14272,12966,772,534
07/04/2021,LAMPUNG,44,1,29,14,14316,12995,773,548
08/04/2021,LAMPUNG,39,2,32,5,14355,13027,775,553
09/04/2021,LAMPUNG,49,0,16,33,14404,13043,775,586
10/04/2021,LAMPUNG,54,2,22,30,14458,13065,777,616
11/04/2021,LAMPUNG,52,0,42,10,14510,13107,777,626
12/04/2021,LAMPUNG,68,0,16,52,14578,13123,777,678
13/04/2021,LAMPUNG,79,0,4,75,14657,13127,777,753
14/04/2021,LAMPUNG,58,3,57,-2,14715,13184,780,751
15/04/2021,LAMPUNG,48,2,21,25,14763,13205,782,776
16/04/2021,LAMPUNG,67,0,7,60,14830,13212,782,836
17/04/2021,LAMPUNG,70,0,4,66,14900,13216,782,902
18/04/2021,LAMPUNG,88,4,5,79,14988,13221,786,981
19/04/2021,LAMPUNG,91,6,35,50,15079,13256,792,1031
20/04/2021,LAMPUNG,107,3,33,71,15186,13289,795,1102
21/04/2021,LAMPUNG,88,2,40,46,15274,13329,797,1148
22/04/2021,LAMPUNG,63,1,30,32,15337,13359,798,1180
23/04/2021,LAMPUNG,80,2,61,17,15417,13420,800,1197
24/04/2021,LAMPUNG,68,1,26,41,15485,13446,801,1238
25/04/2021,LAMPUNG,81,0,25,56,15566,13471,801,1294
26/04/2021,LAMPUNG,67,7,74,-14,15633,13545,808,1280
27/04/2021,LAMPUNG,69,3,90,-24,15702,13635,811,1256
28/04/2021,LAMPUNG,115,2,156,-43,15817,13791,813,1213
29/04/2021,LAMPUNG,97,2,52,43,15914,13843,815,1256
30/04/2021,LAMPUNG,61,1,49,11,15975,13892,816,1267
01/05/2021,LAMPUNG,66,0,35,31,16041,13927,816,1298
02/05/2021,LAMPUNG,75,0,26,49,16116,13953,816,1347
03/05/2021,LAMPUNG,95,1,60,34,16211,14013,817,1381
04/05/2021,LAMPUNG,52,3,38,11,16263,14051,820,1392
05/05/2021,LAMPUNG,77,1,75,1,16340,14126,821,1393
06/05/2021,LAMPUNG,67,3,36,28,16407,14162,824,1421
07/05/2021,LAMPUNG,53,4,27,22,16460,14189,828,1443
08/05/2021,LAMPUNG,77,2,67,8,16537,14256,830,1451
09/05/2021,LAMPUNG,54,6,46,2,16591,14302,836,1453
10/05/2021,LAMPUNG,44,1,48,-5,16635,14350,837,1448
11/05/2021,LAMPUNG,85,18,217,-150,16720,14567,855,1298
12/05/2021,LAMPUNG,88,5,72,11,16808,14639,860,1309
13/05/2021,LAMPUNG,49,4,25,20,16857,14664,864,1329
14/05/2021,LAMPUNG,29,2,34,-7,16886,14698,866,1322
15/05/2021,LAMPUNG,65,0,15,50,16951,14713,866,1372
16/05/2021,LAMPUNG,58,2,24,32,17009,14737,868,1404
17/05/2021,LAMPUNG,60,5,92,-37,17069,14829,873,1367
18/05/2021,LAMPUNG,55,5,154,-104,17124,14983,878,1263
19/05/2021,LAMPUNG,64,2,18,44,17188,15001,880,1307
20/05/2021,LAMPUNG,69,23,143,-97,17257,15144,903,1210
21/05/2021,LAMPUNG,86,0,101,-15,17343,15245,903,1195
22/05/2021,LAMPUNG,70,6,56,8,17413,15301,909,1203
23/05/2021,LAMPUNG,104,0,29,75,17517,15330,909,1278
24/05/2021,LAMPUNG,94,1,41,52,17611,15371,910,1330
25/05/2021,LAMPUNG,84,3,41,40,17695,15412,913,1370
26/05/2021,LAMPUNG,75,2,57,16,17770,15469,915,1386
27/05/2021,LAMPUNG,56,5,95,-44,17826,15564,920,1342
28/05/2021,LAMPUNG,85,4,61,20,17911,15625,924,1362
29/05/2021,LAMPUNG,98,1,80,17,18009,15705,925,1379
30/05/2021,LAMPUNG,89,1,37,51,18098,15742,926,1430
31/05/2021,LAMPUNG,99,1,76,22,18197,15818,927,1452
01/06/2021,LAMPUNG,97,4,30,63,18294,15848,931,1515
02/06/2021,LAMPUNG,90,3,40,47,18384,15888,934,1562
03/06/2021,LAMPUNG,100,9,33,58,18484,15921,943,1620
04/06/2021,LAMPUNG,74,2,32,40,18558,15953,945,1660
05/06/2021,LAMPUNG,83,2,31,50,18641,15984,947,1710
06/06/2021,LAMPUNG,94,1,28,65,18735,16012,948,1775
07/06/2021,LAMPUNG,119,7,78,34,18854,16090,955,1809
08/06/2021,LAMPUNG,103,7,90,6,18957,16180,962,1815
09/06/2021,LAMPUNG,112,1,24,87,19069,16204,963,1902
10/06/2021,LAMPUNG,97,6,82,9,19166,16286,969,1911
11/06/2021,LAMPUNG,89,4,28,57,19255,16314,973,1968
12/06/2021,LAMPUNG,96,1,60,35,19351,16374,974,2003
13/06/2021,LAMPUNG,113,4,53,56,19464,16427,978,2059
26/03/2020,SULAWESI UTARA,1,0,1,0,1,1,0,0
27/03/2020,SULAWESI UTARA,0,0,0,0,1,1,0,0
28/03/2020,SULAWESI UTARA,0,0,0,0,1,1,0,0
29/03/2020,SULAWESI UTARA,0,0,0,0,1,1,0,0
30/03/2020,SULAWESI UTARA,0,0,0,0,1,1,0,0
31/03/2020,SULAWESI UTARA,0,0,0,0,1,1,0,0
01/04/2020,SULAWESI UTARA,2,0,0,2,3,1,0,2
02/04/2020,SULAWESI UTARA,0,0,0,0,3,1,0,2
03/04/2020,SULAWESI UTARA,0,0,0,0,3,1,0,2
04/04/2020,SULAWESI UTARA,0,1,0,-1,3,1,1,1
05/04/2020,SULAWESI UTARA,0,0,0,0,3,1,1,1
06/04/2020,SULAWESI UTARA,2,0,0,2,5,1,1,3
07/04/2020,SULAWESI UTARA,3,1,0,2,8,1,2,5
08/04/2020,SULAWESI UTARA,0,0,0,0,8,1,2,5
09/04/2020,SULAWESI UTARA,0,0,0,0,8,1,2,5
10/04/2020,SULAWESI UTARA,5,1,0,4,13,1,3,9
11/04/2020,SULAWESI UTARA,0,0,1,-1,13,2,3,8
12/04/2020,SULAWESI UTARA,4,0,0,4,17,2,3,12
13/04/2020,SULAWESI UTARA,0,0,0,0,17,2,3,12
14/04/2020,SULAWESI UTARA,0,0,2,-2,17,4,3,10
15/04/2020,SULAWESI UTARA,1,0,0,1,18,4,3,11
16/04/2020,SULAWESI UTARA,0,0,1,-1,18,5,3,10
17/04/2020,SULAWESI UTARA,0,0,0,0,18,5,3,10
18/04/2020,SULAWESI UTARA,2,0,0,2,20,5,3,12
19/04/2020,SULAWESI UTARA,0,0,0,0,20,5,3,12
20/04/2020,SULAWESI UTARA,0,0,0,0,20,5,3,12
21/04/2020,SULAWESI UTARA,0,0,0,0,20,5,3,12
22/04/2020,SULAWESI UTARA,0,0,0,0,20,5,3,12
23/04/2020,SULAWESI UTARA,11,0,2,9,31,7,3,21
24/04/2020,SULAWESI UTARA,5,0,0,5,36,7,3,26
25/04/2020,SULAWESI UTARA,0,0,0,0,36,7,3,26
26/04/2020,SULAWESI UTARA,4,0,6,-2,40,13,3,24
27/04/2020,SULAWESI UTARA,0,0,0,0,40,13,3,24
28/04/2020,SULAWESI UTARA,3,0,0,3,43,13,3,27
29/04/2020,SULAWESI UTARA,1,0,1,0,44,14,3,27
30/04/2020,SULAWESI UTARA,1,1,0,0,45,14,4,27
01/05/2020,SULAWESI UTARA,0,0,0,0,45,14,4,27
02/05/2020,SULAWESI UTARA,0,0,3,-3,45,17,4,24
03/05/2020,SULAWESI UTARA,0,0,0,0,45,17,4,24
04/05/2020,SULAWESI UTARA,0,0,0,0,45,17,4,24
05/05/2020,SULAWESI UTARA,0,0,0,0,45,17,4,24
06/05/2020,SULAWESI UTARA,0,0,0,0,45,17,4,24
07/05/2020,SULAWESI UTARA,0,0,0,0,45,17,4,24
08/05/2020,SULAWESI UTARA,2,0,0,2,47,17,4,26
09/05/2020,SULAWESI UTARA,6,1,0,5,53,17,5,31
10/05/2020,SULAWESI UTARA,18,1,0,17,71,17,6,48
11/05/2020,SULAWESI UTARA,0,0,0,0,71,17,6,48
12/05/2020,SULAWESI UTARA,3,0,9,-6,74,26,6,42
13/05/2020,SULAWESI UTARA,8,1,0,7,82,26,7,49
14/05/2020,SULAWESI UTARA,1,1,4,-4,83,30,8,45
15/05/2020,SULAWESI UTARA,22,1,0,21,105,30,9,66
16/05/2020,SULAWESI UTARA,9,0,1,8,114,31,9,74
17/05/2020,SULAWESI UTARA,0,4,0,-4,114,31,13,70
18/05/2020,SULAWESI UTARA,2,1,0,1,116,31,14,71
19/05/2020,SULAWESI UTARA,10,0,0,10,126,31,14,81
20/05/2020,SULAWESI UTARA,24,1,0,23,150,31,15,104
21/05/2020,SULAWESI UTARA,30,4,0,26,180,31,19,130
22/05/2020,SULAWESI UTARA,18,4,0,14,198,31,23,144
23/05/2020,SULAWESI UTARA,3,2,1,0,201,32,25,144
24/05/2020,SULAWESI UTARA,29,1,2,26,230,34,26,170
25/05/2020,SULAWESI UTARA,9,1,0,8,239,34,27,178
26/05/2020,SULAWESI UTARA,26,5,1,20,265,35,32,198
27/05/2020,SULAWESI UTARA,16,2,1,13,281,36,34,211
28/05/2020,SULAWESI UTARA,16,0,2,14,297,38,34,225
29/05/2020,SULAWESI UTARA,9,1,1,7,306,39,35,232
30/05/2020,SULAWESI UTARA,16,0,1,15,322,40,35,247
31/05/2020,SULAWESI UTARA,17,2,11,4,339,51,37,251
01/06/2020,SULAWESI UTARA,0,1,1,-2,339,52,38,249
02/06/2020,SULAWESI UTARA,15,1,0,14,354,52,39,263
03/06/2020,SULAWESI UTARA,23,4,4,15,377,56,43,278
04/06/2020,SULAWESI UTARA,4,1,6,-3,381,62,44,275
05/06/2020,SULAWESI UTARA,10,1,0,9,391,62,45,284
06/06/2020,SULAWESI UTARA,79,1,0,78,470,62,46,362
07/06/2020,SULAWESI UTARA,25,5,2,18,495,64,51,380
08/06/2020,SULAWESI UTARA,15,3,9,3,510,73,54,383
09/06/2020,SULAWESI UTARA,17,0,0,17,527,73,54,400
10/06/2020,SULAWESI UTARA,18,0,7,11,545,80,54,411
11/06/2020,SULAWESI UTARA,34,4,18,12,579,98,58,423
12/06/2020,SULAWESI UTARA,56,0,0,56,635,98,58,479
13/06/2020,SULAWESI UTARA,16,6,1,9,651,99,64,488
14/06/2020,SULAWESI UTARA,7,0,2,5,658,101,64,493
15/06/2020,SULAWESI UTARA,17,0,7,10,675,108,64,503
16/06/2020,SULAWESI UTARA,26,6,7,13,701,115,70,516
17/06/2020,SULAWESI UTARA,35,0,7,28,736,122,70,544
18/06/2020,SULAWESI UTARA,25,3,7,15,761,129,73,559
19/06/2020,SULAWESI UTARA,23,1,8,14,784,137,74,573
20/06/2020,SULAWESI UTARA,24,3,3,18,808,140,77,591
21/06/2020,SULAWESI UTARA,45,0,3,42,853,143,77,633
22/06/2020,SULAWESI UTARA,1,2,2,-3,854,145,79,630
23/06/2020,SULAWESI UTARA,7,1,2,4,861,147,80,634
24/06/2020,SULAWESI UTARA,31,3,2,26,892,149,83,660
25/06/2020,SULAWESI UTARA,36,4,3,29,928,152,87,689
26/06/2020,SULAWESI UTARA,42,5,19,18,970,171,92,707
27/06/2020,SULAWESI UTARA,54,2,1,51,1024,172,94,758
28/06/2020,SULAWESI UTARA,32,0,0,32,1056,172,94,790
29/06/2020,SULAWESI UTARA,26,0,5,21,1082,177,94,811
30/06/2020,SULAWESI UTARA,27,0,10,17,1109,187,94,828
01/07/2020,SULAWESI UTARA,20,2,14,4,1129,201,96,832
02/07/2020,SULAWESI UTARA,30,1,18,11,1159,219,97,843
03/07/2020,SULAWESI UTARA,19,4,14,1,1178,233,101,844
04/07/2020,SULAWESI UTARA,13,2,17,-6,1191,250,103,838
05/07/2020,SULAWESI UTARA,17,1,17,-1,1208,267,104,837
06/07/2020,SULAWESI UTARA,10,2,31,-23,1218,298,106,814
07/07/2020,SULAWESI UTARA,34,1,18,15,1252,316,107,829
08/07/2020,SULAWESI UTARA,89,1,12,76,1341,328,108,905
09/07/2020,SULAWESI UTARA,87,0,27,60,1428,355,108,965
10/07/2020,SULAWESI UTARA,130,1,5,124,1558,360,109,1089
11/07/2020,SULAWESI UTARA,75,0,5,70,1633,365,109,1159
12/07/2020,SULAWESI UTARA,27,0,1,26,1660,366,109,1185
13/07/2020,SULAWESI UTARA,20,1,8,11,1680,374,110,1196
14/07/2020,SULAWESI UTARA,16,1,16,-1,1696,390,111,1195
15/07/2020,SULAWESI UTARA,44,0,12,32,1740,402,111,1227
16/07/2020,SULAWESI UTARA,29,1,15,13,1769,417,112,1240
17/07/2020,SULAWESI UTARA,28,1,107,-80,1797,524,113,1160
18/07/2020,SULAWESI UTARA,54,1,76,-23,1851,600,114,1137
19/07/2020,SULAWESI UTARA,47,2,21,24,1898,621,116,1161
20/07/2020,SULAWESI UTARA,64,2,39,23,1962,660,118,1184
21/07/2020,SULAWESI UTARA,38,3,51,-16,2000,711,121,1168
22/07/2020,SULAWESI UTARA,74,1,125,-52,2074,836,122,1116
23/07/2020,SULAWESI UTARA,43,0,111,-68,2117,947,122,1048
24/07/2020,SULAWESI UTARA,44,0,54,-10,2161,1001,122,1038
25/07/2020,SULAWESI UTARA,54,1,23,30,2215,1024,123,1068
26/07/2020,SULAWESI UTARA,47,0,38,9,2262,1062,123,1077
27/07/2020,SULAWESI UTARA,50,0,23,27,2312,1085,123,1104
28/07/2020,SULAWESI UTARA,44,3,64,-23,2356,1149,126,1081
29/07/2020,SULAWESI UTARA,57,0,39,18,2413,1188,126,1099
30/07/2020,SULAWESI UTARA,86,3,22,61,2499,1210,129,1160
31/07/2020,SULAWESI UTARA,81,3,16,62,2580,1226,132,1222
01/08/2020,SULAWESI UTARA,68,0,19,49,2648,1245,132,1271
02/08/2020,SULAWESI UTARA,20,1,60,-41,2668,1305,133,1230
03/08/2020,SULAWESI UTARA,78,1,49,28,2746,1354,134,1258
04/08/2020,SULAWESI UTARA,29,0,37,-8,2775,1391,134,1250
05/08/2020,SULAWESI UTARA,19,0,35,-16,2794,1426,134,1234
06/08/2020,SULAWESI UTARA,28,1,31,-4,2822,1457,135,1230
07/08/2020,SULAWESI UTARA,18,3,30,-15,2840,1487,138,1215
08/08/2020,SULAWESI UTARA,20,0,88,-68,2860,1575,138,1147
09/08/2020,SULAWESI UTARA,44,2,43,-1,2904,1618,140,1146
10/08/2020,SULAWESI UTARA,72,0,20,52,2976,1638,140,1198
11/08/2020,SULAWESI UTARA,36,3,51,-18,3012,1689,143,1180
12/08/2020,SULAWESI UTARA,12,0,30,-18,3024,1719,143,1162
13/08/2020,SULAWESI UTARA,126,0,20,106,3150,1739,143,1268
14/08/2020,SULAWESI UTARA,61,0,82,-21,3211,1821,143,1247
15/08/2020,SULAWESI UTARA,50,1,55,-6,3261,1876,144,1241
16/08/2020,SULAWESI UTARA,21,2,91,-72,3282,1967,146,1169
17/08/2020,SULAWESI UTARA,6,1,68,-63,3288,2035,147,1106
18/08/2020,SULAWESI UTARA,27,1,82,-56,3315,2117,148,1050
19/08/2020,SULAWESI UTARA,21,0,38,-17,3336,2155,148,1033
20/08/2020,SULAWESI UTARA,65,1,36,28,3401,2191,149,1061
21/08/2020,SULAWESI UTARA,50,0,134,-84,3451,2325,149,977
22/08/2020,SULAWESI UTARA,70,0,29,41,3521,2354,149,1018
23/08/2020,SULAWESI UTARA,30,0,67,-37,3551,2421,149,981
24/08/2020,SULAWESI UTARA,3,5,34,-36,3554,2455,154,945
25/08/2020,SULAWESI UTARA,44,0,30,14,3598,2485,154,959
26/08/2020,SULAWESI UTARA,15,1,34,-20,3613,2519,155,939
27/08/2020,SULAWESI UTARA,38,0,20,18,3651,2539,155,957
28/08/2020,SULAWESI UTARA,34,0,62,-28,3685,2601,155,929
29/08/2020,SULAWESI UTARA,66,0,49,17,3751,2650,155,946
30/08/2020,SULAWESI UTARA,82,1,52,29,3833,2702,156,975
31/08/2020,SULAWESI UTARA,15,0,36,-21,3848,2738,156,954
01/09/2020,SULAWESI UTARA,45,0,33,12,3893,2771,156,966
02/09/2020,SULAWESI UTARA,14,1,51,-38,3907,2822,157,928
03/09/2020,SULAWESI UTARA,34,1,35,-2,3941,2857,158,926
04/09/2020,SULAWESI UTARA,30,0,40,-10,3971,2897,158,916
05/09/2020,SULAWESI UTARA,18,0,43,-25,3989,2940,158,891
06/09/2020,SULAWESI UTARA,12,1,20,-9,4001,2960,159,882
07/09/2020,SULAWESI UTARA,1,1,52,-52,4002,3012,160,830
08/09/2020,SULAWESI UTARA,21,0,18,3,4023,3030,160,833
09/09/2020,SULAWESI UTARA,22,0,24,-2,4045,3054,160,831
10/09/2020,SULAWESI UTARA,18,0,36,-18,4063,3090,160,813
11/09/2020,SULAWESI UTARA,21,0,26,-5,4084,3116,160,808
12/09/2020,SULAWESI UTARA,21,0,40,-19,4105,3156,160,789
13/09/2020,SULAWESI UTARA,44,1,12,31,4149,3168,161,820
14/09/2020,SULAWESI UTARA,16,1,40,-25,4165,3208,162,795
15/09/2020,SULAWESI UTARA,6,0,26,-20,4171,3234,162,775
16/09/2020,SULAWESI UTARA,11,2,15,-6,4182,3249,164,769
17/09/2020,SULAWESI UTARA,30,1,21,8,4212,3270,165,777
18/09/2020,SULAWESI UTARA,20,0,25,-5,4232,3295,165,772
19/09/2020,SULAWESI UTARA,22,2,30,-10,4254,3325,167,762
20/09/2020,SULAWESI UTARA,40,1,26,13,4294,3351,168,775
21/09/2020,SULAWESI UTARA,23,2,20,1,4317,3371,170,776
22/09/2020,SULAWESI UTARA,12,1,28,-17,4329,3399,171,759
23/09/2020,SULAWESI UTARA,6,0,16,-10,4335,3415,171,749
24/09/2020,SULAWESI UTARA,22,1,36,-15,4357,3451,172,734
25/09/2020,SULAWESI UTARA,33,0,12,21,4390,3463,172,755
26/09/2020,SULAWESI UTARA,21,1,34,-14,4411,3497,173,741
27/09/2020,SULAWESI UTARA,26,0,22,4,4437,3519,173,745
28/09/2020,SULAWESI UTARA,7,0,36,-29,4444,3555,173,716
29/09/2020,SULAWESI UTARA,12,2,20,-10,4456,3575,175,706
30/09/2020,SULAWESI UTARA,31,1,22,8,4487,3597,176,714
01/10/2020,SULAWESI UTARA,17,0,24,-7,4504,3621,176,707
02/10/2020,SULAWESI UTARA,25,1,38,-14,4529,3659,177,693
03/10/2020,SULAWESI UTARA,22,0,25,-3,4551,3684,177,690
04/10/2020,SULAWESI UTARA,25,0,27,-2,4576,3711,177,688
05/10/2020,SULAWESI UTARA,19,1,41,-23,4595,3752,178,665
06/10/2020,SULAWESI UTARA,35,0,15,20,4630,3767,178,685
07/10/2020,SULAWESI UTARA,22,1,51,-30,4652,3818,179,655
08/10/2020,SULAWESI UTARA,32,0,23,9,4684,3841,179,664
09/10/2020,SULAWESI UTARA,18,1,35,-18,4702,3876,180,646
10/10/2020,SULAWESI UTARA,41,0,28,13,4743,3904,180,659
11/10/2020,SULAWESI UTARA,54,0,50,4,4797,3954,180,663
12/10/2020,SULAWESI UTARA,6,1,48,-43,4803,4002,181,620
13/10/2020,SULAWESI UTARA,8,0,20,-12,4811,4022,181,608
14/10/2020,SULAWESI UTARA,44,1,22,21,4855,4044,182,629
15/10/2020,SULAWESI UTARA,12,1,30,-19,4867,4074,183,610
16/10/2020,SULAWESI UTARA,62,2,38,22,4929,4112,185,632
17/10/2020,SULAWESI UTARA,30,0,32,-2,4959,4144,185,630
18/10/2020,SULAWESI UTARA,26,1,41,-16,4985,4185,186,614
19/10/2020,SULAWESI UTARA,41,2,24,15,5026,4209,188,629
20/10/2020,SULAWESI UTARA,22,2,27,-7,5048,4236,190,622
21/10/2020,SULAWESI UTARA,27,2,24,1,5075,4260,192,623
22/10/2020,SULAWESI UTARA,13,2,26,-15,5088,4286,194,608
23/10/2020,SULAWESI UTARA,45,0,28,17,5133,4314,194,625
24/10/2020,SULAWESI UTARA,44,1,29,14,5177,4343,195,639
25/10/2020,SULAWESI UTARA,33,0,33,0,5210,4376,195,639
26/10/2020,SULAWESI UTARA,22,0,31,-9,5232,4407,195,630
27/10/2020,SULAWESI UTARA,11,2,25,-16,5243,4432,197,614
28/10/2020,SULAWESI UTARA,43,2,15,26,5286,4447,199,640
29/10/2020,SULAWESI UTARA,65,1,36,28,5351,4483,200,668
30/10/2020,SULAWESI UTARA,39,0,36,3,5390,4519,200,671
31/10/2020,SULAWESI UTARA,19,4,24,-9,5409,4543,204,662
01/11/2020,SULAWESI UTARA,21,0,24,-3,5430,4567,204,659
02/11/2020,SULAWESI UTARA,24,1,19,4,5454,4586,205,663
03/11/2020,SULAWESI UTARA,22,1,51,-30,5476,4637,206,633
04/11/2020,SULAWESI UTARA,8,2,23,-17,5484,4660,208,616
05/11/2020,SULAWESI UTARA,44,0,19,25,5528,4679,208,641
06/11/2020,SULAWESI UTARA,1,2,37,-38,5529,4716,210,603
07/11/2020,SULAWESI UTARA,52,2,25,25,5581,4741,212,628
08/11/2020,SULAWESI UTARA,58,1,10,47,5639,4751,213,675
09/11/2020,SULAWESI UTARA,44,1,40,3,5683,4791,214,678
10/11/2020,SULAWESI UTARA,30,2,19,9,5713,4810,216,687
11/11/2020,SULAWESI UTARA,78,0,2,76,5791,4812,216,763
12/11/2020,SULAWESI UTARA,37,0,55,-18,5828,4867,216,745
13/11/2020,SULAWESI UTARA,19,6,16,-3,5847,4883,222,742
14/11/2020,SULAWESI UTARA,65,3,15,47,5912,4898,225,789
15/11/2020,SULAWESI UTARA,49,0,24,25,5961,4922,225,814
16/11/2020,SULAWESI UTARA,100,2,37,61,6061,4959,227,875
17/11/2020,SULAWESI UTARA,44,0,28,16,6105,4987,227,891
18/11/2020,SULAWESI UTARA,6,0,9,-3,6111,4996,227,888
19/11/2020,SULAWESI UTARA,119,3,10,106,6230,5006,230,994
20/11/2020,SULAWESI UTARA,145,0,54,91,6375,5060,230,1085
21/11/2020,SULAWESI UTARA,20,0,15,5,6395,5075,230,1090
22/11/2020,SULAWESI UTARA,23,2,19,2,6418,5094,232,1092
23/11/2020,SULAWESI UTARA,25,1,35,-11,6443,5129,233,1081
24/11/2020,SULAWESI UTARA,28,3,33,-8,6471,5162,236,1073
25/11/2020,SULAWESI UTARA,79,0,28,51,6550,5190,236,1124
26/11/2020,SULAWESI UTARA,44,2,20,22,6594,5210,238,1146
27/11/2020,SULAWESI UTARA,152,0,38,114,6746,5248,238,1260
28/11/2020,SULAWESI UTARA,47,0,21,26,6793,5269,238,1286
29/11/2020,SULAWESI UTARA,18,3,23,-8,6811,5292,241,1278
30/11/2020,SULAWESI UTARA,115,3,69,43,6926,5361,244,1321
01/12/2020,SULAWESI UTARA,36,0,52,-16,6962,5413,244,1305
02/12/2020,SULAWESI UTARA,104,0,44,60,7066,5457,244,1365
03/12/2020,SULAWESI UTARA,88,2,27,59,7154,5484,246,1424
04/12/2020,SULAWESI UTARA,61,5,56,0,7215,5540,251,1424
05/12/2020,SULAWESI UTARA,29,1,40,-12,7244,5580,252,1412
06/12/2020,SULAWESI UTARA,105,0,55,50,7349,5635,252,1462
07/12/2020,SULAWESI UTARA,78,2,18,58,7427,5653,254,1520
08/12/2020,SULAWESI UTARA,47,2,73,-28,7474,5726,256,1492
09/12/2020,SULAWESI UTARA,57,2,72,-17,7531,5798,258,1475
10/12/2020,SULAWESI UTARA,135,1,32,102,7666,5830,259,1577
11/12/2020,SULAWESI UTARA,134,5,20,109,7800,5850,264,1686
12/12/2020,SULAWESI UTARA,78,1,26,51,7878,5876,265,1737
13/12/2020,SULAWESI UTARA,93,3,25,65,7971,5901,268,1802
14/12/2020,SULAWESI UTARA,87,1,35,51,8058,5936,269,1853
15/12/2020,SULAWESI UTARA,58,1,27,30,8116,5963,270,1883
16/12/2020,SULAWESI UTARA,173,1,75,97,8289,6038,271,1980
17/12/2020,SULAWESI UTARA,121,1,21,99,8410,6059,272,2079
18/12/2020,SULAWESI UTARA,206,4,78,124,8616,6137,276,2203
19/12/2020,SULAWESI UTARA,164,2,69,93,8780,6206,278,2296
20/12/2020,SULAWESI UTARA,157,6,47,104,8937,6253,284,2400
21/12/2020,SULAWESI UTARA,99,5,96,-2,9036,6349,289,2398
22/12/2020,SULAWESI UTARA,31,0,71,-40,9067,6420,289,2358
23/12/2020,SULAWESI UTARA,67,2,102,-37,9134,6522,291,2321
24/12/2020,SULAWESI UTARA,103,2,33,68,9237,6555,293,2389
25/12/2020,SULAWESI UTARA,65,1,32,32,9302,6587,294,2421
26/12/2020,SULAWESI UTARA,43,1,0,42,9345,6587,295,2463
27/12/2020,SULAWESI UTARA,69,3,99,-33,9414,6686,298,2430
28/12/2020,SULAWESI UTARA,79,3,118,-42,9493,6804,301,2388
29/12/2020,SULAWESI UTARA,56,4,73,-21,9549,6877,305,2367
30/12/2020,SULAWESI UTARA,34,4,126,-96,9583,7003,309,2271
31/12/2020,SULAWESI UTARA,87,1,72,14,9670,7075,310,2285
01/01/2021,SULAWESI UTARA,53,0,71,-18,9723,7146,310,2267
02/01/2021,SULAWESI UTARA,60,12,71,-23,9783,7217,322,2244
03/01/2021,SULAWESI UTARA,81,0,19,62,9864,7236,322,2306
04/01/2021,SULAWESI UTARA,58,0,33,25,9922,7269,322,2331
05/01/2021,SULAWESI UTARA,35,0,10,25,9957,7279,322,2356
06/01/2021,SULAWESI UTARA,42,1,74,-33,9999,7353,323,2323
07/01/2021,SULAWESI UTARA,81,4,41,36,10080,7394,327,2359
08/01/2021,SULAWESI UTARA,77,4,95,-22,10157,7489,331,2337
09/01/2021,SULAWESI UTARA,143,1,9,133,10300,7498,332,2470
10/01/2021,SULAWESI UTARA,170,2,13,155,10470,7511,334,2625
11/01/2021,SULAWESI UTARA,150,7,162,-19,10620,7673,341,2606
12/01/2021,SULAWESI UTARA,79,2,99,-22,10699,7772,343,2584
13/01/2021,SULAWESI UTARA,94,1,37,56,10793,7809,344,2640
14/01/2021,SULAWESI UTARA,100,3,98,-1,10893,7907,347,2639
15/01/2021,SULAWESI UTARA,128,0,47,81,11021,7954,347,2720
16/01/2021,SULAWESI UTARA,179,3,139,37,11200,8093,350,2757
17/01/2021,SULAWESI UTARA,140,3,24,113,11340,8117,353,2870
18/01/2021,SULAWESI UTARA,145,0,183,-38,11485,8300,353,2832
19/01/2021,SULAWESI UTARA,119,1,62,56,11604,8362,354,2888
20/01/2021,SULAWESI UTARA,235,2,45,188,11839,8407,356,3076
21/01/2021,SULAWESI UTARA,92,2,82,8,11931,8489,358,3084
22/01/2021,SULAWESI UTARA,159,11,47,101,12090,8536,369,3185
23/01/2021,SULAWESI UTARA,150,1,48,101,12240,8584,370,3286
24/01/2021,SULAWESI UTARA,241,2,25,214,12481,8609,372,3500
25/01/2021,SULAWESI UTARA,139,5,178,-44,12620,8787,377,3456
26/01/2021,SULAWESI UTARA,200,8,198,-6,12820,8985,385,3450
27/01/2021,SULAWESI UTARA,146,3,76,67,12966,9061,388,3517
28/01/2021,SULAWESI UTARA,146,28,30,88,13112,9091,416,3605
29/01/2021,SULAWESI UTARA,116,4,69,43,13228,9160,420,3648
30/01/2021,SULAWESI UTARA,130,3,167,-40,13358,9327,423,3608
31/01/2021,SULAWESI UTARA,95,6,101,-12,13453,9428,429,3596
01/02/2021,SULAWESI UTARA,74,2,53,19,13527,9481,431,3615
02/02/2021,SULAWESI UTARA,103,9,44,50,13630,9525,440,3665
03/02/2021,SULAWESI UTARA,72,2,254,-184,13702,9779,442,3481
04/02/2021,SULAWESI UTARA,63,6,69,-12,13765,9848,448,3469
05/02/2021,SULAWESI UTARA,17,2,48,-33,13782,9896,450,3436
06/02/2021,SULAWESI UTARA,106,1,162,-57,13888,10058,451,3379
07/02/2021,SULAWESI UTARA,92,8,95,-11,13980,10153,459,3368
08/02/2021,SULAWESI UTARA,31,16,203,-188,14011,10356,475,3180
09/02/2021,SULAWESI UTARA,96,2,148,-54,14107,10504,477,3126
10/02/2021,SULAWESI UTARA,34,4,110,-80,14141,10614,481,3046
11/02/2021,SULAWESI UTARA,161,2,46,113,14302,10660,483,3159
12/02/2021,SULAWESI UTARA,73,1,45,27,14375,10705,484,3186
13/02/2021,SULAWESI UTARA,84,1,58,25,14459,10763,485,3211
14/02/2021,SULAWESI UTARA,56,2,79,-25,14515,10842,487,3186
15/02/2021,SULAWESI UTARA,97,0,166,-69,14612,11008,487,3117
16/02/2021,SULAWESI UTARA,17,0,43,-26,14629,11051,487,3091
17/02/2021,SULAWESI UTARA,4,0,16,-12,14633,11067,487,3079
18/02/2021,SULAWESI UTARA,27,0,128,-101,14660,11195,487,2978
19/02/2021,SULAWESI UTARA,56,0,74,-18,14716,11269,487,2960
20/02/2021,SULAWESI UTARA,56,0,153,-97,14772,11422,487,2863
21/02/2021,SULAWESI UTARA,42,0,15,27,14814,11437,487,2890
22/02/2021,SULAWESI UTARA,23,2,94,-73,14837,11531,489,2817
23/02/2021,SULAWESI UTARA,11,0,36,-25,14848,11567,489,2792
24/02/2021,SULAWESI UTARA,15,0,127,-112,14863,11694,489,2680
25/02/2021,SULAWESI UTARA,18,1,26,-9,14881,11720,490,2671
26/02/2021,SULAWESI UTARA,66,2,121,-57,14947,11841,492,2614
27/02/2021,SULAWESI UTARA,42,0,26,16,14989,11867,492,2630
28/02/2021,SULAWESI UTARA,13,0,18,-5,15002,11885,492,2625
01/03/2021,SULAWESI UTARA,19,3,65,-49,15021,11950,495,2576
02/03/2021,SULAWESI UTARA,5,0,18,-13,15026,11968,495,2563
03/03/2021,SULAWESI UTARA,21,0,19,2,15047,11987,495,2565
04/03/2021,SULAWESI UTARA,18,0,11,7,15065,11998,495,2572
05/03/2021,SULAWESI UTARA,11,1,16,-6,15076,12014,496,2566
06/03/2021,SULAWESI UTARA,27,2,8,17,15103,12022,498,2583
07/03/2021,SULAWESI UTARA,32,0,1,31,15135,12023,498,2614
08/03/2021,SULAWESI UTARA,1,0,47,-46,15136,12070,498,2568
09/03/2021,SULAWESI UTARA,10,0,43,-33,15146,12113,498,2535
10/03/2021,SULAWESI UTARA,23,0,5,18,15169,12118,498,2553
11/03/2021,SULAWESI UTARA,3,0,17,-14,15172,12135,498,2539
12/03/2021,SULAWESI UTARA,2,0,19,-17,15174,12154,498,2522
13/03/2021,SULAWESI UTARA,24,0,14,10,15198,12168,498,2532
14/03/2021,SULAWESI UTARA,14,0,14,0,15212,12182,498,2532
15/03/2021,SULAWESI UTARA,4,0,45,-41,15216,12227,498,2491
16/03/2021,SULAWESI UTARA,0,0,9,-9,15216,12236,498,2482
17/03/2021,SULAWESI UTARA,9,1,12,-4,15225,12248,499,2478
18/03/2021,SULAWESI UTARA,10,0,36,-26,15235,12284,499,2452
19/03/2021,SULAWESI UTARA,14,0,6,8,15249,12290,499,2460
20/03/2021,SULAWESI UTARA,12,0,8,4,15261,12298,499,2464
21/03/2021,SULAWESI UTARA,4,0,6,-2,15265,12304,499,2462
22/03/2021,SULAWESI UTARA,16,0,61,-45,15281,12365,499,2417
23/03/2021,SULAWESI UTARA,0,0,3,-3,15281,12368,499,2414
24/03/2021,SULAWESI UTARA,0,0,13,-13,15281,12381,499,2401
25/03/2021,SULAWESI UTARA,29,0,10,19,15310,12391,499,2420
26/03/2021,SULAWESI UTARA,17,0,6,11,15327,12397,499,2431
27/03/2021,SULAWESI UTARA,19,0,6,13,15346,12403,499,2444
28/03/2021,SULAWESI UTARA,5,0,4,1,15351,12407,499,2445
29/03/2021,SULAWESI UTARA,2,0,10,-8,15353,12417,499,2437
30/03/2021,SULAWESI UTARA,8,0,33,-25,15361,12450,499,2412
31/03/2021,SULAWESI UTARA,4,0,12,-8,15365,12462,499,2404
01/04/2021,SULAWESI UTARA,5,0,11,-6,15370,12473,499,2398
02/04/2021,SULAWESI UTARA,5,1,4,0,15375,12477,500,2398
03/04/2021,SULAWESI UTARA,11,1,4,6,15386,12481,501,2404
04/04/2021,SULAWESI UTARA,0,0,5,-5,15386,12486,501,2399
05/04/2021,SULAWESI UTARA,1,0,5,-4,15387,12491,501,2395
06/04/2021,SULAWESI UTARA,11,0,1,10,15398,12492,501,2405
07/04/2021,SULAWESI UTARA,6,0,29,-23,15404,12521,501,2382
08/04/2021,SULAWESI UTARA,11,1,2,8,15415,12523,502,2390
09/04/2021,SULAWESI UTARA,0,0,0,0,15415,12523,502,2390
10/04/2021,SULAWESI UTARA,1,0,6,-5,15416,12529,502,2385
11/04/2021,SULAWESI UTARA,14,0,143,-129,15430,12672,502,2256
12/04/2021,SULAWESI UTARA,0,0,3,-3,15430,12675,502,2253
13/04/2021,SULAWESI UTARA,15,0,5,10,15445,12680,502,2263
14/04/2021,SULAWESI UTARA,3,0,3,0,15448,12683,502,2263
15/04/2021,SULAWESI UTARA,25,0,18,7,15473,12701,502,2270
16/04/2021,SULAWESI UTARA,6,0,1,5,15479,12702,502,2275
17/04/2021,SULAWESI UTARA,3,0,1,2,15482,12703,502,2277
18/04/2021,SULAWESI UTARA,2,0,11,-9,15484,12714,502,2268
19/04/2021,SULAWESI UTARA,6,0,57,-51,15490,12771,502,2217
20/04/2021,SULAWESI UTARA,2,0,0,2,15492,12771,502,2219
21/04/2021,SULAWESI UTARA,1,0,11,-10,15493,12782,502,2209
22/04/2021,SULAWESI UTARA,22,0,1,21,15515,12783,502,2230
23/04/2021,SULAWESI UTARA,65,1,7,57,15580,12790,503,2287
24/04/2021,SULAWESI UTARA,6,0,1,5,15586,12791,503,2292
25/04/2021,SULAWESI UTARA,45,0,11,34,15631,12802,503,2326
26/04/2021,SULAWESI UTARA,3,1,149,-147,15634,12951,504,2179
27/04/2021,SULAWESI UTARA,4,0,1,3,15638,12952,504,2182
28/04/2021,SULAWESI UTARA,4,0,0,4,15642,12952,504,2186
29/04/2021,SULAWESI UTARA,5,0,10,-5,15647,12962,504,2181
30/04/2021,SULAWESI UTARA,3,0,113,-110,15650,13075,504,2071
01/05/2021,SULAWESI UTARA,6,0,16,-10,15656,13091,504,2061
02/05/2021,SULAWESI UTARA,1,3,143,-145,15657,13234,507,1916
03/05/2021,SULAWESI UTARA,0,1,9,-10,15657,13243,508,1906
04/05/2021,SULAWESI UTARA,6,0,66,-60,15663,13309,508,1846
05/05/2021,SULAWESI UTARA,2,0,7,-5,15665,13316,508,1841
06/05/2021,SULAWESI UTARA,0,0,120,-120,15665,13436,508,1721
07/05/2021,SULAWESI UTARA,7,0,31,-24,15672,13467,508,1697
08/05/2021,SULAWESI UTARA,9,1,34,-26,15681,13501,509,1671
09/05/2021,SULAWESI UTARA,0,1,54,-55,15681,13555,510,1616
10/05/2021,SULAWESI UTARA,1,0,6,-5,15682,13561,510,1611
11/05/2021,SULAWESI UTARA,6,0,1,5,15688,13562,510,1616
12/05/2021,SULAWESI UTARA,9,11,50,-52,15697,13612,521,1564
13/05/2021,SULAWESI UTARA,26,1,1,24,15723,13613,522,1588
14/05/2021,SULAWESI UTARA,0,1,329,-330,15723,13942,523,1258
15/05/2021,SULAWESI UTARA,0,10,391,-401,15723,14333,533,857
16/05/2021,SULAWESI UTARA,0,4,176,-180,15723,14509,537,677
17/05/2021,SULAWESI UTARA,1,0,258,-257,15724,14767,537,420
18/05/2021,SULAWESI UTARA,0,0,1,-1,15724,14768,537,419
19/05/2021,SULAWESI UTARA,3,0,13,-10,15727,14781,537,409
20/05/2021,SULAWESI UTARA,7,2,10,-5,15734,14791,539,404
21/05/2021,SULAWESI UTARA,2,0,27,-25,15736,14818,539,379
22/05/2021,SULAWESI UTARA,11,1,0,10,15747,14818,540,389
23/05/2021,SULAWESI UTARA,8,0,28,-20,15755,14846,540,369
24/05/2021,SULAWESI UTARA,0,0,29,-29,15755,14875,540,340
25/05/2021,SULAWESI UTARA,1,0,17,-16,15756,14892,540,324
26/05/2021,SULAWESI UTARA,4,0,6,-2,15760,14898,540,322
27/05/2021,SULAWESI UTARA,4,7,19,-22,15764,14917,547,300
28/05/2021,SULAWESI UTARA,0,0,3,-3,15764,14920,547,297
29/05/2021,SULAWESI UTARA,1,0,1,0,15765,14921,547,297
30/05/2021,SULAWESI UTARA,4,0,13,-9,15769,14934,547,288
31/05/2021,SULAWESI UTARA,3,0,10,-7,15772,14944,547,281
01/06/2021,SULAWESI UTARA,4,0,4,0,15776,14948,547,281
02/06/2021,SULAWESI UTARA,7,0,3,4,15783,14951,547,285
03/06/2021,SULAWESI UTARA,5,0,29,-24,15788,14980,547,261
04/06/2021,SULAWESI UTARA,8,0,2,6,15796,14982,547,267
05/06/2021,SULAWESI UTARA,7,0,0,7,15803,14982,547,274
06/06/2021,SULAWESI UTARA,13,0,12,1,15816,14994,547,275
07/06/2021,SULAWESI UTARA,1,1,0,0,15817,14994,548,275
08/06/2021,SULAWESI UTARA,7,0,7,0,15824,15001,548,275
09/06/2021,SULAWESI UTARA,10,0,11,-1,15834,15012,548,274
10/06/2021,SULAWESI UTARA,10,0,9,1,15844,15021,548,275
11/06/2021,SULAWESI UTARA,14,0,26,-12,15858,15047,548,263
12/06/2021,SULAWESI UTARA,0,0,2,-2,15858,15049,548,261
13/06/2021,SULAWESI UTARA,2,0,3,-1,15860,15052,548,260
26/03/2020,SULAWESI TENGAH,1,0,0,1,1,0,0,1
27/03/2020,SULAWESI TENGAH,0,0,0,0,1,0,0,1
28/03/2020,SULAWESI TENGAH,1,0,0,1,2,0,0,2
29/03/2020,SULAWESI TENGAH,0,0,0,0,2,0,0,2
30/03/2020,SULAWESI TENGAH,0,0,0,0,2,0,0,2
31/03/2020,SULAWESI TENGAH,0,0,0,0,2,0,0,2
01/04/2020,SULAWESI TENGAH,0,0,0,0,2,0,0,2
02/04/2020,SULAWESI TENGAH,0,1,0,-1,2,0,1,1
03/04/2020,SULAWESI TENGAH,2,1,0,1,4,0,2,2
04/04/2020,SULAWESI TENGAH,0,0,0,0,4,0,2,2
05/04/2020,SULAWESI TENGAH,1,0,0,1,5,0,2,3
06/04/2020,SULAWESI TENGAH,0,0,0,0,5,0,2,3
07/04/2020,SULAWESI TENGAH,0,0,2,-2,5,2,2,1
08/04/2020,SULAWESI TENGAH,0,0,0,0,5,2,2,1
09/04/2020,SULAWESI TENGAH,0,0,0,0,5,2,2,1
10/04/2020,SULAWESI TENGAH,9,0,0,9,14,2,2,10
11/04/2020,SULAWESI TENGAH,5,0,0,5,19,2,2,15
12/04/2020,SULAWESI TENGAH,0,0,0,0,19,2,2,15
13/04/2020,SULAWESI TENGAH,0,1,0,-1,19,2,3,14
14/04/2020,SULAWESI TENGAH,0,0,0,0,19,2,3,14
15/04/2020,SULAWESI TENGAH,3,0,0,3,22,2,3,17
16/04/2020,SULAWESI TENGAH,0,0,0,0,22,2,3,17
17/04/2020,SULAWESI TENGAH,2,0,0,2,24,2,3,19
18/04/2020,SULAWESI TENGAH,0,0,0,0,24,2,3,19
19/04/2020,SULAWESI TENGAH,3,0,0,3,27,2,3,22
20/04/2020,SULAWESI TENGAH,0,0,0,0,27,2,3,22
21/04/2020,SULAWESI TENGAH,0,0,1,-1,27,3,3,21
22/04/2020,SULAWESI TENGAH,2,0,0,2,29,3,3,23
23/04/2020,SULAWESI TENGAH,0,0,0,0,29,3,3,23
24/04/2020,SULAWESI TENGAH,3,0,0,3,32,3,3,26
25/04/2020,SULAWESI TENGAH,4,0,0,4,36,3,3,30
26/04/2020,SULAWESI TENGAH,0,0,1,-1,36,4,3,29
27/04/2020,SULAWESI TENGAH,0,0,0,0,36,4,3,29
28/04/2020,SULAWESI TENGAH,6,0,4,2,42,8,3,31
29/04/2020,SULAWESI TENGAH,5,0,0,5,47,8,3,36
30/04/2020,SULAWESI TENGAH,0,0,0,0,47,8,3,36
01/05/2020,SULAWESI TENGAH,0,0,3,-3,47,11,3,33
02/05/2020,SULAWESI TENGAH,12,0,0,12,59,11,3,45
03/05/2020,SULAWESI TENGAH,0,0,0,0,59,11,3,45
04/05/2020,SULAWESI TENGAH,0,0,0,0,59,11,3,45
05/05/2020,SULAWESI TENGAH,11,0,1,10,70,12,3,55
06/05/2020,SULAWESI TENGAH,0,0,0,0,70,12,3,55
07/05/2020,SULAWESI TENGAH,5,0,0,5,75,12,3,60
08/05/2020,SULAWESI TENGAH,0,0,0,0,75,12,3,60
09/05/2020,SULAWESI TENGAH,0,0,0,0,75,12,3,60
10/05/2020,SULAWESI TENGAH,8,0,0,8,83,12,3,68
11/05/2020,SULAWESI TENGAH,0,0,1,-1,83,13,3,67
12/05/2020,SULAWESI TENGAH,12,0,0,12,95,13,3,79
13/05/2020,SULAWESI TENGAH,7,1,7,-1,102,20,4,78
14/05/2020,SULAWESI TENGAH,9,0,1,8,111,21,4,86
15/05/2020,SULAWESI TENGAH,1,0,0,1,112,21,4,87
16/05/2020,SULAWESI TENGAH,1,0,1,0,113,22,4,87
17/05/2020,SULAWESI TENGAH,2,0,2,0,115,24,4,87
18/05/2020,SULAWESI TENGAH,0,0,2,-2,115,26,4,85
19/05/2020,SULAWESI TENGAH,0,0,0,0,115,26,4,85
20/05/2020,SULAWESI TENGAH,0,0,0,0,115,26,4,85
21/05/2020,SULAWESI TENGAH,2,0,11,-9,117,37,4,76
22/05/2020,SULAWESI TENGAH,1,0,0,1,118,37,4,77
23/05/2020,SULAWESI TENGAH,2,0,0,2,120,37,4,79
24/05/2020,SULAWESI TENGAH,0,0,9,-9,120,46,4,70
25/05/2020,SULAWESI TENGAH,0,0,0,0,120,46,4,70
26/05/2020,SULAWESI TENGAH,0,0,2,-2,120,48,4,68
27/05/2020,SULAWESI TENGAH,0,0,2,-2,120,50,4,66
28/05/2020,SULAWESI TENGAH,6,0,2,4,126,52,4,70
29/05/2020,SULAWESI TENGAH,0,0,0,0,126,52,4,70
30/05/2020,SULAWESI TENGAH,0,0,0,0,126,52,4,70
31/05/2020,SULAWESI TENGAH,2,0,9,-7,128,61,4,63
01/06/2020,SULAWESI TENGAH,0,0,0,0,128,61,4,63
02/06/2020,SULAWESI TENGAH,0,0,0,0,128,61,4,63
03/06/2020,SULAWESI TENGAH,1,0,3,-2,129,64,4,61
04/06/2020,SULAWESI TENGAH,0,0,6,-6,129,70,4,55
05/06/2020,SULAWESI TENGAH,7,0,8,-1,136,78,4,54
06/06/2020,SULAWESI TENGAH,3,0,9,-6,139,87,4,48
07/06/2020,SULAWESI TENGAH,20,0,7,13,159,94,4,61
08/06/2020,SULAWESI TENGAH,0,0,0,0,159,94,4,61
09/06/2020,SULAWESI TENGAH,0,0,0,0,159,94,4,61
10/06/2020,SULAWESI TENGAH,0,0,1,-1,159,95,4,60
11/06/2020,SULAWESI TENGAH,0,0,1,-1,159,96,4,59
12/06/2020,SULAWESI TENGAH,0,0,0,0,159,96,4,59
13/06/2020,SULAWESI TENGAH,9,0,1,8,168,97,4,67
14/06/2020,SULAWESI TENGAH,2,0,18,-16,170,115,4,51
15/06/2020,SULAWESI TENGAH,1,0,6,-5,171,121,4,46
16/06/2020,SULAWESI TENGAH,1,0,4,-3,172,125,4,43
17/06/2020,SULAWESI TENGAH,0,0,4,-4,172,129,4,39
18/06/2020,SULAWESI TENGAH,0,0,1,-1,172,130,4,38
19/06/2020,SULAWESI TENGAH,1,0,0,1,173,130,4,39
20/06/2020,SULAWESI TENGAH,0,0,1,-1,173,131,4,38
21/06/2020,SULAWESI TENGAH,0,0,1,-1,173,132,4,37
22/06/2020,SULAWESI TENGAH,3,0,0,3,176,132,4,40
23/06/2020,SULAWESI TENGAH,3,0,8,-5,179,140,4,35
24/06/2020,SULAWESI TENGAH,1,1,1,-1,180,141,5,34
25/06/2020,SULAWESI TENGAH,1,0,4,-3,181,145,5,31
26/06/2020,SULAWESI TENGAH,2,0,2,0,183,147,5,31
27/06/2020,SULAWESI TENGAH,1,0,5,-4,184,152,5,27
28/06/2020,SULAWESI TENGAH,2,0,1,1,186,153,5,28
29/06/2020,SULAWESI TENGAH,0,0,0,0,186,153,5,28
30/06/2020,SULAWESI TENGAH,0,0,0,0,186,153,5,28
01/07/2020,SULAWESI TENGAH,0,0,4,-4,186,157,5,24
02/07/2020,SULAWESI TENGAH,0,1,1,-2,186,158,6,22
03/07/2020,SULAWESI TENGAH,0,0,1,-1,186,159,6,21
04/07/2020,SULAWESI TENGAH,5,0,2,3,191,161,6,24
05/07/2020,SULAWESI TENGAH,0,0,2,-2,191,163,6,22
06/07/2020,SULAWESI TENGAH,0,0,0,0,191,163,6,22
07/07/2020,SULAWESI TENGAH,0,0,1,-1,191,164,6,21
08/07/2020,SULAWESI TENGAH,2,0,0,2,193,164,6,23
09/07/2020,SULAWESI TENGAH,0,0,0,0,193,164,6,23
10/07/2020,SULAWESI TENGAH,0,0,0,0,193,164,6,23
11/07/2020,SULAWESI TENGAH,0,0,1,-1,193,165,6,22
12/07/2020,SULAWESI TENGAH,0,0,1,-1,193,166,6,21
13/07/2020,SULAWESI TENGAH,0,0,0,0,193,166,6,21
14/07/2020,SULAWESI TENGAH,1,0,2,-1,194,168,6,20
15/07/2020,SULAWESI TENGAH,1,0,7,-6,195,175,6,14
16/07/2020,SULAWESI TENGAH,0,0,0,0,195,175,6,14
17/07/2020,SULAWESI TENGAH,0,0,0,0,195,175,6,14
18/07/2020,SULAWESI TENGAH,0,0,0,0,195,175,6,14
19/07/2020,SULAWESI TENGAH,1,0,1,0,196,176,6,14
20/07/2020,SULAWESI TENGAH,0,0,0,0,196,176,6,14
21/07/2020,SULAWESI TENGAH,0,0,2,-2,196,178,6,12
22/07/2020,SULAWESI TENGAH,0,0,3,-3,196,181,6,9
23/07/2020,SULAWESI TENGAH,4,1,3,0,200,184,7,9
24/07/2020,SULAWESI TENGAH,1,0,0,1,201,184,7,10
25/07/2020,SULAWESI TENGAH,0,0,1,-1,201,185,7,9
26/07/2020,SULAWESI TENGAH,1,0,0,1,202,185,7,10
27/07/2020,SULAWESI TENGAH,0,0,0,0,202,185,7,10
28/07/2020,SULAWESI TENGAH,4,0,3,1,206,188,7,11
29/07/2020,SULAWESI TENGAH,1,0,0,1,207,188,7,12
30/07/2020,SULAWESI TENGAH,0,0,0,0,207,188,7,12
31/07/2020,SULAWESI TENGAH,0,0,0,0,207,188,7,12
01/08/2020,SULAWESI TENGAH,0,0,1,-1,207,189,7,11
02/08/2020,SULAWESI TENGAH,6,0,0,6,213,189,7,17
03/08/2020,SULAWESI TENGAH,0,0,0,0,213,189,7,17
04/08/2020,SULAWESI TENGAH,0,0,2,-2,213,191,7,15
05/08/2020,SULAWESI TENGAH,2,0,1,1,215,192,7,16
06/08/2020,SULAWESI TENGAH,0,0,2,-2,215,194,7,14
07/08/2020,SULAWESI TENGAH,1,0,1,0,216,195,7,14
08/08/2020,SULAWESI TENGAH,0,0,0,0,216,195,7,14
09/08/2020,SULAWESI TENGAH,0,0,0,0,216,195,7,14
10/08/2020,SULAWESI TENGAH,0,0,0,0,216,195,7,14
11/08/2020,SULAWESI TENGAH,0,0,0,0,216,195,7,14
12/08/2020,SULAWESI TENGAH,4,0,1,3,220,196,7,17
13/08/2020,SULAWESI TENGAH,0,0,1,-1,220,197,7,16
14/08/2020,SULAWESI TENGAH,3,0,0,3,223,197,7,19
15/08/2020,SULAWESI TENGAH,0,0,0,0,223,197,7,19
16/08/2020,SULAWESI TENGAH,0,0,0,0,223,197,7,19
17/08/2020,SULAWESI TENGAH,4,0,0,4,227,197,7,23
18/08/2020,SULAWESI TENGAH,1,0,0,1,228,197,7,24
19/08/2020,SULAWESI TENGAH,5,0,0,5,233,197,7,29
20/08/2020,SULAWESI TENGAH,0,0,0,0,233,197,7,29
21/08/2020,SULAWESI TENGAH,2,0,2,0,235,199,7,29
22/08/2020,SULAWESI TENGAH,1,0,7,-6,236,206,7,23
23/08/2020,SULAWESI TENGAH,2,1,0,1,238,206,8,24
24/08/2020,SULAWESI TENGAH,1,0,1,0,239,207,8,24
25/08/2020,SULAWESI TENGAH,0,0,3,-3,239,210,8,21
26/08/2020,SULAWESI TENGAH,0,0,2,-2,239,212,8,19
27/08/2020,SULAWESI TENGAH,0,0,1,-1,239,213,8,18
28/08/2020,SULAWESI TENGAH,1,0,5,-4,240,218,8,14
29/08/2020,SULAWESI TENGAH,1,0,0,1,241,218,8,15
30/08/2020,SULAWESI TENGAH,0,0,1,-1,241,219,8,14
31/08/2020,SULAWESI TENGAH,2,0,1,1,243,220,8,15
01/09/2020,SULAWESI TENGAH,1,0,0,1,244,220,8,16
02/09/2020,SULAWESI TENGAH,1,1,0,0,245,220,9,16
03/09/2020,SULAWESI TENGAH,4,2,1,1,249,221,11,17
04/09/2020,SULAWESI TENGAH,0,0,1,-1,249,222,11,16
05/09/2020,SULAWESI TENGAH,3,0,2,1,252,224,11,17
06/09/2020,SULAWESI TENGAH,0,0,0,0,252,224,11,17
07/09/2020,SULAWESI TENGAH,0,0,2,-2,252,226,11,15
08/09/2020,SULAWESI TENGAH,5,0,0,5,257,226,11,20
09/09/2020,SULAWESI TENGAH,4,0,2,2,261,228,11,22
10/09/2020,SULAWESI TENGAH,0,0,1,-1,261,229,11,21
11/09/2020,SULAWESI TENGAH,7,0,0,7,268,229,11,28
12/09/2020,SULAWESI TENGAH,1,0,0,1,269,229,11,29
13/09/2020,SULAWESI TENGAH,2,0,2,0,271,231,11,29
14/09/2020,SULAWESI TENGAH,0,0,0,0,271,231,11,29
15/09/2020,SULAWESI TENGAH,1,0,1,0,272,232,11,29
16/09/2020,SULAWESI TENGAH,4,0,0,4,276,232,11,33
17/09/2020,SULAWESI TENGAH,2,0,0,2,278,232,11,35
18/09/2020,SULAWESI TENGAH,11,0,1,10,289,233,11,45
19/09/2020,SULAWESI TENGAH,8,1,0,7,297,233,12,52
20/09/2020,SULAWESI TENGAH,23,0,0,23,320,233,12,75
21/09/2020,SULAWESI TENGAH,1,0,1,0,321,234,12,75
22/09/2020,SULAWESI TENGAH,9,1,4,4,330,238,13,79
23/09/2020,SULAWESI TENGAH,14,1,2,11,344,240,14,90
24/09/2020,SULAWESI TENGAH,4,1,3,0,348,243,15,90
25/09/2020,SULAWESI TENGAH,6,0,0,6,354,243,15,96
26/09/2020,SULAWESI TENGAH,21,0,4,17,375,247,15,113
27/09/2020,SULAWESI TENGAH,0,0,0,0,375,247,15,113
28/09/2020,SULAWESI TENGAH,18,0,3,15,393,250,15,128
29/09/2020,SULAWESI TENGAH,9,0,6,3,402,256,15,131
30/09/2020,SULAWESI TENGAH,8,0,11,-3,410,267,15,128
01/10/2020,SULAWESI TENGAH,30,1,20,9,440,287,16,137
02/10/2020,SULAWESI TENGAH,10,1,4,5,450,291,17,142
03/10/2020,SULAWESI TENGAH,11,0,16,-5,461,307,17,137
04/10/2020,SULAWESI TENGAH,5,0,3,2,466,310,17,139
05/10/2020,SULAWESI TENGAH,1,1,2,-2,467,312,18,137
06/10/2020,SULAWESI TENGAH,24,1,12,11,491,324,19,148
07/10/2020,SULAWESI TENGAH,23,1,4,18,514,328,20,166
08/10/2020,SULAWESI TENGAH,14,1,7,6,528,335,21,172
09/10/2020,SULAWESI TENGAH,11,0,20,-9,539,355,21,163
10/10/2020,SULAWESI TENGAH,13,0,14,-1,552,369,21,162
11/10/2020,SULAWESI TENGAH,16,0,6,10,568,375,21,172
12/10/2020,SULAWESI TENGAH,1,3,4,-6,569,379,24,166
13/10/2020,SULAWESI TENGAH,17,1,27,-11,586,406,25,155
14/10/2020,SULAWESI TENGAH,10,0,4,6,596,410,25,161
15/10/2020,SULAWESI TENGAH,21,0,3,18,617,413,25,179
16/10/2020,SULAWESI TENGAH,0,0,0,0,617,413,25,179
17/10/2020,SULAWESI TENGAH,51,0,23,28,668,436,25,207
18/10/2020,SULAWESI TENGAH,17,1,3,13,685,439,26,220
19/10/2020,SULAWESI TENGAH,2,1,10,-9,687,449,27,211
20/10/2020,SULAWESI TENGAH,39,1,13,25,726,462,28,236
21/10/2020,SULAWESI TENGAH,36,2,17,17,762,479,30,253
22/10/2020,SULAWESI TENGAH,13,0,15,-2,775,494,30,251
23/10/2020,SULAWESI TENGAH,12,1,18,-7,787,512,31,244
24/10/2020,SULAWESI TENGAH,12,2,7,3,799,519,33,247
25/10/2020,SULAWESI TENGAH,18,0,39,-21,817,558,33,226
26/10/2020,SULAWESI TENGAH,4,0,32,-28,821,590,33,198
27/10/2020,SULAWESI TENGAH,17,0,13,4,838,603,33,202
28/10/2020,SULAWESI TENGAH,10,1,10,-1,848,613,34,201
29/10/2020,SULAWESI TENGAH,7,0,11,-4,855,624,34,197
30/10/2020,SULAWESI TENGAH,0,0,4,-4,855,628,34,193
31/10/2020,SULAWESI TENGAH,2,0,18,-16,857,646,34,177
01/11/2020,SULAWESI TENGAH,19,0,5,14,876,651,34,191
02/11/2020,SULAWESI TENGAH,2,2,20,-20,878,671,36,171
03/11/2020,SULAWESI TENGAH,11,2,7,2,889,678,38,173
04/11/2020,SULAWESI TENGAH,17,0,7,10,906,685,38,183
05/11/2020,SULAWESI TENGAH,32,1,13,18,938,698,39,201
06/11/2020,SULAWESI TENGAH,25,2,11,12,963,709,41,213
07/11/2020,SULAWESI TENGAH,25,0,25,0,988,734,41,213
08/11/2020,SULAWESI TENGAH,59,0,11,48,1047,745,41,261
09/11/2020,SULAWESI TENGAH,0,1,23,-24,1047,768,42,237
10/11/2020,SULAWESI TENGAH,30,1,33,-4,1077,801,43,233
11/11/2020,SULAWESI TENGAH,37,1,10,26,1114,811,44,259
12/11/2020,SULAWESI TENGAH,12,0,23,-11,1126,834,44,248
13/11/2020,SULAWESI TENGAH,22,3,3,16,1148,837,47,264
14/11/2020,SULAWESI TENGAH,8,1,21,-14,1156,858,48,250
15/11/2020,SULAWESI TENGAH,2,0,1,1,1158,859,48,251
16/11/2020,SULAWESI TENGAH,74,2,13,59,1232,872,50,310
17/11/2020,SULAWESI TENGAH,33,1,15,17,1265,887,51,327
18/11/2020,SULAWESI TENGAH,73,1,6,66,1338,893,52,393
19/11/2020,SULAWESI TENGAH,52,2,15,35,1390,908,54,428
20/11/2020,SULAWESI TENGAH,4,0,23,-19,1394,931,54,409
21/11/2020,SULAWESI TENGAH,59,4,4,51,1453,935,58,460
22/11/2020,SULAWESI TENGAH,61,1,20,40,1514,955,59,500
23/11/2020,SULAWESI TENGAH,37,3,3,31,1551,958,62,531
24/11/2020,SULAWESI TENGAH,81,0,11,70,1632,969,62,601
25/11/2020,SULAWESI TENGAH,55,4,12,39,1687,981,66,640
26/11/2020,SULAWESI TENGAH,13,2,35,-24,1700,1016,68,616
27/11/2020,SULAWESI TENGAH,39,2,35,2,1739,1051,70,618
28/11/2020,SULAWESI TENGAH,30,1,11,18,1769,1062,71,636
29/11/2020,SULAWESI TENGAH,31,1,9,21,1800,1071,72,657
30/11/2020,SULAWESI TENGAH,60,0,17,43,1860,1088,72,700
01/12/2020,SULAWESI TENGAH,12,0,38,-26,1872,1126,72,674
02/12/2020,SULAWESI TENGAH,31,1,55,-25,1903,1181,73,649
03/12/2020,SULAWESI TENGAH,72,4,24,44,1975,1205,77,693
04/12/2020,SULAWESI TENGAH,55,0,46,9,2030,1251,77,702
05/12/2020,SULAWESI TENGAH,57,0,20,37,2087,1271,77,739
06/12/2020,SULAWESI TENGAH,54,1,62,-9,2141,1333,78,730
07/12/2020,SULAWESI TENGAH,56,0,15,41,2197,1348,78,771
08/12/2020,SULAWESI TENGAH,41,1,34,6,2238,1382,79,777
09/12/2020,SULAWESI TENGAH,61,1,15,45,2299,1397,80,822
10/12/2020,SULAWESI TENGAH,9,2,11,-4,2308,1408,82,818
11/12/2020,SULAWESI TENGAH,65,3,45,17,2373,1453,85,835
12/12/2020,SULAWESI TENGAH,44,1,23,20,2417,1476,86,855
13/12/2020,SULAWESI TENGAH,11,0,20,-9,2428,1496,86,846
14/12/2020,SULAWESI TENGAH,46,0,35,11,2474,1531,86,857
15/12/2020,SULAWESI TENGAH,39,2,24,13,2513,1555,88,870
16/12/2020,SULAWESI TENGAH,57,1,19,37,2570,1574,89,907
17/12/2020,SULAWESI TENGAH,39,2,11,26,2609,1585,91,933
18/12/2020,SULAWESI TENGAH,53,2,23,28,2662,1608,93,961
19/12/2020,SULAWESI TENGAH,38,0,3,35,2700,1611,93,996
20/12/2020,SULAWESI TENGAH,73,2,30,41,2773,1641,95,1037
21/12/2020,SULAWESI TENGAH,26,1,2,23,2799,1643,96,1060
22/12/2020,SULAWESI TENGAH,33,1,5,27,2832,1648,97,1087
23/12/2020,SULAWESI TENGAH,54,1,38,15,2886,1686,98,1102
24/12/2020,SULAWESI TENGAH,45,3,17,25,2931,1703,101,1127
25/12/2020,SULAWESI TENGAH,39,1,19,19,2970,1722,102,1146
26/12/2020,SULAWESI TENGAH,42,1,14,27,3012,1736,103,1173
27/12/2020,SULAWESI TENGAH,54,1,10,43,3066,1746,104,1216
28/12/2020,SULAWESI TENGAH,41,2,16,23,3107,1762,106,1239
29/12/2020,SULAWESI TENGAH,81,0,45,36,3188,1807,106,1275
30/12/2020,SULAWESI TENGAH,169,0,13,156,3357,1820,106,1431
31/12/2020,SULAWESI TENGAH,195,0,45,150,3552,1865,106,1581
01/01/2021,SULAWESI TENGAH,65,2,104,-41,3617,1969,108,1540
02/01/2021,SULAWESI TENGAH,66,1,31,34,3683,2000,109,1574
03/01/2021,SULAWESI TENGAH,67,3,33,31,3750,2033,112,1605
04/01/2021,SULAWESI TENGAH,52,3,77,-28,3802,2110,115,1577
05/01/2021,SULAWESI TENGAH,94,3,52,39,3896,2162,118,1616
06/01/2021,SULAWESI TENGAH,162,0,150,12,4058,2312,118,1628
07/01/2021,SULAWESI TENGAH,157,1,20,136,4215,2332,119,1764
08/01/2021,SULAWESI TENGAH,158,1,70,87,4373,2402,120,1851
09/01/2021,SULAWESI TENGAH,131,4,73,54,4504,2475,124,1905
10/01/2021,SULAWESI TENGAH,145,0,40,105,4649,2515,124,2010
11/01/2021,SULAWESI TENGAH,116,6,95,15,4765,2610,130,2025
12/01/2021,SULAWESI TENGAH,252,9,101,142,5017,2711,139,2167
13/01/2021,SULAWESI TENGAH,113,0,90,23,5130,2801,139,2190
14/01/2021,SULAWESI TENGAH,107,4,107,-4,5237,2908,143,2186
15/01/2021,SULAWESI TENGAH,248,1,121,126,5485,3029,144,2312
16/01/2021,SULAWESI TENGAH,87,0,107,-20,5572,3136,144,2292
17/01/2021,SULAWESI TENGAH,63,4,112,-53,5635,3248,148,2239
18/01/2021,SULAWESI TENGAH,30,3,144,-117,5665,3392,151,2122
19/01/2021,SULAWESI TENGAH,134,1,183,-50,5799,3575,152,2072
20/01/2021,SULAWESI TENGAH,132,2,128,2,5931,3703,154,2074
21/01/2021,SULAWESI TENGAH,80,2,50,28,6011,3753,156,2102
22/01/2021,SULAWESI TENGAH,200,8,204,-12,6211,3957,164,2090
23/01/2021,SULAWESI TENGAH,200,2,112,86,6411,4069,166,2176
24/01/2021,SULAWESI TENGAH,203,2,104,97,6614,4173,168,2273
25/01/2021,SULAWESI TENGAH,108,0,155,-47,6722,4328,168,2226
26/01/2021,SULAWESI TENGAH,156,3,106,47,6878,4434,171,2273
27/01/2021,SULAWESI TENGAH,165,2,49,114,7043,4483,173,2387
28/01/2021,SULAWESI TENGAH,233,3,144,86,7276,4627,176,2473
29/01/2021,SULAWESI TENGAH,116,1,175,-60,7392,4802,177,2413
30/01/2021,SULAWESI TENGAH,271,6,132,133,7663,4934,183,2546
31/01/2021,SULAWESI TENGAH,130,1,121,8,7793,5055,184,2554
01/02/2021,SULAWESI TENGAH,64,10,136,-82,7857,5191,194,2472
02/02/2021,SULAWESI TENGAH,275,5,110,160,8132,5301,199,2632
03/02/2021,SULAWESI TENGAH,155,2,163,-10,8287,5464,201,2622
04/02/2021,SULAWESI TENGAH,207,5,202,0,8494,5666,206,2622
05/02/2021,SULAWESI TENGAH,173,1,52,120,8667,5718,207,2742
06/02/2021,SULAWESI TENGAH,184,2,24,158,8851,5742,209,2900
07/02/2021,SULAWESI TENGAH,37,1,118,-82,8888,5860,210,2818
08/02/2021,SULAWESI TENGAH,32,1,172,-141,8920,6032,211,2677
09/02/2021,SULAWESI TENGAH,76,0,57,19,8996,6089,211,2696
10/02/2021,SULAWESI TENGAH,63,4,232,-173,9059,6321,215,2523
11/02/2021,SULAWESI TENGAH,38,6,83,-51,9097,6404,221,2472
12/02/2021,SULAWESI TENGAH,35,1,37,-3,9132,6441,222,2469
13/02/2021,SULAWESI TENGAH,77,5,142,-70,9209,6583,227,2399
14/02/2021,SULAWESI TENGAH,57,3,107,-53,9266,6690,230,2346
15/02/2021,SULAWESI TENGAH,49,2,47,0,9315,6737,232,2346
16/02/2021,SULAWESI TENGAH,31,0,16,15,9346,6753,232,2361
17/02/2021,SULAWESI TENGAH,44,0,38,6,9390,6791,232,2367
18/02/2021,SULAWESI TENGAH,93,5,132,-44,9483,6923,237,2323
19/02/2021,SULAWESI TENGAH,46,5,159,-118,9529,7082,242,2205
20/02/2021,SULAWESI TENGAH,45,0,432,-387,9574,7514,242,1818
21/02/2021,SULAWESI TENGAH,23,3,71,-51,9597,7585,245,1767
22/02/2021,SULAWESI TENGAH,62,1,145,-84,9659,7730,246,1683
23/02/2021,SULAWESI TENGAH,90,2,171,-83,9749,7901,248,1600
24/02/2021,SULAWESI TENGAH,65,1,42,22,9814,7943,249,1622
25/02/2021,SULAWESI TENGAH,67,1,181,-115,9881,8124,250,1507
26/02/2021,SULAWESI TENGAH,85,4,31,50,9966,8155,254,1557
27/02/2021,SULAWESI TENGAH,47,3,63,-19,10013,8218,257,1538
28/02/2021,SULAWESI TENGAH,12,2,5,5,10025,8223,259,1543
01/03/2021,SULAWESI TENGAH,74,0,34,40,10099,8257,259,1583
02/03/2021,SULAWESI TENGAH,34,1,75,-42,10133,8332,260,1541
03/03/2021,SULAWESI TENGAH,66,1,88,-23,10199,8420,261,1518
04/03/2021,SULAWESI TENGAH,77,1,53,23,10276,8473,262,1541
05/03/2021,SULAWESI TENGAH,13,1,10,2,10289,8483,263,1543
06/03/2021,SULAWESI TENGAH,34,0,4,30,10323,8487,263,1573
07/03/2021,SULAWESI TENGAH,38,1,16,21,10361,8503,264,1594
08/03/2021,SULAWESI TENGAH,26,0,136,-110,10387,8639,264,1484
09/03/2021,SULAWESI TENGAH,55,0,122,-67,10442,8761,264,1417
10/03/2021,SULAWESI TENGAH,39,2,65,-28,10481,8826,266,1389
11/03/2021,SULAWESI TENGAH,33,0,62,-29,10514,8888,266,1360
12/03/2021,SULAWESI TENGAH,47,1,31,15,10561,8919,267,1375
13/03/2021,SULAWESI TENGAH,12,0,26,-14,10573,8945,267,1361
14/03/2021,SULAWESI TENGAH,40,0,29,11,10613,8974,267,1372
15/03/2021,SULAWESI TENGAH,30,2,54,-26,10643,9028,269,1346
16/03/2021,SULAWESI TENGAH,24,2,43,-21,10667,9071,271,1325
17/03/2021,SULAWESI TENGAH,25,1,25,-1,10692,9096,272,1324
18/03/2021,SULAWESI TENGAH,24,1,52,-29,10716,9148,273,1295
19/03/2021,SULAWESI TENGAH,55,1,58,-4,10771,9206,274,1291
20/03/2021,SULAWESI TENGAH,42,2,86,-46,10813,9292,276,1245
21/03/2021,SULAWESI TENGAH,21,3,88,-70,10834,9380,279,1175
22/03/2021,SULAWESI TENGAH,84,2,138,-56,10918,9518,281,1119
23/03/2021,SULAWESI TENGAH,70,4,74,-8,10988,9592,285,1111
24/03/2021,SULAWESI TENGAH,33,6,216,-189,11021,9808,291,922
25/03/2021,SULAWESI TENGAH,24,1,39,-16,11045,9847,292,906
26/03/2021,SULAWESI TENGAH,34,2,35,-3,11079,9882,294,903
27/03/2021,SULAWESI TENGAH,13,0,20,-7,11092,9902,294,896
28/03/2021,SULAWESI TENGAH,18,0,58,-40,11110,9960,294,856
29/03/2021,SULAWESI TENGAH,26,0,64,-38,11136,10024,294,818
30/03/2021,SULAWESI TENGAH,45,0,10,35,11181,10034,294,853
31/03/2021,SULAWESI TENGAH,40,0,78,-38,11221,10112,294,815
01/04/2021,SULAWESI TENGAH,32,3,63,-34,11253,10175,297,781
02/04/2021,SULAWESI TENGAH,18,0,32,-14,11271,10207,297,767
03/04/2021,SULAWESI TENGAH,14,2,21,-9,11285,10228,299,758
04/04/2021,SULAWESI TENGAH,18,0,13,5,11303,10241,299,763
05/04/2021,SULAWESI TENGAH,48,1,29,18,11351,10270,300,781
06/04/2021,SULAWESI TENGAH,16,1,47,-32,11367,10317,301,749
07/04/2021,SULAWESI TENGAH,57,2,27,28,11424,10344,303,777
08/04/2021,SULAWESI TENGAH,23,2,59,-38,11447,10403,305,739
09/04/2021,SULAWESI TENGAH,55,1,32,22,11502,10435,306,761
10/04/2021,SULAWESI TENGAH,20,1,23,-4,11522,10458,307,757
11/04/2021,SULAWESI TENGAH,8,1,39,-32,11530,10497,308,725
12/04/2021,SULAWESI TENGAH,49,0,93,-44,11579,10590,308,681
13/04/2021,SULAWESI TENGAH,55,1,63,-9,11634,10653,309,672
14/04/2021,SULAWESI TENGAH,61,0,76,-15,11695,10729,309,657
15/04/2021,SULAWESI TENGAH,27,1,75,-49,11722,10804,310,608
16/04/2021,SULAWESI TENGAH,26,4,27,-5,11748,10831,314,603
17/04/2021,SULAWESI TENGAH,70,1,0,69,11818,10831,315,672
18/04/2021,SULAWESI TENGAH,7,2,8,-3,11825,10839,317,669
19/04/2021,SULAWESI TENGAH,81,0,56,25,11906,10895,317,694
20/04/2021,SULAWESI TENGAH,15,1,69,-55,11921,10964,318,639
21/04/2021,SULAWESI TENGAH,26,3,63,-40,11947,11027,321,599
22/04/2021,SULAWESI TENGAH,7,2,28,-23,11954,11055,323,576
23/04/2021,SULAWESI TENGAH,38,0,8,30,11992,11063,323,606
24/04/2021,SULAWESI TENGAH,46,0,5,41,12038,11068,323,647
25/04/2021,SULAWESI TENGAH,9,1,7,1,12047,11075,324,648
26/04/2021,SULAWESI TENGAH,39,1,11,27,12086,11086,325,675
27/04/2021,SULAWESI TENGAH,39,0,23,16,12125,11109,325,691
28/04/2021,SULAWESI TENGAH,48,2,29,17,12173,11138,327,708
29/04/2021,SULAWESI TENGAH,51,1,18,32,12224,11156,328,740
30/04/2021,SULAWESI TENGAH,58,4,33,21,12282,11189,332,761
01/05/2021,SULAWESI TENGAH,20,2,25,-7,12302,11214,334,754
02/05/2021,SULAWESI TENGAH,14,1,11,2,12316,11225,335,756
03/05/2021,SULAWESI TENGAH,56,2,94,-40,12372,11319,337,716
04/05/2021,SULAWESI TENGAH,22,1,97,-76,12394,11416,338,640
05/05/2021,SULAWESI TENGAH,29,3,129,-103,12423,11545,341,537
06/05/2021,SULAWESI TENGAH,47,0,50,-3,12470,11595,341,534
07/05/2021,SULAWESI TENGAH,36,0,33,3,12506,11628,341,537
08/05/2021,SULAWESI TENGAH,11,1,16,-6,12517,11644,342,531
09/05/2021,SULAWESI TENGAH,5,0,10,-5,12522,11654,342,526
10/05/2021,SULAWESI TENGAH,18,3,65,-50,12540,11719,345,476
11/05/2021,SULAWESI TENGAH,57,1,22,34,12597,11741,346,510
12/05/2021,SULAWESI TENGAH,66,1,11,54,12663,11752,347,564
13/05/2021,SULAWESI TENGAH,2,0,6,-4,12665,11758,347,560
14/05/2021,SULAWESI TENGAH,16,0,20,-4,12681,11778,347,556
15/05/2021,SULAWESI TENGAH,4,1,20,-17,12685,11798,348,539
16/05/2021,SULAWESI TENGAH,0,1,9,-10,12685,11807,349,529
17/05/2021,SULAWESI TENGAH,14,2,79,-67,12699,11886,351,462
18/05/2021,SULAWESI TENGAH,17,2,48,-33,12716,11934,353,429
19/05/2021,SULAWESI TENGAH,8,0,16,-8,12724,11950,353,421
20/05/2021,SULAWESI TENGAH,8,3,71,-66,12732,12021,356,355
21/05/2021,SULAWESI TENGAH,7,0,23,-16,12739,12044,356,339
22/05/2021,SULAWESI TENGAH,15,1,0,14,12754,12044,357,353
23/05/2021,SULAWESI TENGAH,12,0,14,-2,12766,12058,357,351
24/05/2021,SULAWESI TENGAH,21,1,15,5,12787,12073,358,356
25/05/2021,SULAWESI TENGAH,15,0,126,-111,12802,12199,358,245
26/05/2021,SULAWESI TENGAH,17,2,10,5,12819,12209,360,250
27/05/2021,SULAWESI TENGAH,7,0,33,-26,12826,12242,360,224
28/05/2021,SULAWESI TENGAH,18,1,9,8,12844,12251,361,232
29/05/2021,SULAWESI TENGAH,35,4,4,27,12879,12255,365,259
30/05/2021,SULAWESI TENGAH,14,0,2,12,12893,12257,365,271
31/05/2021,SULAWESI TENGAH,3,0,12,-9,12896,12269,365,262
01/06/2021,SULAWESI TENGAH,6,0,10,-4,12902,12279,365,258
02/06/2021,SULAWESI TENGAH,30,4,46,-20,12932,12325,369,238
03/06/2021,SULAWESI TENGAH,6,2,15,-11,12938,12340,371,227
04/06/2021,SULAWESI TENGAH,21,0,2,19,12959,12342,371,246
05/06/2021,SULAWESI TENGAH,6,0,8,-2,12965,12350,371,244
06/06/2021,SULAWESI TENGAH,6,2,15,-11,12971,12365,373,233
07/06/2021,SULAWESI TENGAH,8,1,4,3,12979,12369,374,236
08/06/2021,SULAWESI TENGAH,53,2,63,-12,13032,12432,376,224
09/06/2021,SULAWESI TENGAH,7,2,13,-8,13039,12445,378,216
10/06/2021,SULAWESI TENGAH,14,0,8,6,13053,12453,378,222
11/06/2021,SULAWESI TENGAH,10,0,21,-11,13063,12474,378,211
12/06/2021,SULAWESI TENGAH,8,2,4,2,13071,12478,380,213
13/06/2021,SULAWESI TENGAH,9,1,3,5,13080,12481,381,218
02/03/2020,RIAU,1,0,0,1,1,0,0,1
03/03/2020,RIAU,0,0,0,0,1,0,0,1
04/03/2020,RIAU,0,0,0,0,1,0,0,1
05/03/2020,RIAU,0,0,0,0,1,0,0,1
06/03/2020,RIAU,0,0,0,0,1,0,0,1
07/03/2020,RIAU,0,0,0,0,1,0,0,1
08/03/2020,RIAU,0,0,0,0,1,0,0,1
09/03/2020,RIAU,0,0,0,0,1,0,0,1
10/03/2020,RIAU,0,0,0,0,1,0,0,1
11/03/2020,RIAU,0,0,0,0,1,0,0,1
12/03/2020,RIAU,0,0,0,0,1,0,0,1
13/03/2020,RIAU,0,0,0,0,1,0,0,1
14/03/2020,RIAU,0,0,0,0,1,0,0,1
15/03/2020,RIAU,0,0,0,0,1,0,0,1
16/03/2020,RIAU,0,0,0,0,1,0,0,1
17/03/2020,RIAU,0,0,0,0,1,0,0,1
18/03/2020,RIAU,0,0,0,0,1,0,0,1
19/03/2020,RIAU,0,0,0,0,1,0,0,1
20/03/2020,RIAU,0,0,0,0,1,0,0,1
21/03/2020,RIAU,0,0,0,0,1,0,0,1
22/03/2020,RIAU,0,0,0,0,1,0,0,1
23/03/2020,RIAU,0,0,0,0,1,0,0,1
24/03/2020,RIAU,0,0,0,0,1,0,0,1
25/03/2020,RIAU,0,0,0,0,1,0,0,1
26/03/2020,RIAU,0,0,0,0,1,0,0,1
27/03/2020,RIAU,0,0,0,0,1,0,0,1
28/03/2020,RIAU,0,0,0,0,1,0,0,1
29/03/2020,RIAU,1,0,0,1,2,0,0,2
30/03/2020,RIAU,1,0,0,1,3,0,0,3
31/03/2020,RIAU,0,0,0,0,3,0,0,3
01/04/2020,RIAU,0,1,0,-1,3,0,1,2
02/04/2020,RIAU,4,0,0,4,7,0,1,6
03/04/2020,RIAU,3,0,0,3,10,0,1,9
04/04/2020,RIAU,0,0,1,-1,10,1,1,8
05/04/2020,RIAU,1,1,0,0,11,1,2,8
06/04/2020,RIAU,1,0,0,1,12,1,2,9
07/04/2020,RIAU,0,0,0,0,12,1,2,9
08/04/2020,RIAU,0,0,0,0,12,1,2,9
09/04/2020,RIAU,1,1,0,0,13,1,3,9
10/04/2020,RIAU,1,0,1,0,14,2,3,9
11/04/2020,RIAU,3,0,1,2,17,3,3,11
12/04/2020,RIAU,0,0,0,0,17,3,3,11
13/04/2020,RIAU,3,0,0,3,20,3,3,14
14/04/2020,RIAU,0,0,0,0,20,3,3,14
15/04/2020,RIAU,0,2,4,-6,20,7,5,8
16/04/2020,RIAU,5,0,3,2,25,10,5,10
17/04/2020,RIAU,1,0,0,1,26,10,5,11
18/04/2020,RIAU,4,0,0,4,30,10,5,15
19/04/2020,RIAU,0,0,0,0,30,10,5,15
20/04/2020,RIAU,4,1,0,3,34,10,6,18
21/04/2020,RIAU,1,0,0,1,35,10,6,19
22/04/2020,RIAU,0,0,0,0,35,10,6,19
23/04/2020,RIAU,1,0,3,-2,36,13,6,17
24/04/2020,RIAU,0,0,1,-1,36,14,6,16
25/04/2020,RIAU,2,0,1,1,38,15,6,17
26/04/2020,RIAU,1,0,0,1,39,15,6,18
27/04/2020,RIAU,0,0,1,-1,39,16,6,17
28/04/2020,RIAU,1,0,0,1,40,16,6,18
29/04/2020,RIAU,1,0,1,0,41,17,6,18
30/04/2020,RIAU,1,0,7,-6,42,24,6,12
01/05/2020,RIAU,1,0,1,0,43,25,6,12
02/05/2020,RIAU,3,0,2,1,46,27,6,13
03/05/2020,RIAU,8,0,0,8,54,27,6,21
04/05/2020,RIAU,5,0,0,5,59,27,6,26
05/05/2020,RIAU,3,0,1,2,62,28,6,28
06/05/2020,RIAU,0,0,0,0,62,28,6,28
07/05/2020,RIAU,5,0,0,5,67,28,6,33
08/05/2020,RIAU,3,0,11,-8,70,39,6,25
09/05/2020,RIAU,3,0,1,2,73,40,6,27
10/05/2020,RIAU,2,0,7,-5,75,47,6,22
11/05/2020,RIAU,1,0,3,-2,76,50,6,20
12/05/2020,RIAU,7,0,0,7,83,50,6,27
13/05/2020,RIAU,8,0,0,8,91,50,6,35
14/05/2020,RIAU,5,0,0,5,96,50,6,40
15/05/2020,RIAU,1,0,5,-4,97,55,6,36
16/05/2020,RIAU,0,0,7,-7,97,62,6,29
17/05/2020,RIAU,4,0,0,4,101,62,6,33
18/05/2020,RIAU,2,0,2,0,103,64,6,33
19/05/2020,RIAU,5,0,0,5,108,64,6,38
20/05/2020,RIAU,1,0,1,0,109,65,6,38
21/05/2020,RIAU,1,0,3,-2,110,68,6,36
22/05/2020,RIAU,1,0,0,1,111,68,6,37
23/05/2020,RIAU,1,0,0,1,112,68,6,38
24/05/2020,RIAU,1,0,1,0,113,69,6,38
25/05/2020,RIAU,0,0,1,-1,113,70,6,37
26/05/2020,RIAU,0,0,9,-9,113,79,6,28
27/05/2020,RIAU,0,0,0,0,113,79,6,28
28/05/2020,RIAU,0,0,3,-3,113,82,6,25
29/05/2020,RIAU,6,0,4,2,119,86,6,27
30/05/2020,RIAU,0,0,1,-1,119,87,6,26
31/05/2020,RIAU,0,0,3,-3,119,90,6,23
01/06/2020,RIAU,0,0,1,-1,119,91,6,22
02/06/2020,RIAU,0,0,3,-3,119,94,6,19
03/06/2020,RIAU,0,0,4,-4,119,98,6,15
04/06/2020,RIAU,0,0,2,-2,119,100,6,13
05/06/2020,RIAU,0,0,2,-2,119,102,6,11
06/06/2020,RIAU,1,0,0,1,120,102,6,12
07/06/2020,RIAU,0,0,0,0,120,102,6,12
08/06/2020,RIAU,0,0,6,-6,120,108,6,6
09/06/2020,RIAU,2,0,0,2,122,108,6,8
10/06/2020,RIAU,0,0,0,0,122,108,6,8
11/06/2020,RIAU,0,0,1,-1,122,109,6,7
12/06/2020,RIAU,0,0,1,-1,122,110,6,6
13/06/2020,RIAU,5,0,0,5,127,110,6,11
14/06/2020,RIAU,0,0,0,0,127,110,6,11
15/06/2020,RIAU,1,1,2,-2,128,112,7,9
16/06/2020,RIAU,0,0,1,-1,128,113,7,8
17/06/2020,RIAU,2,1,1,0,130,114,8,8
18/06/2020,RIAU,6,0,1,5,136,115,8,13
19/06/2020,RIAU,8,0,0,8,144,115,8,21
20/06/2020,RIAU,0,0,2,-2,144,117,8,19
21/06/2020,RIAU,0,0,0,0,144,117,8,19
22/06/2020,RIAU,24,0,1,23,168,118,8,42
23/06/2020,RIAU,27,1,0,26,195,118,9,68
24/06/2020,RIAU,24,0,3,21,219,121,9,89
25/06/2020,RIAU,3,1,1,1,222,122,10,90
26/06/2020,RIAU,3,0,0,3,225,122,10,93
27/06/2020,RIAU,0,0,0,0,225,122,10,93
28/06/2020,RIAU,1,0,17,-16,226,139,10,77
29/06/2020,RIAU,2,0,27,-25,228,166,10,52
30/06/2020,RIAU,0,0,10,-10,228,176,10,42
01/07/2020,RIAU,1,0,2,-1,229,178,10,41
02/07/2020,RIAU,1,0,10,-9,230,188,10,32
03/07/2020,RIAU,4,0,12,-8,234,200,10,24
04/07/2020,RIAU,1,0,5,-4,235,205,10,20
05/07/2020,RIAU,1,0,3,-2,236,208,10,18
06/07/2020,RIAU,1,1,4,-4,237,212,11,14
07/07/2020,RIAU,1,0,2,-1,238,214,11,13
08/07/2020,RIAU,0,0,1,-1,238,215,11,12
09/07/2020,RIAU,2,0,1,1,240,216,11,13
10/07/2020,RIAU,0,0,1,-1,240,217,11,12
11/07/2020,RIAU,1,0,0,1,241,217,11,13
12/07/2020,RIAU,1,0,1,0,242,218,11,13
13/07/2020,RIAU,3,0,3,0,245,221,11,13
14/07/2020,RIAU,3,0,0,3,248,221,11,16
15/07/2020,RIAU,0,0,1,-1,248,222,11,15
16/07/2020,RIAU,5,0,2,3,253,224,11,18
17/07/2020,RIAU,5,0,0,5,258,224,11,23
18/07/2020,RIAU,5,0,0,5,263,224,11,28
19/07/2020,RIAU,11,0,1,10,274,225,11,38
20/07/2020,RIAU,15,0,5,10,289,230,11,48
21/07/2020,RIAU,23,0,2,21,312,232,11,69
22/07/2020,RIAU,38,0,0,38,350,232,11,107
23/07/2020,RIAU,4,0,2,2,354,234,11,109
24/07/2020,RIAU,13,0,1,12,367,235,11,121
25/07/2020,RIAU,5,0,9,-4,372,244,11,117
26/07/2020,RIAU,11,0,13,-2,383,257,11,115
27/07/2020,RIAU,4,0,9,-5,387,266,11,110
28/07/2020,RIAU,25,1,5,19,412,271,12,129
29/07/2020,RIAU,6,0,16,-10,418,287,12,119
30/07/2020,RIAU,10,0,19,-9,428,306,12,110
31/07/2020,RIAU,18,0,4,14,446,310,12,124
01/08/2020,RIAU,3,0,16,-13,449,326,12,111
02/08/2020,RIAU,10,0,1,9,459,327,12,120
03/08/2020,RIAU,50,1,6,43,509,333,13,163
04/08/2020,RIAU,69,0,12,57,578,345,13,220
05/08/2020,RIAU,28,0,4,24,606,349,13,244
06/08/2020,RIAU,15,0,11,4,621,360,13,248
07/08/2020,RIAU,37,0,9,28,658,369,13,276
08/08/2020,RIAU,50,0,4,46,708,373,13,322
09/08/2020,RIAU,26,1,9,16,734,382,14,338
10/08/2020,RIAU,41,0,24,17,775,406,14,355
11/08/2020,RIAU,17,0,21,-4,792,427,14,351
12/08/2020,RIAU,33,0,10,23,825,437,14,374
13/08/2020,RIAU,68,0,46,22,893,483,14,396
14/08/2020,RIAU,27,0,52,-25,920,535,14,371
15/08/2020,RIAU,41,0,45,-4,961,580,14,367
16/08/2020,RIAU,23,1,20,2,984,600,15,369
17/08/2020,RIAU,34,1,17,16,1018,617,16,385
18/08/2020,RIAU,23,0,23,0,1041,640,16,385
19/08/2020,RIAU,11,0,19,-8,1052,659,16,377
20/08/2020,RIAU,47,1,36,10,1099,695,17,387
21/08/2020,RIAU,34,0,26,8,1133,721,17,395
22/08/2020,RIAU,63,1,29,33,1196,750,18,428
23/08/2020,RIAU,42,1,15,26,1238,765,19,454
24/08/2020,RIAU,42,2,52,-12,1280,817,21,442
25/08/2020,RIAU,39,1,12,26,1319,829,22,468
26/08/2020,RIAU,42,0,23,19,1361,852,22,487
27/08/2020,RIAU,99,3,16,80,1460,868,25,567
28/08/2020,RIAU,66,5,43,18,1526,911,30,585
29/08/2020,RIAU,79,0,24,55,1605,935,30,640
30/08/2020,RIAU,134,0,31,103,1739,966,30,743
31/08/2020,RIAU,108,4,44,60,1847,1010,34,803
01/09/2020,RIAU,81,1,19,61,1928,1029,35,864
02/09/2020,RIAU,107,1,10,96,2035,1039,36,960
03/09/2020,RIAU,107,1,27,79,2142,1066,37,1039
04/09/2020,RIAU,130,5,53,72,2272,1119,42,1111
05/09/2020,RIAU,177,0,106,71,2449,1225,42,1182
06/09/2020,RIAU,141,5,29,107,2590,1254,47,1289
07/09/2020,RIAU,136,2,49,85,2726,1303,49,1374
08/09/2020,RIAU,113,3,42,68,2839,1345,52,1442
09/09/2020,RIAU,141,3,82,56,2980,1427,55,1498
10/09/2020,RIAU,198,3,61,134,3178,1488,58,1632
11/09/2020,RIAU,183,0,70,113,3361,1558,58,1745
12/09/2020,RIAU,232,5,32,195,3593,1590,63,1940
13/09/2020,RIAU,207,8,29,170,3800,1619,71,2110
14/09/2020,RIAU,136,4,91,41,3936,1710,75,2151
15/09/2020,RIAU,166,5,76,85,4102,1786,80,2236
16/09/2020,RIAU,188,4,25,159,4290,1811,84,2395
17/09/2020,RIAU,236,8,37,191,4526,1848,92,2586
18/09/2020,RIAU,228,3,204,21,4754,2052,95,2607
19/09/2020,RIAU,297,2,75,220,5051,2127,97,2827
20/09/2020,RIAU,282,3,80,199,5333,2207,100,3026
21/09/2020,RIAU,160,6,35,119,5493,2242,106,3145
22/09/2020,RIAU,249,0,139,110,5742,2381,106,3255
23/09/2020,RIAU,189,11,329,-151,5931,2710,117,3104
24/09/2020,RIAU,235,9,116,110,6166,2826,126,3214
25/09/2020,RIAU,200,5,181,14,6366,3007,131,3228
26/09/2020,RIAU,260,6,192,62,6626,3199,137,3290
27/09/2020,RIAU,190,6,209,-25,6816,3408,143,3265
28/09/2020,RIAU,236,5,111,120,7052,3519,148,3385
29/09/2020,RIAU,222,4,164,54,7274,3683,152,3439
30/09/2020,RIAU,356,7,250,99,7630,3933,159,3538
01/10/2020,RIAU,259,7,271,-19,7889,4204,166,3519
02/10/2020,RIAU,178,6,155,17,8067,4359,172,3536
03/10/2020,RIAU,175,5,457,-287,8242,4816,177,3249
04/10/2020,RIAU,166,6,218,-58,8408,5034,183,3191
05/10/2020,RIAU,297,8,279,10,8705,5313,191,3201
06/10/2020,RIAU,132,7,182,-57,8837,5495,198,3144
07/10/2020,RIAU,150,2,262,-114,8987,5757,200,3030
08/10/2020,RIAU,246,4,98,144,9233,5855,204,3174
09/10/2020,RIAU,203,6,73,124,9436,5928,210,3298
10/10/2020,RIAU,233,9,153,71,9669,6081,219,3369
11/10/2020,RIAU,307,5,108,194,9976,6189,224,3563
12/10/2020,RIAU,206,2,116,88,10182,6305,226,3651
13/10/2020,RIAU,162,4,113,45,10344,6418,230,3696
14/10/2020,RIAU,295,12,117,166,10639,6535,242,3862
15/10/2020,RIAU,183,6,120,57,10822,6655,248,3919
16/10/2020,RIAU,278,2,109,167,11100,6764,250,4086
17/10/2020,RIAU,256,8,123,125,11356,6887,258,4211
18/10/2020,RIAU,285,4,111,170,11641,6998,262,4381
19/10/2020,RIAU,198,5,505,-312,11839,7503,267,4069
20/10/2020,RIAU,169,2,629,-462,12008,8132,269,3607
21/10/2020,RIAU,315,9,307,-1,12323,8439,278,3606
22/10/2020,RIAU,282,6,172,104,12605,8611,284,3710
23/10/2020,RIAU,275,6,254,15,12880,8865,290,3725
24/10/2020,RIAU,379,9,277,93,13259,9142,299,3818
25/10/2020,RIAU,288,3,541,-256,13547,9683,302,3562
26/10/2020,RIAU,206,4,262,-60,13753,9945,306,3502
27/10/2020,RIAU,247,6,296,-55,14000,10241,312,3447
28/10/2020,RIAU,249,6,265,-22,14249,10506,318,3425
29/10/2020,RIAU,261,6,224,31,14510,10730,324,3456
30/10/2020,RIAU,161,6,247,-92,14671,10977,330,3364
31/10/2020,RIAU,127,5,231,-109,14798,11208,335,3255
01/11/2020,RIAU,25,2,164,-141,14823,11372,337,3114
02/11/2020,RIAU,9,2,156,-149,14832,11528,339,2965
03/11/2020,RIAU,99,2,343,-246,14931,11871,341,2719
04/11/2020,RIAU,168,4,249,-85,15099,12120,345,2634
05/11/2020,RIAU,176,2,318,-144,15275,12438,347,2490
06/11/2020,RIAU,143,7,210,-74,15418,12648,354,2416
07/11/2020,RIAU,165,5,355,-195,15583,13003,359,2221
08/11/2020,RIAU,158,4,161,-7,15741,13164,363,2214
09/11/2020,RIAU,14,2,128,-116,15755,13292,365,2098
10/11/2020,RIAU,152,0,11,141,15907,13303,365,2239
11/11/2020,RIAU,146,10,489,-353,16053,13792,375,1886
12/11/2020,RIAU,116,3,86,27,16169,13878,378,1913
13/11/2020,RIAU,146,3,90,53,16315,13968,381,1966
14/11/2020,RIAU,130,1,51,78,16445,14019,382,2044
15/11/2020,RIAU,163,3,205,-45,16608,14224,385,1999
16/11/2020,RIAU,148,8,124,16,16756,14348,393,2015
17/11/2020,RIAU,268,2,41,225,17024,14389,395,2240
18/11/2020,RIAU,274,2,248,24,17298,14637,397,2264
19/11/2020,RIAU,688,3,995,-310,17986,15632,400,1954
20/11/2020,RIAU,176,5,198,-27,18162,15830,405,1927
21/11/2020,RIAU,308,4,122,182,18470,15952,409,2109
22/11/2020,RIAU,171,5,179,-13,18641,16131,414,2096
23/11/2020,RIAU,113,2,133,-22,18754,16264,416,2074
24/11/2020,RIAU,138,3,116,19,18892,16380,419,2093
25/11/2020,RIAU,236,5,180,51,19128,16560,424,2144
26/11/2020,RIAU,206,4,200,2,19334,16760,428,2146
27/11/2020,RIAU,261,8,198,55,19595,16958,436,2201
28/11/2020,RIAU,170,8,256,-94,19765,17214,444,2107
29/11/2020,RIAU,173,6,194,-27,19938,17408,450,2080
30/11/2020,RIAU,136,6,170,-40,20074,17578,456,2040
01/12/2020,RIAU,163,2,283,-122,20237,17861,458,1918
02/12/2020,RIAU,227,5,175,47,20464,18036,463,1965
03/12/2020,RIAU,179,5,160,14,20643,18196,468,1979
04/12/2020,RIAU,155,2,156,-3,20798,18352,470,1976
05/12/2020,RIAU,114,3,206,-95,20912,18558,473,1881
06/12/2020,RIAU,225,3,191,31,21137,18749,476,1912
07/12/2020,RIAU,164,5,186,-27,21301,18935,481,1885
08/12/2020,RIAU,171,6,143,22,21472,19078,487,1907
09/12/2020,RIAU,235,6,186,43,21707,19264,493,1950
10/12/2020,RIAU,139,5,114,20,21846,19378,498,1970
11/12/2020,RIAU,149,3,180,-34,21995,19558,501,1936
12/12/2020,RIAU,178,4,227,-53,22173,19785,505,1883
13/12/2020,RIAU,181,3,153,25,22354,19938,508,1908
14/12/2020,RIAU,78,3,167,-92,22432,20105,511,1816
15/12/2020,RIAU,177,3,124,50,22609,20229,514,1866
16/12/2020,RIAU,153,4,223,-74,22762,20452,518,1792
17/12/2020,RIAU,288,5,197,86,23050,20649,523,1878
18/12/2020,RIAU,184,9,200,-25,23234,20849,532,1853
19/12/2020,RIAU,372,5,183,184,23606,21032,537,2037
20/12/2020,RIAU,121,2,128,-9,23727,21160,539,2028
21/12/2020,RIAU,76,4,99,-27,23803,21259,543,2001
22/12/2020,RIAU,116,1,165,-50,23919,21424,544,1951
23/12/2020,RIAU,96,3,205,-112,24015,21629,547,1839
24/12/2020,RIAU,214,4,112,98,24229,21741,551,1937
25/12/2020,RIAU,79,7,281,-209,24308,22022,558,1728
26/12/2020,RIAU,93,8,191,-106,24401,22213,566,1622
27/12/2020,RIAU,117,2,185,-70,24518,22398,568,1552
28/12/2020,RIAU,81,4,172,-95,24599,22570,572,1457
29/12/2020,RIAU,116,3,318,-205,24715,22888,575,1252
30/12/2020,RIAU,141,4,112,25,24856,23000,579,1277
31/12/2020,RIAU,110,3,77,30,24966,23077,582,1307
01/01/2021,RIAU,147,3,144,0,25113,23221,585,1307
02/01/2021,RIAU,68,6,128,-66,25181,23349,591,1241
03/01/2021,RIAU,81,5,156,-80,25262,23505,596,1161
04/01/2021,RIAU,110,2,96,12,25372,23601,598,1173
05/01/2021,RIAU,160,2,92,66,25532,23693,600,1239
06/01/2021,RIAU,169,1,115,53,25701,23808,601,1292
07/01/2021,RIAU,139,1,93,45,25840,23901,602,1337
08/01/2021,RIAU,192,5,114,73,26032,24015,607,1410
09/01/2021,RIAU,134,7,153,-26,26166,24168,614,1384
10/01/2021,RIAU,166,3,108,55,26332,24276,617,1439
11/01/2021,RIAU,88,2,98,-12,26420,24374,619,1427
12/01/2021,RIAU,266,2,78,186,26686,24452,621,1613
13/01/2021,RIAU,138,5,89,44,26824,24541,626,1657
14/01/2021,RIAU,93,1,119,-27,26917,24660,627,1630
15/01/2021,RIAU,170,2,186,-18,27087,24846,629,1612
16/01/2021,RIAU,96,5,166,-75,27183,25012,634,1537
17/01/2021,RIAU,188,1,138,49,27371,25150,635,1586
18/01/2021,RIAU,88,6,140,-58,27459,25290,641,1528
19/01/2021,RIAU,167,4,141,22,27626,25431,645,1550
20/01/2021,RIAU,122,5,150,-33,27748,25581,650,1517
21/01/2021,RIAU,137,5,96,36,27885,25677,655,1553
22/01/2021,RIAU,122,1,204,-83,28007,25881,656,1470
23/01/2021,RIAU,112,7,140,-35,28119,26021,663,1435
24/01/2021,RIAU,153,5,99,49,28272,26120,668,1484
25/01/2021,RIAU,44,2,169,-127,28316,26289,670,1357
26/01/2021,RIAU,132,9,99,24,28448,26388,679,1381
27/01/2021,RIAU,129,2,159,-32,28577,26547,681,1349
28/01/2021,RIAU,116,1,116,-1,28693,26663,682,1348
29/01/2021,RIAU,96,2,149,-55,28789,26812,684,1293
30/01/2021,RIAU,89,2,130,-43,28878,26942,686,1250
31/01/2021,RIAU,130,1,140,-11,29008,27082,687,1239
01/02/2021,RIAU,21,3,120,-102,29029,27202,690,1137
02/02/2021,RIAU,78,1,110,-33,29107,27312,691,1104
03/02/2021,RIAU,104,1,135,-32,29211,27447,692,1072
04/02/2021,RIAU,92,5,58,29,29303,27505,697,1101
05/02/2021,RIAU,68,3,107,-42,29371,27612,700,1059
06/02/2021,RIAU,70,3,130,-63,29441,27742,703,996
07/02/2021,RIAU,93,3,77,13,29534,27819,706,1009
08/02/2021,RIAU,62,1,74,-13,29596,27893,707,996
09/02/2021,RIAU,73,3,83,-13,29669,27976,710,983
10/02/2021,RIAU,173,4,129,40,29842,28105,714,1023
11/02/2021,RIAU,89,3,44,42,29931,28149,717,1065
12/02/2021,RIAU,96,3,92,1,30027,28241,720,1066
13/02/2021,RIAU,47,2,104,-59,30074,28345,722,1007
14/02/2021,RIAU,67,1,88,-22,30141,28433,723,985
15/02/2021,RIAU,56,2,51,3,30197,28484,725,988
16/02/2021,RIAU,80,4,72,4,30277,28556,729,992
17/02/2021,RIAU,22,1,57,-36,30299,28613,730,956
18/02/2021,RIAU,109,2,111,-4,30408,28724,732,952
19/02/2021,RIAU,69,3,74,-8,30477,28798,735,944
20/02/2021,RIAU,133,8,171,-46,30610,28969,743,898
21/02/2021,RIAU,197,1,91,105,30807,29060,744,1003
22/02/2021,RIAU,51,2,94,-45,30858,29154,746,958
23/02/2021,RIAU,116,3,59,54,30974,29213,749,1012
24/02/2021,RIAU,110,2,55,53,31084,29268,751,1065
25/02/2021,RIAU,133,2,63,68,31217,29331,753,1133
26/02/2021,RIAU,69,4,85,-20,31286,29416,757,1113
27/02/2021,RIAU,49,4,56,-11,31335,29472,761,1102
28/02/2021,RIAU,63,2,91,-30,31398,29563,763,1072
01/03/2021,RIAU,55,2,75,-22,31453,29638,765,1050
02/03/2021,RIAU,89,1,106,-18,31542,29744,766,1032
03/03/2021,RIAU,79,3,165,-89,31621,29909,769,943
04/03/2021,RIAU,87,4,70,13,31708,29979,773,956
05/03/2021,RIAU,129,1,99,29,31837,30078,774,985
06/03/2021,RIAU,68,4,87,-23,31905,30165,778,962
07/03/2021,RIAU,134,3,99,32,32039,30264,781,994
08/03/2021,RIAU,64,2,71,-9,32103,30335,783,985
09/03/2021,RIAU,109,3,75,31,32212,30410,786,1016
10/03/2021,RIAU,107,2,67,38,32319,30477,788,1054
11/03/2021,RIAU,111,1,50,60,32430,30527,789,1114
12/03/2021,RIAU,58,4,50,4,32488,30577,793,1118
13/03/2021,RIAU,66,3,107,-44,32554,30684,796,1074
14/03/2021,RIAU,169,4,111,54,32723,30795,800,1128
15/03/2021,RIAU,69,1,98,-30,32792,30893,801,1098
16/03/2021,RIAU,117,3,52,62,32909,30945,804,1160
17/03/2021,RIAU,82,1,121,-40,32991,31066,805,1120
18/03/2021,RIAU,108,1,56,51,33099,31122,806,1171
19/03/2021,RIAU,132,7,211,-86,33231,31333,813,1085
20/03/2021,RIAU,219,3,114,102,33450,31447,816,1187
21/03/2021,RIAU,49,0,112,-63,33499,31559,816,1124
22/03/2021,RIAU,74,4,76,-6,33573,31635,820,1118
23/03/2021,RIAU,167,3,71,93,33740,31706,823,1211
24/03/2021,RIAU,125,5,141,-21,33865,31847,828,1190
25/03/2021,RIAU,120,7,85,28,33985,31932,835,1218
26/03/2021,RIAU,169,0,107,62,34154,32039,835,1280
27/03/2021,RIAU,112,3,75,34,34266,32114,838,1314
28/03/2021,RIAU,125,1,95,29,34391,32209,839,1343
29/03/2021,RIAU,69,5,105,-41,34460,32314,844,1302
30/03/2021,RIAU,132,2,140,-10,34592,32454,846,1292
31/03/2021,RIAU,160,5,144,11,34752,32598,851,1303
01/04/2021,RIAU,199,6,75,118,34951,32673,857,1421
02/04/2021,RIAU,203,4,132,67,35154,32805,861,1488
03/04/2021,RIAU,116,4,121,-9,35270,32926,865,1479
04/04/2021,RIAU,217,6,123,88,35487,33049,871,1567
05/04/2021,RIAU,85,8,108,-31,35572,33157,879,1536
06/04/2021,RIAU,214,5,170,39,35786,33327,884,1575
07/04/2021,RIAU,222,4,116,102,36008,33443,888,1677
08/04/2021,RIAU,300,6,146,148,36308,33589,894,1825
09/04/2021,RIAU,231,4,126,101,36539,33715,898,1926
10/04/2021,RIAU,265,1,142,122,36804,33857,899,2048
11/04/2021,RIAU,191,5,135,51,36995,33992,904,2099
12/04/2021,RIAU,146,6,94,46,37141,34086,910,2145
13/04/2021,RIAU,253,7,196,50,37394,34282,917,2195
14/04/2021,RIAU,335,11,162,162,37729,34444,928,2357
15/04/2021,RIAU,269,10,106,153,37998,34550,938,2510
16/04/2021,RIAU,235,6,194,35,38233,34744,944,2545
17/04/2021,RIAU,320,6,215,99,38553,34959,950,2644
18/04/2021,RIAU,330,8,278,44,38883,35237,958,2688
19/04/2021,RIAU,227,9,203,15,39110,35440,967,2703
20/04/2021,RIAU,410,14,212,184,39520,35652,981,2887
21/04/2021,RIAU,460,4,233,223,39980,35885,985,3110
22/04/2021,RIAU,419,12,157,250,40399,36042,997,3360
23/04/2021,RIAU,477,11,241,225,40876,36283,1008,3585
24/04/2021,RIAU,421,9,328,84,41297,36611,1017,3669
25/04/2021,RIAU,404,8,224,172,41701,36835,1025,3841
26/04/2021,RIAU,614,14,208,392,42315,37043,1039,4233
27/04/2021,RIAU,383,11,329,43,42698,37372,1050,4276
28/04/2021,RIAU,479,11,271,197,43177,37643,1061,4473
29/04/2021,RIAU,579,10,280,289,43756,37923,1071,4762
30/04/2021,RIAU,521,14,403,104,44277,38326,1085,4866
01/05/2021,RIAU,377,15,333,29,44654,38659,1100,4895
02/05/2021,RIAU,583,16,344,223,45237,39003,1116,5118
03/05/2021,RIAU,341,18,398,-75,45578,39401,1134,5043
04/05/2021,RIAU,483,7,331,145,46061,39732,1141,5188
05/05/2021,RIAU,570,15,572,-17,46631,40304,1156,5171
06/05/2021,RIAU,520,20,479,21,47151,40783,1176,5192
07/05/2021,RIAU,628,17,505,106,47779,41288,1193,5298
08/05/2021,RIAU,653,7,257,389,48432,41545,1200,5687
09/05/2021,RIAU,454,26,222,206,48886,41767,1226,5893
10/05/2021,RIAU,551,14,631,-94,49437,42398,1240,5799
11/05/2021,RIAU,587,24,527,36,50024,42925,1264,5835
12/05/2021,RIAU,523,12,779,-268,50547,43704,1276,5567
13/05/2021,RIAU,513,14,263,236,51060,43967,1290,5803
14/05/2021,RIAU,112,16,501,-405,51172,44468,1306,5398
15/05/2021,RIAU,146,12,564,-430,51318,45032,1318,4968
16/05/2021,RIAU,355,6,567,-218,51673,45599,1324,4750
17/05/2021,RIAU,317,21,600,-304,51990,46199,1345,4446
18/05/2021,RIAU,321,18,579,-276,52311,46778,1363,4170
19/05/2021,RIAU,385,17,469,-101,52696,47247,1380,4069
20/05/2021,RIAU,421,11,596,-186,53117,47843,1391,3883
21/05/2021,RIAU,512,17,648,-153,53629,48491,1408,3730
22/05/2021,RIAU,639,6,431,202,54268,48922,1414,3932
23/05/2021,RIAU,592,12,513,67,54860,49435,1426,3999
24/05/2021,RIAU,665,24,202,439,55525,49637,1450,4438
25/05/2021,RIAU,642,19,179,444,56167,49816,1469,4882
26/05/2021,RIAU,739,27,347,365,56906,50163,1496,5247
27/05/2021,RIAU,810,14,248,548,57716,50411,1510,5795
28/05/2021,RIAU,503,19,458,26,58219,50869,1529,5821
29/05/2021,RIAU,652,11,413,228,58871,51282,1540,6049
30/05/2021,RIAU,726,21,451,254,59597,51733,1561,6303
31/05/2021,RIAU,473,26,501,-54,60070,52234,1587,6249
01/06/2021,RIAU,452,13,589,-150,60522,52823,1600,6099
02/06/2021,RIAU,615,16,578,21,61137,53401,1616,6120
03/06/2021,RIAU,380,13,478,-111,61517,53879,1629,6009
04/06/2021,RIAU,593,16,701,-124,62110,54580,1645,5885
05/06/2021,RIAU,507,19,682,-194,62617,55262,1664,5691
06/06/2021,RIAU,528,9,737,-218,63145,55999,1673,5473
07/06/2021,RIAU,313,22,561,-270,63458,56560,1695,5203
08/06/2021,RIAU,345,13,638,-306,63803,57198,1708,4897
09/06/2021,RIAU,402,14,646,-258,64205,57844,1722,4639
10/06/2021,RIAU,438,11,470,-43,64643,58314,1733,4596
11/06/2021,RIAU,387,12,447,-72,65030,58761,1745,4524
12/06/2021,RIAU,388,7,561,-180,65418,59322,1752,4344
13/06/2021,RIAU,322,13,402,-93,65740,59724,1765,4251
27/03/2020,PAPUA BARAT,2,0,0,2,2,0,0,2
28/03/2020,PAPUA BARAT,0,0,0,0,2,0,0,2
29/03/2020,PAPUA BARAT,0,0,0,0,2,0,0,2
30/03/2020,PAPUA BARAT,0,0,0,0,2,0,0,2
31/03/2020,PAPUA BARAT,0,0,0,0,2,0,0,2
01/04/2020,PAPUA BARAT,0,0,0,0,2,0,0,2
02/04/2020,PAPUA BARAT,0,0,0,0,2,0,0,2
03/04/2020,PAPUA BARAT,0,0,0,0,2,0,0,2
04/04/2020,PAPUA BARAT,0,0,0,0,2,0,0,2
05/04/2020,PAPUA BARAT,0,0,0,0,2,0,0,2
06/04/2020,PAPUA BARAT,0,0,0,0,2,0,0,2
07/04/2020,PAPUA BARAT,0,0,0,0,2,0,0,2
08/04/2020,PAPUA BARAT,0,0,0,0,2,0,0,2
09/04/2020,PAPUA BARAT,0,0,0,0,2,0,0,2
10/04/2020,PAPUA BARAT,0,0,0,0,2,0,0,2
11/04/2020,PAPUA BARAT,0,0,0,0,2,0,0,2
12/04/2020,PAPUA BARAT,0,0,0,0,2,0,0,2
13/04/2020,PAPUA BARAT,0,0,0,0,2,0,0,2
14/04/2020,PAPUA BARAT,0,0,0,0,2,0,0,2
15/04/2020,PAPUA BARAT,0,0,0,0,2,0,0,2
16/04/2020,PAPUA BARAT,3,0,0,3,5,0,0,5
17/04/2020,PAPUA BARAT,0,0,0,0,5,0,0,5
18/04/2020,PAPUA BARAT,0,0,0,0,5,0,0,5
19/04/2020,PAPUA BARAT,2,0,0,2,7,0,0,7
20/04/2020,PAPUA BARAT,0,0,0,0,7,0,0,7
21/04/2020,PAPUA BARAT,0,0,0,0,7,0,0,7
22/04/2020,PAPUA BARAT,1,0,0,1,8,0,0,8
23/04/2020,PAPUA BARAT,5,0,0,5,13,0,0,13
24/04/2020,PAPUA BARAT,2,0,0,2,15,0,0,15
25/04/2020,PAPUA BARAT,1,0,0,1,16,0,0,16
26/04/2020,PAPUA BARAT,0,0,0,0,16,0,0,16
27/04/2020,PAPUA BARAT,0,0,0,0,16,0,0,16
28/04/2020,PAPUA BARAT,21,0,0,21,37,0,0,37
29/04/2020,PAPUA BARAT,0,0,0,0,37,0,0,37
30/04/2020,PAPUA BARAT,0,0,0,0,37,0,0,37
01/05/2020,PAPUA BARAT,5,0,0,5,42,0,0,42
02/05/2020,PAPUA BARAT,1,0,0,1,43,0,0,43
03/05/2020,PAPUA BARAT,0,0,0,0,43,0,0,43
04/05/2020,PAPUA BARAT,0,0,0,0,43,0,0,43
05/05/2020,PAPUA BARAT,6,0,0,6,49,0,0,49
06/05/2020,PAPUA BARAT,4,0,0,4,53,0,0,53
07/05/2020,PAPUA BARAT,0,0,0,0,53,0,0,53
08/05/2020,PAPUA BARAT,0,0,0,0,53,0,0,53
09/05/2020,PAPUA BARAT,0,0,0,0,53,0,0,53
10/05/2020,PAPUA BARAT,17,0,2,15,70,2,0,68
11/05/2020,PAPUA BARAT,0,0,0,0,70,2,0,68
12/05/2020,PAPUA BARAT,0,0,0,0,70,2,0,68
13/05/2020,PAPUA BARAT,0,0,0,0,70,2,0,68
14/05/2020,PAPUA BARAT,18,0,0,18,88,2,0,86
15/05/2020,PAPUA BARAT,0,0,0,0,88,2,0,86
16/05/2020,PAPUA BARAT,14,0,3,11,102,5,0,97
17/05/2020,PAPUA BARAT,3,0,0,3,105,5,0,100
18/05/2020,PAPUA BARAT,0,0,0,0,105,5,0,100
19/05/2020,PAPUA BARAT,0,0,0,0,105,5,0,100
20/05/2020,PAPUA BARAT,1,0,1,0,106,6,0,100
21/05/2020,PAPUA BARAT,3,0,1,2,109,7,0,102
22/05/2020,PAPUA BARAT,10,0,4,6,119,11,0,108
23/05/2020,PAPUA BARAT,10,1,8,1,129,19,1,109
24/05/2020,PAPUA BARAT,1,0,0,1,130,19,1,110
25/05/2020,PAPUA BARAT,0,0,3,-3,130,22,1,107
26/05/2020,PAPUA BARAT,2,0,13,-11,132,35,1,96
27/05/2020,PAPUA BARAT,0,0,1,-1,132,36,1,95
28/05/2020,PAPUA BARAT,20,0,2,18,152,38,1,113
29/05/2020,PAPUA BARAT,6,0,4,2,158,42,1,115
30/05/2020,PAPUA BARAT,4,0,7,-3,162,49,1,112
31/05/2020,PAPUA BARAT,6,0,6,0,168,55,1,112
01/06/2020,PAPUA BARAT,0,0,0,0,168,55,1,112
02/06/2020,PAPUA BARAT,4,0,0,4,172,55,1,116
03/06/2020,PAPUA BARAT,0,0,0,0,172,55,1,116
04/06/2020,PAPUA BARAT,1,0,2,-1,173,57,1,115
05/06/2020,PAPUA BARAT,2,0,17,-15,175,74,1,100
06/06/2020,PAPUA BARAT,3,0,0,3,178,74,1,103
07/06/2020,PAPUA BARAT,1,0,0,1,179,74,1,104
08/06/2020,PAPUA BARAT,0,0,0,0,179,74,1,104
09/06/2020,PAPUA BARAT,4,0,1,3,183,75,1,107
10/06/2020,PAPUA BARAT,8,0,9,-1,191,84,1,106
11/06/2020,PAPUA BARAT,4,0,1,3,195,85,1,109
12/06/2020,PAPUA BARAT,5,0,1,4,200,86,1,113
13/06/2020,PAPUA BARAT,5,1,0,4,205,86,2,117
14/06/2020,PAPUA BARAT,3,0,1,2,208,87,2,119
15/06/2020,PAPUA BARAT,1,0,0,1,209,87,2,120
16/06/2020,PAPUA BARAT,3,0,7,-4,212,94,2,116
17/06/2020,PAPUA BARAT,2,0,2,0,214,96,2,116
18/06/2020,PAPUA BARAT,5,0,22,-17,219,118,2,99
19/06/2020,PAPUA BARAT,3,0,8,-5,222,126,2,94
20/06/2020,PAPUA BARAT,0,0,2,-2,222,128,2,92
21/06/2020,PAPUA BARAT,2,0,0,2,224,128,2,94
22/06/2020,PAPUA BARAT,0,0,0,0,224,128,2,94
23/06/2020,PAPUA BARAT,0,0,1,-1,224,129,2,93
24/06/2020,PAPUA BARAT,1,0,16,-15,225,145,2,78
25/06/2020,PAPUA BARAT,8,0,4,4,233,149,2,82
26/06/2020,PAPUA BARAT,0,0,1,-1,233,150,2,81
27/06/2020,PAPUA BARAT,1,0,2,-1,234,152,2,80
28/06/2020,PAPUA BARAT,2,0,0,2,236,152,2,82
29/06/2020,PAPUA BARAT,1,1,1,-1,237,153,3,81
30/06/2020,PAPUA BARAT,2,0,0,2,239,153,3,83
01/07/2020,PAPUA BARAT,3,0,12,-9,242,165,3,74
02/07/2020,PAPUA BARAT,2,0,5,-3,244,170,3,71
03/07/2020,PAPUA BARAT,5,0,0,5,249,170,3,76
04/07/2020,PAPUA BARAT,4,0,1,3,253,171,3,79
05/07/2020,PAPUA BARAT,2,0,6,-4,255,177,3,75
06/07/2020,PAPUA BARAT,10,0,7,3,265,184,3,78
07/07/2020,PAPUA BARAT,1,0,1,0,266,185,3,78
08/07/2020,PAPUA BARAT,0,0,1,-1,266,186,3,77
09/07/2020,PAPUA BARAT,6,0,0,6,272,186,3,83
10/07/2020,PAPUA BARAT,4,0,1,3,276,187,3,86
11/07/2020,PAPUA BARAT,6,0,1,5,282,188,3,91
12/07/2020,PAPUA BARAT,4,0,5,-1,286,193,3,90
13/07/2020,PAPUA BARAT,0,0,3,-3,286,196,3,87
14/07/2020,PAPUA BARAT,6,0,2,4,292,198,3,91
15/07/2020,PAPUA BARAT,0,0,4,-4,292,202,3,87
16/07/2020,PAPUA BARAT,4,0,0,4,296,202,3,91
17/07/2020,PAPUA BARAT,5,0,1,4,301,203,3,95
18/07/2020,PAPUA BARAT,38,1,2,35,339,205,4,130
19/07/2020,PAPUA BARAT,2,0,4,-2,341,209,4,128
20/07/2020,PAPUA BARAT,27,0,3,24,368,212,4,152
21/07/2020,PAPUA BARAT,3,0,1,2,371,213,4,154
22/07/2020,PAPUA BARAT,5,0,3,2,376,216,4,156
23/07/2020,PAPUA BARAT,10,0,14,-4,386,230,4,152
24/07/2020,PAPUA BARAT,1,0,2,-1,387,232,4,151
25/07/2020,PAPUA BARAT,1,0,0,1,388,232,4,152
26/07/2020,PAPUA BARAT,4,0,0,4,392,232,4,156
27/07/2020,PAPUA BARAT,4,0,2,2,396,234,4,158
28/07/2020,PAPUA BARAT,1,0,29,-28,397,263,4,130
29/07/2020,PAPUA BARAT,16,0,2,14,413,265,4,144
30/07/2020,PAPUA BARAT,17,1,27,-11,430,292,5,133
31/07/2020,PAPUA BARAT,3,0,0,3,433,292,5,136
01/08/2020,PAPUA BARAT,18,0,0,18,451,292,5,154
02/08/2020,PAPUA BARAT,9,0,3,6,460,295,5,160
03/08/2020,PAPUA BARAT,0,0,0,0,460,295,5,160
04/08/2020,PAPUA BARAT,11,0,9,2,471,304,5,162
05/08/2020,PAPUA BARAT,10,0,2,8,481,306,5,170
06/08/2020,PAPUA BARAT,11,0,39,-28,492,345,5,142
07/08/2020,PAPUA BARAT,44,0,5,39,536,350,5,181
08/08/2020,PAPUA BARAT,15,0,12,3,551,362,5,184
09/08/2020,PAPUA BARAT,1,0,0,1,552,362,5,185
10/08/2020,PAPUA BARAT,5,0,23,-18,557,385,5,167
11/08/2020,PAPUA BARAT,1,0,6,-5,558,391,5,162
12/08/2020,PAPUA BARAT,13,1,8,4,571,399,6,166
13/08/2020,PAPUA BARAT,24,0,19,5,595,418,6,171
14/08/2020,PAPUA BARAT,0,0,19,-19,595,437,6,152
15/08/2020,PAPUA BARAT,6,0,2,4,601,439,6,156
16/08/2020,PAPUA BARAT,4,0,11,-7,605,450,6,149
17/08/2020,PAPUA BARAT,2,0,1,1,607,451,6,150
18/08/2020,PAPUA BARAT,13,0,34,-21,620,485,6,129
19/08/2020,PAPUA BARAT,14,0,25,-11,634,510,6,118
20/08/2020,PAPUA BARAT,6,0,1,5,640,511,6,123
21/08/2020,PAPUA BARAT,3,0,1,2,643,512,6,125
22/08/2020,PAPUA BARAT,4,0,6,-2,647,518,6,123
23/08/2020,PAPUA BARAT,2,1,0,1,649,518,7,124
24/08/2020,PAPUA BARAT,10,1,6,3,659,524,8,127
25/08/2020,PAPUA BARAT,0,0,0,0,659,524,8,127
26/08/2020,PAPUA BARAT,52,2,22,28,711,546,10,155
27/08/2020,PAPUA BARAT,9,1,9,-1,720,555,11,154
28/08/2020,PAPUA BARAT,6,0,7,-1,726,562,11,153
29/08/2020,PAPUA BARAT,20,1,0,19,746,562,12,172
30/08/2020,PAPUA BARAT,6,0,1,5,752,563,12,177
31/08/2020,PAPUA BARAT,55,0,6,49,807,569,12,226
01/09/2020,PAPUA BARAT,24,2,23,-1,831,592,14,225
02/09/2020,PAPUA BARAT,5,0,6,-1,836,598,14,224
03/09/2020,PAPUA BARAT,25,0,1,24,861,599,14,248
04/09/2020,PAPUA BARAT,27,0,5,22,888,604,14,270
05/09/2020,PAPUA BARAT,7,0,16,-9,895,620,14,261
06/09/2020,PAPUA BARAT,13,2,2,9,908,622,16,270
07/09/2020,PAPUA BARAT,32,0,8,24,940,630,16,294
08/09/2020,PAPUA BARAT,1,0,3,-2,941,633,16,292
09/09/2020,PAPUA BARAT,18,0,12,6,959,645,16,298
10/09/2020,PAPUA BARAT,11,0,4,7,970,649,16,305
11/09/2020,PAPUA BARAT,49,2,17,30,1019,666,18,335
12/09/2020,PAPUA BARAT,67,1,5,61,1086,671,19,396
13/09/2020,PAPUA BARAT,0,0,0,0,1086,671,19,396
14/09/2020,PAPUA BARAT,99,4,19,76,1185,690,23,472
15/09/2020,PAPUA BARAT,51,0,12,39,1236,702,23,511
16/09/2020,PAPUA BARAT,42,0,22,20,1278,724,23,531
17/09/2020,PAPUA BARAT,55,1,7,47,1333,731,24,578
18/09/2020,PAPUA BARAT,54,1,122,-69,1387,853,25,509
19/09/2020,PAPUA BARAT,48,0,0,48,1435,853,25,557
20/09/2020,PAPUA BARAT,60,0,50,10,1495,903,25,567
21/09/2020,PAPUA BARAT,21,0,13,8,1516,916,25,575
22/09/2020,PAPUA BARAT,70,0,3,67,1586,919,25,642
23/09/2020,PAPUA BARAT,87,0,19,68,1673,938,25,710
24/09/2020,PAPUA BARAT,0,0,0,0,1673,938,25,710
25/09/2020,PAPUA BARAT,146,3,101,42,1819,1039,28,752
26/09/2020,PAPUA BARAT,131,0,17,114,1950,1056,28,866
27/09/2020,PAPUA BARAT,39,0,17,22,1989,1073,28,888
28/09/2020,PAPUA BARAT,64,2,39,23,2053,1112,30,911
29/09/2020,PAPUA BARAT,34,3,15,16,2087,1127,33,927
30/09/2020,PAPUA BARAT,47,1,27,19,2134,1154,34,946
01/10/2020,PAPUA BARAT,31,0,11,20,2165,1165,34,966
02/10/2020,PAPUA BARAT,47,0,0,47,2212,1165,34,1013
03/10/2020,PAPUA BARAT,46,1,3,42,2258,1168,35,1055
04/10/2020,PAPUA BARAT,87,0,91,-4,2345,1259,35,1051
05/10/2020,PAPUA BARAT,16,0,20,-4,2361,1279,35,1047
06/10/2020,PAPUA BARAT,114,0,67,47,2475,1346,35,1094
07/10/2020,PAPUA BARAT,68,3,41,24,2543,1387,38,1118
08/10/2020,PAPUA BARAT,210,0,7,203,2753,1394,38,1321
09/10/2020,PAPUA BARAT,101,0,87,14,2854,1481,38,1335
10/10/2020,PAPUA BARAT,38,1,19,18,2892,1500,39,1353
11/10/2020,PAPUA BARAT,125,0,61,64,3017,1561,39,1417
12/10/2020,PAPUA BARAT,21,1,35,-15,3038,1596,40,1402
13/10/2020,PAPUA BARAT,43,1,733,-691,3081,2329,41,711
14/10/2020,PAPUA BARAT,0,0,0,0,3081,2329,41,711
15/10/2020,PAPUA BARAT,154,3,64,87,3235,2393,44,798
16/10/2020,PAPUA BARAT,118,0,51,67,3353,2444,44,865
17/10/2020,PAPUA BARAT,112,1,59,52,3465,2503,45,917
18/10/2020,PAPUA BARAT,161,1,32,128,3626,2535,46,1045
19/10/2020,PAPUA BARAT,10,2,7,1,3636,2542,48,1046
20/10/2020,PAPUA BARAT,17,2,103,-88,3653,2645,50,958
21/10/2020,PAPUA BARAT,35,6,46,-17,3688,2691,56,941
22/10/2020,PAPUA BARAT,73,0,16,57,3761,2707,56,998
23/10/2020,PAPUA BARAT,97,2,38,57,3858,2745,58,1055
24/10/2020,PAPUA BARAT,21,2,90,-71,3879,2835,60,984
25/10/2020,PAPUA BARAT,6,0,240,-234,3885,3075,60,750
26/10/2020,PAPUA BARAT,6,2,18,-14,3891,3093,62,736
27/10/2020,PAPUA BARAT,83,0,268,-185,3974,3361,62,551
28/10/2020,PAPUA BARAT,106,2,118,-14,4080,3479,64,537
29/10/2020,PAPUA BARAT,8,0,16,-8,4088,3495,64,529
30/10/2020,PAPUA BARAT,48,0,0,48,4136,3495,64,577
31/10/2020,PAPUA BARAT,13,0,108,-95,4149,3603,64,482
01/11/2020,PAPUA BARAT,40,1,55,-16,4189,3658,65,466
02/11/2020,PAPUA BARAT,0,0,0,0,4189,3658,65,466
03/11/2020,PAPUA BARAT,91,0,26,65,4280,3684,65,531
04/11/2020,PAPUA BARAT,18,2,11,5,4298,3695,67,536
05/11/2020,PAPUA BARAT,31,1,9,21,4329,3704,68,557
06/11/2020,PAPUA BARAT,66,0,9,57,4395,3713,68,614
07/11/2020,PAPUA BARAT,54,0,12,42,4449,3725,68,656
08/11/2020,PAPUA BARAT,52,0,150,-98,4501,3875,68,558
09/11/2020,PAPUA BARAT,8,2,7,-1,4509,3882,70,557
10/11/2020,PAPUA BARAT,23,0,2,21,4532,3884,70,578
11/11/2020,PAPUA BARAT,72,0,36,36,4604,3920,70,614
12/11/2020,PAPUA BARAT,11,0,19,-8,4615,3939,70,606
13/11/2020,PAPUA BARAT,25,0,13,12,4640,3952,70,618
14/11/2020,PAPUA BARAT,31,0,20,11,4671,3972,70,629
15/11/2020,PAPUA BARAT,0,0,114,-114,4671,4086,70,515
16/11/2020,PAPUA BARAT,0,1,15,-16,4671,4101,71,499
17/11/2020,PAPUA BARAT,1,0,15,-14,4672,4116,71,485
18/11/2020,PAPUA BARAT,75,0,91,-16,4747,4207,71,469
19/11/2020,PAPUA BARAT,36,4,53,-21,4783,4260,75,448
20/11/2020,PAPUA BARAT,69,0,3,66,4852,4263,75,514
21/11/2020,PAPUA BARAT,71,3,36,32,4923,4299,78,546
22/11/2020,PAPUA BARAT,46,1,53,-8,4969,4352,79,538
23/11/2020,PAPUA BARAT,31,1,59,-29,5000,4411,80,509
24/11/2020,PAPUA BARAT,76,1,27,48,5076,4438,81,557
25/11/2020,PAPUA BARAT,79,0,24,55,5155,4462,81,612
26/11/2020,PAPUA BARAT,49,0,38,11,5204,4500,81,623
27/11/2020,PAPUA BARAT,14,0,16,-2,5218,4516,81,621
28/11/2020,PAPUA BARAT,35,2,14,19,5253,4530,83,640
29/11/2020,PAPUA BARAT,4,2,1,1,5257,4531,85,641
30/11/2020,PAPUA BARAT,19,1,14,4,5276,4545,86,645
01/12/2020,PAPUA BARAT,76,1,41,34,5352,4586,87,679
02/12/2020,PAPUA BARAT,19,0,39,-20,5371,4625,87,659
03/12/2020,PAPUA BARAT,6,0,42,-36,5377,4667,87,623
04/12/2020,PAPUA BARAT,20,0,28,-8,5397,4695,87,615
05/12/2020,PAPUA BARAT,19,0,30,-11,5416,4725,87,604
06/12/2020,PAPUA BARAT,2,0,45,-43,5418,4770,87,561
07/12/2020,PAPUA BARAT,7,1,3,3,5425,4773,88,564
08/12/2020,PAPUA BARAT,9,3,38,-32,5434,4811,91,532
09/12/2020,PAPUA BARAT,56,1,50,5,5490,4861,92,537
10/12/2020,PAPUA BARAT,31,1,66,-36,5521,4927,93,501
11/12/2020,PAPUA BARAT,11,0,45,-34,5532,4972,93,467
12/12/2020,PAPUA BARAT,37,0,50,-13,5569,5022,93,454
13/12/2020,PAPUA BARAT,41,0,20,21,5610,5042,93,475
14/12/2020,PAPUA BARAT,6,1,35,-30,5616,5077,94,445
15/12/2020,PAPUA BARAT,11,3,10,-2,5627,5087,97,443
16/12/2020,PAPUA BARAT,14,0,29,-15,5641,5116,97,428
17/12/2020,PAPUA BARAT,15,0,14,1,5656,5130,97,429
18/12/2020,PAPUA BARAT,43,0,16,27,5699,5146,97,456
19/12/2020,PAPUA BARAT,38,0,40,-2,5737,5186,97,454
20/12/2020,PAPUA BARAT,11,0,28,-17,5748,5214,97,437
21/12/2020,PAPUA BARAT,43,0,22,21,5791,5236,97,458
22/12/2020,PAPUA BARAT,8,0,10,-2,5799,5246,97,456
23/12/2020,PAPUA BARAT,31,1,12,18,5830,5258,98,474
24/12/2020,PAPUA BARAT,32,0,15,17,5862,5273,98,491
25/12/2020,PAPUA BARAT,42,0,7,35,5904,5280,98,526
26/12/2020,PAPUA BARAT,15,0,62,-47,5919,5342,98,479
27/12/2020,PAPUA BARAT,14,0,10,4,5933,5352,98,483
28/12/2020,PAPUA BARAT,3,0,17,-14,5936,5369,98,469
29/12/2020,PAPUA BARAT,5,0,19,-14,5941,5388,98,455
30/12/2020,PAPUA BARAT,5,0,29,-24,5946,5417,98,431
31/12/2020,PAPUA BARAT,33,0,32,1,5979,5449,98,432
01/01/2021,PAPUA BARAT,16,1,4,11,5995,5453,99,443
02/01/2021,PAPUA BARAT,17,1,33,-17,6012,5486,100,426
03/01/2021,PAPUA BARAT,15,0,52,-37,6027,5538,100,389
04/01/2021,PAPUA BARAT,11,0,37,-26,6038,5575,100,363
05/01/2021,PAPUA BARAT,31,0,22,9,6069,5597,100,372
06/01/2021,PAPUA BARAT,12,0,17,-5,6081,5614,100,367
07/01/2021,PAPUA BARAT,32,0,6,26,6113,5620,100,393
08/01/2021,PAPUA BARAT,25,1,37,-13,6138,5657,101,380
09/01/2021,PAPUA BARAT,23,1,4,18,6161,5661,102,398
10/01/2021,PAPUA BARAT,27,0,0,27,6188,5661,102,425
11/01/2021,PAPUA BARAT,26,0,20,6,6214,5681,102,431
12/01/2021,PAPUA BARAT,32,1,13,18,6246,5694,103,449
13/01/2021,PAPUA BARAT,24,1,14,9,6270,5708,104,458
14/01/2021,PAPUA BARAT,14,0,5,9,6284,5713,104,467
15/01/2021,PAPUA BARAT,20,0,12,8,6304,5725,104,475
16/01/2021,PAPUA BARAT,57,0,7,50,6361,5732,104,525
17/01/2021,PAPUA BARAT,12,0,23,-11,6373,5755,104,514
18/01/2021,PAPUA BARAT,21,1,11,9,6394,5766,105,523
19/01/2021,PAPUA BARAT,12,0,10,2,6406,5776,105,525
20/01/2021,PAPUA BARAT,8,0,6,2,6414,5782,105,527
21/01/2021,PAPUA BARAT,48,1,32,15,6462,5814,106,542
22/01/2021,PAPUA BARAT,24,0,13,11,6486,5827,106,553
23/01/2021,PAPUA BARAT,22,0,26,-4,6508,5853,106,549
24/01/2021,PAPUA BARAT,25,0,10,15,6533,5863,106,564
25/01/2021,PAPUA BARAT,31,0,22,9,6564,5885,106,573
26/01/2021,PAPUA BARAT,20,0,29,-9,6584,5914,106,564
27/01/2021,PAPUA BARAT,32,1,19,12,6616,5933,107,576
28/01/2021,PAPUA BARAT,22,0,14,8,6638,5947,107,584
29/01/2021,PAPUA BARAT,32,1,26,5,6670,5973,108,589
30/01/2021,PAPUA BARAT,36,0,19,17,6706,5992,108,606
31/01/2021,PAPUA BARAT,21,2,31,-12,6727,6023,110,594
01/02/2021,PAPUA BARAT,4,0,32,-28,6731,6055,110,566
02/02/2021,PAPUA BARAT,25,0,29,-4,6756,6084,110,562
03/02/2021,PAPUA BARAT,36,0,37,-1,6792,6121,110,561
04/02/2021,PAPUA BARAT,5,0,39,-34,6797,6160,110,527
05/02/2021,PAPUA BARAT,13,0,22,-9,6810,6182,110,518
06/02/2021,PAPUA BARAT,14,0,20,-6,6824,6202,110,512
07/02/2021,PAPUA BARAT,13,0,11,2,6837,6213,110,514
08/02/2021,PAPUA BARAT,30,0,33,-3,6867,6246,110,511
09/02/2021,PAPUA BARAT,28,0,32,-4,6895,6278,110,507
10/02/2021,PAPUA BARAT,23,0,25,-2,6918,6303,110,505
11/02/2021,PAPUA BARAT,16,1,16,-1,6934,6319,111,504
12/02/2021,PAPUA BARAT,35,0,23,12,6969,6342,111,516
13/02/2021,PAPUA BARAT,8,0,36,-28,6977,6378,111,488
14/02/2021,PAPUA BARAT,24,7,15,2,7001,6393,118,490
15/02/2021,PAPUA BARAT,27,0,7,20,7028,6400,118,510
16/02/2021,PAPUA BARAT,8,0,0,8,7036,6400,118,518
17/02/2021,PAPUA BARAT,48,0,7,41,7084,6407,118,559
18/02/2021,PAPUA BARAT,25,1,29,-5,7109,6436,119,554
19/02/2021,PAPUA BARAT,14,0,8,6,7123,6444,119,560
20/02/2021,PAPUA BARAT,28,2,130,-104,7151,6574,121,456
21/02/2021,PAPUA BARAT,21,0,20,1,7172,6594,121,457
22/02/2021,PAPUA BARAT,31,0,25,6,7203,6619,121,463
23/02/2021,PAPUA BARAT,32,2,19,11,7235,6638,123,474
24/02/2021,PAPUA BARAT,52,0,34,18,7287,6672,123,492
25/02/2021,PAPUA BARAT,33,1,32,0,7320,6704,124,492
26/02/2021,PAPUA BARAT,37,0,43,-6,7357,6747,124,486
27/02/2021,PAPUA BARAT,33,0,29,4,7390,6776,124,490
28/02/2021,PAPUA BARAT,33,1,28,4,7423,6804,125,494
01/03/2021,PAPUA BARAT,18,0,11,7,7441,6815,125,501
02/03/2021,PAPUA BARAT,29,0,28,1,7470,6843,125,502
03/03/2021,PAPUA BARAT,47,0,29,18,7517,6872,125,520
04/03/2021,PAPUA BARAT,27,0,37,-10,7544,6909,125,510
05/03/2021,PAPUA BARAT,27,0,14,13,7571,6923,125,523
06/03/2021,PAPUA BARAT,44,0,29,15,7615,6952,125,538
07/03/2021,PAPUA BARAT,15,0,43,-28,7630,6995,125,510
08/03/2021,PAPUA BARAT,12,1,14,-3,7642,7009,126,507
09/03/2021,PAPUA BARAT,57,0,43,14,7699,7052,126,521
10/03/2021,PAPUA BARAT,30,0,17,13,7729,7069,126,534
11/03/2021,PAPUA BARAT,37,0,18,19,7766,7087,126,553
12/03/2021,PAPUA BARAT,28,0,41,-13,7794,7128,126,540
13/03/2021,PAPUA BARAT,45,0,20,25,7839,7148,126,565
14/03/2021,PAPUA BARAT,37,0,27,10,7876,7175,126,575
15/03/2021,PAPUA BARAT,8,0,29,-21,7884,7204,126,554
16/03/2021,PAPUA BARAT,27,1,23,3,7911,7227,127,557
17/03/2021,PAPUA BARAT,43,1,22,20,7954,7249,128,577
18/03/2021,PAPUA BARAT,37,1,40,-4,7991,7289,129,573
19/03/2021,PAPUA BARAT,25,0,29,-4,8016,7318,129,569
20/03/2021,PAPUA BARAT,42,1,41,0,8058,7359,130,569
21/03/2021,PAPUA BARAT,37,0,38,-1,8095,7397,130,568
22/03/2021,PAPUA BARAT,15,0,41,-26,8110,7438,130,542
23/03/2021,PAPUA BARAT,24,0,24,0,8134,7462,130,542
24/03/2021,PAPUA BARAT,15,1,30,-16,8149,7492,131,526
25/03/2021,PAPUA BARAT,22,0,49,-27,8171,7541,131,499
26/03/2021,PAPUA BARAT,18,0,55,-37,8189,7596,131,462
27/03/2021,PAPUA BARAT,44,0,36,8,8233,7632,131,470
28/03/2021,PAPUA BARAT,31,0,40,-9,8264,7672,131,461
29/03/2021,PAPUA BARAT,11,0,7,4,8275,7679,131,465
30/03/2021,PAPUA BARAT,15,0,19,-4,8290,7698,131,461
31/03/2021,PAPUA BARAT,19,1,24,-6,8309,7722,132,455
01/04/2021,PAPUA BARAT,23,0,28,-5,8332,7750,132,450
02/04/2021,PAPUA BARAT,30,0,26,4,8362,7776,132,454
03/04/2021,PAPUA BARAT,15,0,39,-24,8377,7815,132,430
04/04/2021,PAPUA BARAT,18,1,13,4,8395,7828,133,434
05/04/2021,PAPUA BARAT,11,0,33,-22,8406,7861,133,412
06/04/2021,PAPUA BARAT,20,2,15,3,8426,7876,135,415
07/04/2021,PAPUA BARAT,26,3,26,-3,8452,7902,138,412
08/04/2021,PAPUA BARAT,31,1,40,-10,8483,7942,139,402
09/04/2021,PAPUA BARAT,27,0,28,-1,8510,7970,139,401
10/04/2021,PAPUA BARAT,15,0,24,-9,8525,7994,139,392
11/04/2021,PAPUA BARAT,10,0,9,1,8535,8003,139,393
12/04/2021,PAPUA BARAT,8,0,10,-2,8543,8013,139,391
13/04/2021,PAPUA BARAT,61,1,22,38,8604,8035,140,429
14/04/2021,PAPUA BARAT,30,0,24,6,8634,8059,140,435
15/04/2021,PAPUA BARAT,14,0,11,3,8648,8070,140,438
16/04/2021,PAPUA BARAT,28,0,31,-3,8676,8101,140,435
17/04/2021,PAPUA BARAT,27,0,50,-23,8703,8151,140,412
18/04/2021,PAPUA BARAT,17,1,34,-18,8720,8185,141,394
19/04/2021,PAPUA BARAT,8,1,19,-12,8728,8204,142,382
20/04/2021,PAPUA BARAT,13,0,26,-13,8741,8230,142,369
21/04/2021,PAPUA BARAT,12,0,10,2,8753,8240,142,371
22/04/2021,PAPUA BARAT,30,0,36,-6,8783,8276,142,365
23/04/2021,PAPUA BARAT,24,0,18,6,8807,8294,142,371
24/04/2021,PAPUA BARAT,20,0,24,-4,8827,8318,142,367
25/04/2021,PAPUA BARAT,3,2,18,-17,8830,8336,144,350
26/04/2021,PAPUA BARAT,11,0,15,-4,8841,8351,144,346
27/04/2021,PAPUA BARAT,38,1,22,15,8879,8373,145,361
28/04/2021,PAPUA BARAT,33,3,21,9,8912,8394,148,370
29/04/2021,PAPUA BARAT,21,0,73,-52,8933,8467,148,318
30/04/2021,PAPUA BARAT,9,2,37,-30,8942,8504,150,288
01/05/2021,PAPUA BARAT,32,0,32,0,8974,8536,150,288
02/05/2021,PAPUA BARAT,12,0,9,3,8986,8545,150,291
03/05/2021,PAPUA BARAT,1,2,27,-28,8987,8572,152,263
04/05/2021,PAPUA BARAT,21,0,6,15,9008,8578,152,278
05/05/2021,PAPUA BARAT,23,0,38,-15,9031,8616,152,263
06/05/2021,PAPUA BARAT,10,0,13,-3,9041,8629,152,260
07/05/2021,PAPUA BARAT,30,0,34,-4,9071,8663,152,256
08/05/2021,PAPUA BARAT,10,0,18,-8,9081,8681,152,248
09/05/2021,PAPUA BARAT,8,0,21,-13,9089,8702,152,235
10/05/2021,PAPUA BARAT,6,0,14,-8,9095,8716,152,227
11/05/2021,PAPUA BARAT,21,0,21,0,9116,8737,152,227
12/05/2021,PAPUA BARAT,23,0,6,17,9139,8743,152,244
13/05/2021,PAPUA BARAT,2,0,28,-26,9141,8771,152,218
14/05/2021,PAPUA BARAT,3,0,12,-9,9144,8783,152,209
15/05/2021,PAPUA BARAT,5,0,14,-9,9149,8797,152,200
16/05/2021,PAPUA BARAT,6,1,14,-9,9155,8811,153,191
17/05/2021,PAPUA BARAT,1,1,18,-18,9156,8829,154,173
18/05/2021,PAPUA BARAT,20,3,44,-27,9176,8873,157,146
19/05/2021,PAPUA BARAT,6,1,13,-8,9182,8886,158,138
20/05/2021,PAPUA BARAT,6,0,0,6,9188,8886,158,144
21/05/2021,PAPUA BARAT,30,2,43,-15,9218,8929,160,129
22/05/2021,PAPUA BARAT,5,1,12,-8,9223,8941,161,121
23/05/2021,PAPUA BARAT,24,1,10,13,9247,8951,162,134
24/05/2021,PAPUA BARAT,2,2,17,-17,9249,8968,164,117
25/05/2021,PAPUA BARAT,2,0,12,-10,9251,8980,164,107
26/05/2021,PAPUA BARAT,14,2,4,8,9265,8984,166,115
27/05/2021,PAPUA BARAT,2,1,0,1,9267,8984,167,116
28/05/2021,PAPUA BARAT,19,2,5,12,9286,8989,169,128
29/05/2021,PAPUA BARAT,8,1,5,2,9294,8994,170,130
30/05/2021,PAPUA BARAT,2,0,9,-7,9296,9003,170,123
31/05/2021,PAPUA BARAT,20,0,3,17,9316,9006,170,140
01/06/2021,PAPUA BARAT,9,0,1,8,9325,9007,170,148
02/06/2021,PAPUA BARAT,5,2,16,-13,9330,9023,172,135
03/06/2021,PAPUA BARAT,16,0,21,-5,9346,9044,172,130
04/06/2021,PAPUA BARAT,11,0,13,-2,9357,9057,172,128
05/06/2021,PAPUA BARAT,7,0,9,-2,9364,9066,172,126
06/06/2021,PAPUA BARAT,33,0,22,11,9397,9088,172,137
07/06/2021,PAPUA BARAT,1,0,11,-10,9398,9099,172,127
08/06/2021,PAPUA BARAT,16,0,45,-29,9414,9144,172,98
09/06/2021,PAPUA BARAT,6,0,4,2,9420,9148,172,100
10/06/2021,PAPUA BARAT,2,1,20,-19,9422,9168,173,81
11/06/2021,PAPUA BARAT,15,1,12,2,9437,9180,174,83
12/06/2021,PAPUA BARAT,13,0,7,6,9450,9187,174,89
13/06/2021,PAPUA BARAT,14,0,7,7,9464,9194,174,96
28/03/2020,SULAWESI BARAT,1,0,0,1,1,0,0,1
29/03/2020,SULAWESI BARAT,0,0,0,0,1,0,0,1
30/03/2020,SULAWESI BARAT,0,0,0,0,1,0,0,1
31/03/2020,SULAWESI BARAT,0,0,0,0,1,0,0,1
01/04/2020,SULAWESI BARAT,0,0,0,0,1,0,0,1
02/04/2020,SULAWESI BARAT,0,0,0,0,1,0,0,1
03/04/2020,SULAWESI BARAT,1,0,0,1,2,0,0,2
04/04/2020,SULAWESI BARAT,0,0,0,0,2,0,0,2
05/04/2020,SULAWESI BARAT,0,0,0,0,2,0,0,2
06/04/2020,SULAWESI BARAT,0,0,0,0,2,0,0,2
07/04/2020,SULAWESI BARAT,0,0,0,0,2,0,0,2
08/04/2020,SULAWESI BARAT,0,0,0,0,2,0,0,2
09/04/2020,SULAWESI BARAT,0,0,0,0,2,0,0,2
10/04/2020,SULAWESI BARAT,1,0,0,1,3,0,0,3
11/04/2020,SULAWESI BARAT,2,1,1,0,5,1,1,3
12/04/2020,SULAWESI BARAT,0,0,0,0,5,1,1,3
13/04/2020,SULAWESI BARAT,0,0,0,0,5,1,1,3
14/04/2020,SULAWESI BARAT,0,0,0,0,5,1,1,3
15/04/2020,SULAWESI BARAT,2,0,0,2,7,1,1,5
16/04/2020,SULAWESI BARAT,0,0,0,0,7,1,1,5
17/04/2020,SULAWESI BARAT,0,0,0,0,7,1,1,5
18/04/2020,SULAWESI BARAT,0,0,0,0,7,1,1,5
19/04/2020,SULAWESI BARAT,0,0,0,0,7,1,1,5
20/04/2020,SULAWESI BARAT,0,0,0,0,7,1,1,5
21/04/2020,SULAWESI BARAT,0,0,0,0,7,1,1,5
22/04/2020,SULAWESI BARAT,1,0,0,1,8,1,1,6
23/04/2020,SULAWESI BARAT,0,0,0,0,8,1,1,6
24/04/2020,SULAWESI BARAT,25,0,0,25,33,1,1,31
25/04/2020,SULAWESI BARAT,2,0,0,2,35,1,1,33
26/04/2020,SULAWESI BARAT,0,0,0,0,35,1,1,33
27/04/2020,SULAWESI BARAT,0,0,0,0,35,1,1,33
28/04/2020,SULAWESI BARAT,2,0,2,0,37,3,1,33
29/04/2020,SULAWESI BARAT,1,0,1,0,38,4,1,33
30/04/2020,SULAWESI BARAT,4,0,0,4,42,4,1,37
01/05/2020,SULAWESI BARAT,1,0,1,0,43,5,1,37
02/05/2020,SULAWESI BARAT,1,0,0,1,44,5,1,38
03/05/2020,SULAWESI BARAT,0,0,0,0,44,5,1,38
04/05/2020,SULAWESI BARAT,0,0,0,0,44,5,1,38
05/05/2020,SULAWESI BARAT,14,1,0,13,58,5,2,51
06/05/2020,SULAWESI BARAT,0,0,0,0,58,5,2,51
07/05/2020,SULAWESI BARAT,0,0,0,0,58,5,2,51
08/05/2020,SULAWESI BARAT,2,0,0,2,60,5,2,53
09/05/2020,SULAWESI BARAT,2,0,0,2,62,5,2,55
10/05/2020,SULAWESI BARAT,0,0,0,0,62,5,2,55
11/05/2020,SULAWESI BARAT,0,0,0,0,62,5,2,55
12/05/2020,SULAWESI BARAT,5,0,2,3,67,7,2,58
13/05/2020,SULAWESI BARAT,6,0,0,6,73,7,2,64
14/05/2020,SULAWESI BARAT,1,0,13,-12,74,20,2,52
15/05/2020,SULAWESI BARAT,0,0,2,-2,74,22,2,50
16/05/2020,SULAWESI BARAT,1,0,1,0,75,23,2,50
17/05/2020,SULAWESI BARAT,0,0,0,0,75,23,2,50
18/05/2020,SULAWESI BARAT,0,0,0,0,75,23,2,50
19/05/2020,SULAWESI BARAT,2,0,2,0,77,25,2,50
20/05/2020,SULAWESI BARAT,1,0,0,1,78,25,2,51
21/05/2020,SULAWESI BARAT,8,0,0,8,86,25,2,59
22/05/2020,SULAWESI BARAT,0,0,1,-1,86,26,2,58
23/05/2020,SULAWESI BARAT,0,0,1,-1,86,27,2,57
24/05/2020,SULAWESI BARAT,0,0,0,0,86,27,2,57
25/05/2020,SULAWESI BARAT,0,0,0,0,86,27,2,57
26/05/2020,SULAWESI BARAT,1,0,2,-1,87,29,2,56
27/05/2020,SULAWESI BARAT,1,0,3,-2,88,32,2,54
28/05/2020,SULAWESI BARAT,0,0,2,-2,88,34,2,52
29/05/2020,SULAWESI BARAT,0,0,0,0,88,34,2,52
30/05/2020,SULAWESI BARAT,0,0,0,0,88,34,2,52
31/05/2020,SULAWESI BARAT,4,0,7,-3,92,41,2,49
01/06/2020,SULAWESI BARAT,0,0,0,0,92,41,2,49
02/06/2020,SULAWESI BARAT,0,0,8,-8,92,49,2,41
03/06/2020,SULAWESI BARAT,0,0,0,0,92,49,2,41
04/06/2020,SULAWESI BARAT,0,0,0,0,92,49,2,41
05/06/2020,SULAWESI BARAT,0,0,1,-1,92,50,2,40
06/06/2020,SULAWESI BARAT,0,0,8,-8,92,58,2,32
07/06/2020,SULAWESI BARAT,2,0,3,-1,94,61,2,31
08/06/2020,SULAWESI BARAT,0,0,1,-1,94,62,2,30
09/06/2020,SULAWESI BARAT,0,0,1,-1,94,63,2,29
10/06/2020,SULAWESI BARAT,1,0,0,1,95,63,2,30
11/06/2020,SULAWESI BARAT,1,0,3,-2,96,66,2,28
12/06/2020,SULAWESI BARAT,1,0,0,1,97,66,2,29
13/06/2020,SULAWESI BARAT,0,0,4,-4,97,70,2,25
14/06/2020,SULAWESI BARAT,1,0,1,0,98,71,2,25
15/06/2020,SULAWESI BARAT,0,0,0,0,98,71,2,25
16/06/2020,SULAWESI BARAT,0,0,0,0,98,71,2,25
17/06/2020,SULAWESI BARAT,1,0,5,-4,99,76,2,21
18/06/2020,SULAWESI BARAT,5,0,0,5,104,76,2,26
19/06/2020,SULAWESI BARAT,0,0,1,-1,104,77,2,25
20/06/2020,SULAWESI BARAT,0,0,0,0,104,77,2,25
21/06/2020,SULAWESI BARAT,0,0,0,0,104,77,2,25
22/06/2020,SULAWESI BARAT,0,0,0,0,104,77,2,25
23/06/2020,SULAWESI BARAT,0,0,1,-1,104,78,2,24
24/06/2020,SULAWESI BARAT,1,0,0,1,105,78,2,25
25/06/2020,SULAWESI BARAT,1,0,1,0,106,79,2,25
26/06/2020,SULAWESI BARAT,3,0,0,3,109,79,2,28
27/06/2020,SULAWESI BARAT,4,0,4,0,113,83,2,28
28/06/2020,SULAWESI BARAT,1,0,0,1,114,83,2,29
29/06/2020,SULAWESI BARAT,0,0,0,0,114,83,2,29
30/06/2020,SULAWESI BARAT,1,0,1,0,115,84,2,29
01/07/2020,SULAWESI BARAT,2,0,0,2,117,84,2,31
02/07/2020,SULAWESI BARAT,2,0,1,1,119,85,2,32
03/07/2020,SULAWESI BARAT,1,0,0,1,120,85,2,33
04/07/2020,SULAWESI BARAT,4,0,0,4,124,85,2,37
05/07/2020,SULAWESI BARAT,0,0,0,0,124,85,2,37
06/07/2020,SULAWESI BARAT,0,0,4,-4,124,89,2,33
07/07/2020,SULAWESI BARAT,3,0,0,3,127,89,2,36
08/07/2020,SULAWESI BARAT,2,0,1,1,129,90,2,37
09/07/2020,SULAWESI BARAT,1,0,0,1,130,90,2,38
10/07/2020,SULAWESI BARAT,5,1,1,3,135,91,3,41
11/07/2020,SULAWESI BARAT,3,0,1,2,138,92,3,43
12/07/2020,SULAWESI BARAT,4,0,3,1,142,95,3,44
13/07/2020,SULAWESI BARAT,1,0,0,1,143,95,3,45
14/07/2020,SULAWESI BARAT,3,0,3,0,146,98,3,45
15/07/2020,SULAWESI BARAT,6,0,0,6,152,98,3,51
16/07/2020,SULAWESI BARAT,2,0,4,-2,154,102,3,49
17/07/2020,SULAWESI BARAT,0,0,1,-1,154,103,3,48
18/07/2020,SULAWESI BARAT,4,0,1,3,158,104,3,51
19/07/2020,SULAWESI BARAT,1,0,1,0,159,105,3,51
20/07/2020,SULAWESI BARAT,7,0,9,-2,166,114,3,49
21/07/2020,SULAWESI BARAT,1,0,0,1,167,114,3,50
22/07/2020,SULAWESI BARAT,2,0,0,2,169,114,3,52
23/07/2020,SULAWESI BARAT,2,0,3,-1,171,117,3,51
24/07/2020,SULAWESI BARAT,4,0,0,4,175,117,3,55
25/07/2020,SULAWESI BARAT,12,0,2,10,187,119,3,65
26/07/2020,SULAWESI BARAT,5,0,0,5,192,119,3,70
27/07/2020,SULAWESI BARAT,1,0,0,1,193,119,3,71
28/07/2020,SULAWESI BARAT,2,0,0,2,195,119,3,73
29/07/2020,SULAWESI BARAT,6,0,6,0,201,125,3,73
30/07/2020,SULAWESI BARAT,22,1,7,14,223,132,4,87
31/07/2020,SULAWESI BARAT,7,0,8,-1,230,140,4,86
01/08/2020,SULAWESI BARAT,2,0,0,2,232,140,4,88
02/08/2020,SULAWESI BARAT,6,0,4,2,238,144,4,90
03/08/2020,SULAWESI BARAT,1,1,3,-3,239,147,5,87
04/08/2020,SULAWESI BARAT,3,0,3,0,242,150,5,87
05/08/2020,SULAWESI BARAT,3,0,1,2,245,151,5,89
06/08/2020,SULAWESI BARAT,20,0,0,20,265,151,5,109
07/08/2020,SULAWESI BARAT,2,0,7,-5,267,158,5,104
08/08/2020,SULAWESI BARAT,8,0,7,1,275,165,5,105
09/08/2020,SULAWESI BARAT,0,0,7,-7,275,172,5,98
10/08/2020,SULAWESI BARAT,0,0,0,0,275,172,5,98
11/08/2020,SULAWESI BARAT,7,0,6,1,282,178,5,99
12/08/2020,SULAWESI BARAT,0,1,0,-1,282,178,6,98
13/08/2020,SULAWESI BARAT,5,1,9,-5,287,187,7,93
14/08/2020,SULAWESI BARAT,12,0,4,8,299,191,7,101
15/08/2020,SULAWESI BARAT,7,0,12,-5,306,203,7,96
16/08/2020,SULAWESI BARAT,1,0,8,-7,307,211,7,89
17/08/2020,SULAWESI BARAT,12,0,0,12,319,211,7,101
18/08/2020,SULAWESI BARAT,1,0,6,-5,320,217,7,96
19/08/2020,SULAWESI BARAT,2,0,1,1,322,218,7,97
20/08/2020,SULAWESI BARAT,1,0,9,-8,323,227,7,89
21/08/2020,SULAWESI BARAT,8,0,0,8,331,227,7,97
22/08/2020,SULAWESI BARAT,16,0,3,13,347,230,7,110
23/08/2020,SULAWESI BARAT,5,0,7,-2,352,237,7,108
24/08/2020,SULAWESI BARAT,1,0,0,1,353,237,7,109
25/08/2020,SULAWESI BARAT,7,0,3,4,360,240,7,113
26/08/2020,SULAWESI BARAT,2,0,4,-2,362,244,7,111
27/08/2020,SULAWESI BARAT,6,0,4,2,368,248,7,113
28/08/2020,SULAWESI BARAT,16,0,13,3,384,261,7,116
29/08/2020,SULAWESI BARAT,4,0,2,2,388,263,7,118
30/08/2020,SULAWESI BARAT,5,0,7,-2,393,270,7,116
31/08/2020,SULAWESI BARAT,2,0,0,2,395,270,7,118
01/09/2020,SULAWESI BARAT,1,0,7,-6,396,277,7,112
02/09/2020,SULAWESI BARAT,0,0,1,-1,396,278,7,111
03/09/2020,SULAWESI BARAT,6,0,2,4,402,280,7,115
04/09/2020,SULAWESI BARAT,0,0,3,-3,402,283,7,112
05/09/2020,SULAWESI BARAT,17,0,10,7,419,293,7,119
06/09/2020,SULAWESI BARAT,0,0,6,-6,419,299,7,113
07/09/2020,SULAWESI BARAT,0,0,3,-3,419,302,7,110
08/09/2020,SULAWESI BARAT,16,0,4,12,435,306,7,122
09/09/2020,SULAWESI BARAT,15,0,12,3,450,318,7,125
10/09/2020,SULAWESI BARAT,6,0,8,-2,456,326,7,123
11/09/2020,SULAWESI BARAT,3,0,5,-2,459,331,7,121
12/09/2020,SULAWESI BARAT,3,0,7,-4,462,338,7,117
13/09/2020,SULAWESI BARAT,8,0,3,5,470,341,7,122
14/09/2020,SULAWESI BARAT,1,0,1,0,471,342,7,122
15/09/2020,SULAWESI BARAT,4,0,5,-1,475,347,7,121
16/09/2020,SULAWESI BARAT,2,0,2,0,477,349,7,121
17/09/2020,SULAWESI BARAT,5,0,11,-6,482,360,7,115
18/09/2020,SULAWESI BARAT,2,0,4,-2,484,364,7,113
19/09/2020,SULAWESI BARAT,1,0,5,-4,485,369,7,109
20/09/2020,SULAWESI BARAT,19,0,9,10,504,378,7,119
21/09/2020,SULAWESI BARAT,1,0,0,1,505,378,7,120
22/09/2020,SULAWESI BARAT,25,0,2,23,530,380,7,143
23/09/2020,SULAWESI BARAT,10,0,5,5,540,385,7,148
24/09/2020,SULAWESI BARAT,6,2,10,-6,546,395,9,142
25/09/2020,SULAWESI BARAT,21,2,12,7,567,407,11,149
26/09/2020,SULAWESI BARAT,4,0,1,3,571,408,11,152
27/09/2020,SULAWESI BARAT,46,0,8,38,617,416,11,190
28/09/2020,SULAWESI BARAT,0,0,0,0,617,416,11,190
29/09/2020,SULAWESI BARAT,156,0,1,155,773,417,11,345
30/09/2020,SULAWESI BARAT,21,0,7,14,794,424,11,359
01/10/2020,SULAWESI BARAT,10,0,0,10,804,424,11,369
02/10/2020,SULAWESI BARAT,5,0,4,1,809,428,11,370
03/10/2020,SULAWESI BARAT,11,0,22,-11,820,450,11,359
04/10/2020,SULAWESI BARAT,9,0,15,-6,829,465,11,353
05/10/2020,SULAWESI BARAT,1,0,4,-3,830,469,11,350
06/10/2020,SULAWESI BARAT,12,0,5,7,842,474,11,357
07/10/2020,SULAWESI BARAT,20,0,4,16,862,478,11,373
08/10/2020,SULAWESI BARAT,6,0,6,0,868,484,11,373
09/10/2020,SULAWESI BARAT,10,0,8,2,878,492,11,375
10/10/2020,SULAWESI BARAT,1,0,148,-147,879,640,11,228
11/10/2020,SULAWESI BARAT,15,0,13,2,894,653,11,230
12/10/2020,SULAWESI BARAT,0,0,0,0,894,653,11,230
13/10/2020,SULAWESI BARAT,23,1,7,15,917,660,12,245
14/10/2020,SULAWESI BARAT,15,0,26,-11,932,686,12,234
15/10/2020,SULAWESI BARAT,7,0,7,0,939,693,12,234
16/10/2020,SULAWESI BARAT,5,0,7,-2,944,700,12,232
17/10/2020,SULAWESI BARAT,5,0,4,1,949,704,12,233
18/10/2020,SULAWESI BARAT,3,0,13,-10,952,717,12,223
19/10/2020,SULAWESI BARAT,0,0,0,0,952,717,12,223
20/10/2020,SULAWESI BARAT,15,0,7,8,967,724,12,231
21/10/2020,SULAWESI BARAT,4,0,10,-6,971,734,12,225
22/10/2020,SULAWESI BARAT,0,0,8,-8,971,742,12,217
23/10/2020,SULAWESI BARAT,0,0,2,-2,971,744,12,215
24/10/2020,SULAWESI BARAT,7,0,19,-12,978,763,12,203
25/10/2020,SULAWESI BARAT,9,0,21,-12,987,784,12,191
26/10/2020,SULAWESI BARAT,1,0,0,1,988,784,12,192
27/10/2020,SULAWESI BARAT,9,0,32,-23,997,816,12,169
28/10/2020,SULAWESI BARAT,3,2,0,1,1000,816,14,170
29/10/2020,SULAWESI BARAT,0,0,0,0,1000,816,14,170
30/10/2020,SULAWESI BARAT,27,0,7,20,1027,823,14,190
31/10/2020,SULAWESI BARAT,2,0,3,-1,1029,826,14,189
01/11/2020,SULAWESI BARAT,7,0,14,-7,1036,840,14,182
02/11/2020,SULAWESI BARAT,0,0,1,-1,1036,841,14,181
03/11/2020,SULAWESI BARAT,5,1,0,4,1041,841,15,185
04/11/2020,SULAWESI BARAT,1,0,1,0,1042,842,15,185
05/11/2020,SULAWESI BARAT,10,0,20,-10,1052,862,15,175
06/11/2020,SULAWESI BARAT,12,0,1,11,1064,863,15,186
07/11/2020,SULAWESI BARAT,162,1,10,151,1226,873,16,337
08/11/2020,SULAWESI BARAT,9,0,2,7,1235,875,16,344
09/11/2020,SULAWESI BARAT,35,0,1,34,1270,876,16,378
10/11/2020,SULAWESI BARAT,0,0,2,-2,1270,878,16,376
11/11/2020,SULAWESI BARAT,13,0,2,11,1283,880,16,387
12/11/2020,SULAWESI BARAT,12,1,14,-3,1295,894,17,384
13/11/2020,SULAWESI BARAT,4,0,15,-11,1299,909,17,373
14/11/2020,SULAWESI BARAT,8,0,16,-8,1307,925,17,365
15/11/2020,SULAWESI BARAT,3,0,21,-18,1310,946,17,347
16/11/2020,SULAWESI BARAT,5,0,6,-1,1315,952,17,346
17/11/2020,SULAWESI BARAT,6,0,3,3,1321,955,17,349
18/11/2020,SULAWESI BARAT,2,1,1,0,1323,956,18,349
19/11/2020,SULAWESI BARAT,29,0,11,18,1352,967,18,367
20/11/2020,SULAWESI BARAT,6,1,12,-7,1358,979,19,360
21/11/2020,SULAWESI BARAT,6,1,6,-1,1364,985,20,359
22/11/2020,SULAWESI BARAT,9,0,10,-1,1373,995,20,358
23/11/2020,SULAWESI BARAT,2,0,13,-11,1375,1008,20,347
24/11/2020,SULAWESI BARAT,2,0,1,1,1377,1009,20,348
25/11/2020,SULAWESI BARAT,2,0,216,-214,1379,1225,20,134
26/11/2020,SULAWESI BARAT,25,1,15,9,1404,1240,21,143
27/11/2020,SULAWESI BARAT,22,0,4,18,1426,1244,21,161
28/11/2020,SULAWESI BARAT,30,0,12,18,1456,1256,21,179
29/11/2020,SULAWESI BARAT,7,0,7,0,1463,1263,21,179
30/11/2020,SULAWESI BARAT,7,0,18,-11,1470,1281,21,168
01/12/2020,SULAWESI BARAT,3,0,15,-12,1473,1296,21,156
02/12/2020,SULAWESI BARAT,0,1,5,-6,1473,1301,22,150
03/12/2020,SULAWESI BARAT,2,0,14,-12,1475,1315,22,138
04/12/2020,SULAWESI BARAT,21,0,8,13,1496,1323,22,151
05/12/2020,SULAWESI BARAT,16,2,22,-8,1512,1345,24,143
06/12/2020,SULAWESI BARAT,3,0,3,0,1515,1348,24,143
07/12/2020,SULAWESI BARAT,2,0,4,-2,1517,1352,24,141
08/12/2020,SULAWESI BARAT,9,1,8,0,1526,1360,25,141
09/12/2020,SULAWESI BARAT,8,0,5,3,1534,1365,25,144
10/12/2020,SULAWESI BARAT,7,1,1,5,1541,1366,26,149
11/12/2020,SULAWESI BARAT,3,0,3,0,1544,1369,26,149
12/12/2020,SULAWESI BARAT,10,0,5,5,1554,1374,26,154
13/12/2020,SULAWESI BARAT,29,0,5,24,1583,1379,26,178
14/12/2020,SULAWESI BARAT,3,0,1,2,1586,1380,26,180
15/12/2020,SULAWESI BARAT,21,0,6,15,1607,1386,26,195
16/12/2020,SULAWESI BARAT,10,0,19,-9,1617,1405,26,186
17/12/2020,SULAWESI BARAT,27,0,13,14,1644,1418,26,200
18/12/2020,SULAWESI BARAT,6,0,9,-3,1650,1427,26,197
19/12/2020,SULAWESI BARAT,39,0,1,38,1689,1428,26,235
20/12/2020,SULAWESI BARAT,18,0,22,-4,1707,1450,26,231
21/12/2020,SULAWESI BARAT,10,0,0,10,1717,1450,26,241
22/12/2020,SULAWESI BARAT,12,0,9,3,1729,1459,26,244
23/12/2020,SULAWESI BARAT,30,1,5,24,1759,1464,27,268
24/12/2020,SULAWESI BARAT,63,3,15,45,1822,1479,30,313
25/12/2020,SULAWESI BARAT,7,0,2,5,1829,1481,30,318
26/12/2020,SULAWESI BARAT,15,1,31,-17,1844,1512,31,301
27/12/2020,SULAWESI BARAT,24,1,11,12,1868,1523,32,313
28/12/2020,SULAWESI BARAT,9,1,1,7,1877,1524,33,320
29/12/2020,SULAWESI BARAT,19,1,11,7,1896,1535,34,327
30/12/2020,SULAWESI BARAT,18,0,6,12,1914,1541,34,339
31/12/2020,SULAWESI BARAT,27,0,10,17,1941,1551,34,356
01/01/2021,SULAWESI BARAT,13,2,1,10,1954,1552,36,366
02/01/2021,SULAWESI BARAT,6,0,1,5,1960,1553,36,371
03/01/2021,SULAWESI BARAT,24,0,13,11,1984,1566,36,382
04/01/2021,SULAWESI BARAT,22,2,0,20,2006,1566,38,402
05/01/2021,SULAWESI BARAT,4,1,4,-1,2010,1570,39,401
06/01/2021,SULAWESI BARAT,10,1,9,0,2020,1579,40,401
07/01/2021,SULAWESI BARAT,33,4,21,8,2053,1600,44,409
08/01/2021,SULAWESI BARAT,47,1,19,27,2100,1619,45,436
09/01/2021,SULAWESI BARAT,86,1,11,74,2186,1630,46,510
10/01/2021,SULAWESI BARAT,99,2,23,74,2285,1653,48,584
11/01/2021,SULAWESI BARAT,11,1,11,-1,2296,1664,49,583
12/01/2021,SULAWESI BARAT,72,4,20,48,2368,1684,53,631
13/01/2021,SULAWESI BARAT,18,1,5,12,2386,1689,54,643
14/01/2021,SULAWESI BARAT,143,3,3,137,2529,1692,57,780
15/01/2021,SULAWESI BARAT,2,0,1,1,2531,1693,57,781
16/01/2021,SULAWESI BARAT,0,0,0,0,2531,1693,57,781
17/01/2021,SULAWESI BARAT,0,1,12,-13,2531,1705,58,768
18/01/2021,SULAWESI BARAT,0,0,12,-12,2531,1717,58,756
19/01/2021,SULAWESI BARAT,16,0,0,16,2547,1717,58,772
20/01/2021,SULAWESI BARAT,2,1,17,-16,2549,1734,59,756
21/01/2021,SULAWESI BARAT,241,4,4,233,2790,1738,63,989
22/01/2021,SULAWESI BARAT,104,1,81,22,2894,1819,64,1011
23/01/2021,SULAWESI BARAT,203,2,13,188,3097,1832,66,1199
24/01/2021,SULAWESI BARAT,68,0,29,39,3165,1861,66,1238
25/01/2021,SULAWESI BARAT,47,0,21,26,3212,1882,66,1264
26/01/2021,SULAWESI BARAT,61,2,9,50,3273,1891,68,1314
27/01/2021,SULAWESI BARAT,57,3,15,39,3330,1906,71,1353
28/01/2021,SULAWESI BARAT,108,2,27,79,3438,1933,73,1432
29/01/2021,SULAWESI BARAT,79,1,32,46,3517,1965,74,1478
30/01/2021,SULAWESI BARAT,116,3,26,87,3633,1991,77,1565
31/01/2021,SULAWESI BARAT,99,3,111,-15,3732,2102,80,1550
01/02/2021,SULAWESI BARAT,48,2,32,14,3780,2134,82,1564
02/02/2021,SULAWESI BARAT,113,1,28,84,3893,2162,83,1648
03/02/2021,SULAWESI BARAT,190,0,93,97,4083,2255,83,1745
04/02/2021,SULAWESI BARAT,101,0,20,81,4184,2275,83,1826
05/02/2021,SULAWESI BARAT,48,0,0,48,4232,2275,83,1874
06/02/2021,SULAWESI BARAT,148,1,140,7,4380,2415,84,1881
07/02/2021,SULAWESI BARAT,88,2,59,27,4468,2474,86,1908
08/02/2021,SULAWESI BARAT,31,1,22,8,4499,2496,87,1916
09/02/2021,SULAWESI BARAT,179,0,49,130,4678,2545,87,2046
10/02/2021,SULAWESI BARAT,23,0,34,-11,4701,2579,87,2035
11/02/2021,SULAWESI BARAT,27,1,60,-34,4728,2639,88,2001
12/02/2021,SULAWESI BARAT,39,1,45,-7,4767,2684,89,1994
13/02/2021,SULAWESI BARAT,95,1,102,-8,4862,2786,90,1986
14/02/2021,SULAWESI BARAT,7,2,113,-108,4869,2899,92,1878
15/02/2021,SULAWESI BARAT,14,0,12,2,4883,2911,92,1880
16/02/2021,SULAWESI BARAT,38,1,30,7,4921,2941,93,1887
17/02/2021,SULAWESI BARAT,73,1,36,36,4994,2977,94,1923
18/02/2021,SULAWESI BARAT,31,0,39,-8,5025,3016,94,1915
19/02/2021,SULAWESI BARAT,17,2,328,-313,5042,3344,96,1602
20/02/2021,SULAWESI BARAT,29,2,56,-29,5071,3400,98,1573
21/02/2021,SULAWESI BARAT,14,1,25,-12,5085,3425,99,1561
22/02/2021,SULAWESI BARAT,6,0,26,-20,5091,3451,99,1541
23/02/2021,SULAWESI BARAT,89,0,57,32,5180,3508,99,1573
24/02/2021,SULAWESI BARAT,10,0,49,-39,5190,3557,99,1534
25/02/2021,SULAWESI BARAT,7,2,30,-25,5197,3587,101,1509
26/02/2021,SULAWESI BARAT,17,1,77,-61,5214,3664,102,1448
27/02/2021,SULAWESI BARAT,6,0,43,-37,5220,3707,102,1411
28/02/2021,SULAWESI BARAT,3,1,128,-126,5223,3835,103,1285
01/03/2021,SULAWESI BARAT,11,1,104,-94,5234,3939,104,1191
02/03/2021,SULAWESI BARAT,32,0,99,-67,5266,4038,104,1124
03/03/2021,SULAWESI BARAT,2,1,51,-50,5268,4089,105,1074
04/03/2021,SULAWESI BARAT,3,1,43,-41,5271,4132,106,1033
05/03/2021,SULAWESI BARAT,14,0,52,-38,5285,4184,106,995
06/03/2021,SULAWESI BARAT,4,2,87,-85,5289,4271,108,910
07/03/2021,SULAWESI BARAT,7,1,31,-25,5296,4302,109,885
08/03/2021,SULAWESI BARAT,3,0,24,-21,5299,4326,109,864
09/03/2021,SULAWESI BARAT,6,0,10,-4,5305,4336,109,860
10/03/2021,SULAWESI BARAT,0,0,28,-28,5305,4364,109,832
11/03/2021,SULAWESI BARAT,8,0,8,0,5313,4372,109,832
12/03/2021,SULAWESI BARAT,4,0,71,-67,5317,4443,109,765
13/03/2021,SULAWESI BARAT,9,1,91,-83,5326,4534,110,682
14/03/2021,SULAWESI BARAT,3,0,43,-40,5329,4577,110,642
15/03/2021,SULAWESI BARAT,3,0,7,-4,5332,4584,110,638
16/03/2021,SULAWESI BARAT,2,0,75,-73,5334,4659,110,565
17/03/2021,SULAWESI BARAT,3,0,23,-20,5337,4682,110,545
18/03/2021,SULAWESI BARAT,1,0,17,-16,5338,4699,110,529
19/03/2021,SULAWESI BARAT,14,0,31,-17,5352,4730,110,512
20/03/2021,SULAWESI BARAT,0,0,81,-81,5352,4811,110,431
21/03/2021,SULAWESI BARAT,3,0,51,-48,5355,4862,110,383
22/03/2021,SULAWESI BARAT,2,0,71,-69,5357,4933,110,314
23/03/2021,SULAWESI BARAT,0,0,42,-42,5357,4975,110,272
24/03/2021,SULAWESI BARAT,1,2,5,-6,5358,4980,112,266
25/03/2021,SULAWESI BARAT,1,0,25,-24,5359,5005,112,242
26/03/2021,SULAWESI BARAT,0,0,46,-46,5359,5051,112,196
27/03/2021,SULAWESI BARAT,1,0,7,-6,5360,5058,112,190
28/03/2021,SULAWESI BARAT,3,0,2,1,5363,5060,112,191
29/03/2021,SULAWESI BARAT,1,0,49,-48,5364,5109,112,143
30/03/2021,SULAWESI BARAT,0,0,7,-7,5364,5116,112,136
31/03/2021,SULAWESI BARAT,1,1,3,-3,5365,5119,113,133
01/04/2021,SULAWESI BARAT,1,0,4,-3,5366,5123,113,130
02/04/2021,SULAWESI BARAT,3,0,4,-1,5369,5127,113,129
03/04/2021,SULAWESI BARAT,1,0,0,1,5370,5127,113,130
04/04/2021,SULAWESI BARAT,3,0,0,3,5373,5127,113,133
05/04/2021,SULAWESI BARAT,0,0,9,-9,5373,5136,113,124
06/04/2021,SULAWESI BARAT,1,1,11,-11,5374,5147,114,113
07/04/2021,SULAWESI BARAT,1,0,29,-28,5375,5176,114,85
08/04/2021,SULAWESI BARAT,3,0,29,-26,5378,5205,114,59
09/04/2021,SULAWESI BARAT,6,0,6,0,5384,5211,114,59
10/04/2021,SULAWESI BARAT,3,0,0,3,5387,5211,114,62
11/04/2021,SULAWESI BARAT,0,0,1,-1,5387,5212,114,61
12/04/2021,SULAWESI BARAT,3,1,1,1,5390,5213,115,62
13/04/2021,SULAWESI BARAT,6,0,2,4,5396,5215,115,66
14/04/2021,SULAWESI BARAT,1,1,0,0,5397,5215,116,66
15/04/2021,SULAWESI BARAT,1,0,1,0,5398,5216,116,66
16/04/2021,SULAWESI BARAT,4,1,5,-2,5402,5221,117,64
17/04/2021,SULAWESI BARAT,1,0,1,0,5403,5222,117,64
18/04/2021,SULAWESI BARAT,1,0,4,-3,5404,5226,117,61
19/04/2021,SULAWESI BARAT,4,0,0,4,5408,5226,117,65
20/04/2021,SULAWESI BARAT,6,0,1,5,5414,5227,117,70
21/04/2021,SULAWESI BARAT,10,0,0,10,5424,5227,117,80
22/04/2021,SULAWESI BARAT,7,0,1,6,5431,5228,117,86
23/04/2021,SULAWESI BARAT,2,0,4,-2,5433,5232,117,84
24/04/2021,SULAWESI BARAT,3,0,1,2,5436,5233,117,86
25/04/2021,SULAWESI BARAT,6,0,9,-3,5442,5242,117,83
26/04/2021,SULAWESI BARAT,0,1,1,-2,5442,5243,118,81
27/04/2021,SULAWESI BARAT,1,0,8,-7,5443,5251,118,74
28/04/2021,SULAWESI BARAT,4,0,1,3,5447,5252,118,77
29/04/2021,SULAWESI BARAT,0,0,0,0,5447,5252,118,77
30/04/2021,SULAWESI BARAT,0,0,1,-1,5447,5253,118,76
01/05/2021,SULAWESI BARAT,3,0,0,3,5450,5253,118,79
02/05/2021,SULAWESI BARAT,22,1,6,15,5472,5259,119,94
03/05/2021,SULAWESI BARAT,2,0,4,-2,5474,5263,119,92
04/05/2021,SULAWESI BARAT,0,0,7,-7,5474,5270,119,85
05/05/2021,SULAWESI BARAT,1,0,3,-2,5475,5273,119,83
06/05/2021,SULAWESI BARAT,0,0,8,-8,5475,5281,119,75
07/05/2021,SULAWESI BARAT,1,0,2,-1,5476,5283,119,74
08/05/2021,SULAWESI BARAT,0,0,2,-2,5476,5285,119,72
09/05/2021,SULAWESI BARAT,3,0,7,-4,5479,5292,119,68
10/05/2021,SULAWESI BARAT,2,0,2,0,5481,5294,119,68
11/05/2021,SULAWESI BARAT,3,0,0,3,5484,5294,119,71
12/05/2021,SULAWESI BARAT,2,1,1,0,5486,5295,120,71
13/05/2021,SULAWESI BARAT,0,0,0,0,5486,5295,120,71
14/05/2021,SULAWESI BARAT,0,0,0,0,5486,5295,120,71
15/05/2021,SULAWESI BARAT,5,0,20,-15,5491,5315,120,56
16/05/2021,SULAWESI BARAT,0,0,0,0,5491,5315,120,56
17/05/2021,SULAWESI BARAT,3,0,3,0,5494,5318,120,56
18/05/2021,SULAWESI BARAT,2,0,13,-11,5496,5331,120,45
19/05/2021,SULAWESI BARAT,0,0,0,0,5496,5331,120,45
20/05/2021,SULAWESI BARAT,0,0,1,-1,5496,5332,120,44
21/05/2021,SULAWESI BARAT,1,0,6,-5,5497,5338,120,39
22/05/2021,SULAWESI BARAT,1,0,3,-2,5498,5341,120,37
23/05/2021,SULAWESI BARAT,0,0,3,-3,5498,5344,120,34
24/05/2021,SULAWESI BARAT,0,0,3,-3,5498,5347,120,31
25/05/2021,SULAWESI BARAT,0,0,7,-7,5498,5354,120,24
26/05/2021,SULAWESI BARAT,0,0,0,0,5498,5354,120,24
27/05/2021,SULAWESI BARAT,0,0,0,0,5498,5354,120,24
28/05/2021,SULAWESI BARAT,3,0,1,2,5501,5355,120,26
29/05/2021,SULAWESI BARAT,0,0,1,-1,5501,5356,120,25
30/05/2021,SULAWESI BARAT,0,0,4,-4,5501,5360,120,21
31/05/2021,SULAWESI BARAT,0,0,0,0,5501,5360,120,21
01/06/2021,SULAWESI BARAT,0,0,0,0,5501,5360,120,21
02/06/2021,SULAWESI BARAT,8,1,1,6,5509,5361,121,27
03/06/2021,SULAWESI BARAT,9,0,0,9,5518,5361,121,36
04/06/2021,SULAWESI BARAT,49,0,4,45,5567,5365,121,81
05/06/2021,SULAWESI BARAT,10,0,0,10,5577,5365,121,91
06/06/2021,SULAWESI BARAT,2,0,0,2,5579,5365,121,93
07/06/2021,SULAWESI BARAT,0,0,1,-1,5579,5366,121,92
08/06/2021,SULAWESI BARAT,1,0,2,-1,5580,5368,121,91
09/06/2021,SULAWESI BARAT,13,0,0,13,5593,5368,121,104
10/06/2021,SULAWESI BARAT,5,0,7,-2,5598,5375,121,102
11/06/2021,SULAWESI BARAT,2,0,1,1,5600,5376,121,103
12/06/2021,SULAWESI BARAT,13,0,7,6,5613,5383,121,109
20/03/2020,JAMBI,1,0,0,1,1,0,0,1
21/03/2020,JAMBI,0,0,0,0,1,0,0,1
22/03/2020,JAMBI,0,0,0,0,1,0,0,1
23/03/2020,JAMBI,0,0,0,0,1,0,0,1
24/03/2020,JAMBI,0,0,0,0,1,0,0,1
25/03/2020,JAMBI,0,0,0,0,1,0,0,1
26/03/2020,JAMBI,0,0,0,0,1,0,0,1
27/03/2020,JAMBI,0,0,0,0,1,0,0,1
28/03/2020,JAMBI,0,0,0,0,1,0,0,1
29/03/2020,JAMBI,0,0,0,0,1,0,0,1
30/03/2020,JAMBI,1,0,0,1,2,0,0,2
31/03/2020,JAMBI,0,0,0,0,2,0,0,2
01/04/2020,JAMBI,0,0,0,0,2,0,0,2
02/04/2020,JAMBI,0,0,0,0,2,0,0,2
03/04/2020,JAMBI,0,0,0,0,2,0,0,2
04/04/2020,JAMBI,0,0,0,0,2,0,0,2
05/04/2020,JAMBI,0,0,0,0,2,0,0,2
06/04/2020,JAMBI,0,0,0,0,2,0,0,2
07/04/2020,JAMBI,0,0,0,0,2,0,0,2
08/04/2020,JAMBI,0,0,0,0,2,0,0,2
09/04/2020,JAMBI,0,0,0,0,2,0,0,2
10/04/2020,JAMBI,0,0,0,0,2,0,0,2
11/04/2020,JAMBI,2,0,0,2,4,0,0,4
12/04/2020,JAMBI,0,0,0,0,4,0,0,4
13/04/2020,JAMBI,0,0,0,0,4,0,0,4
14/04/2020,JAMBI,1,0,0,1,5,0,0,5
15/04/2020,JAMBI,1,0,0,1,6,0,0,6
16/04/2020,JAMBI,1,0,0,1,7,0,0,7
17/04/2020,JAMBI,1,0,0,1,8,0,0,8
18/04/2020,JAMBI,0,0,1,-1,8,1,0,7
19/04/2020,JAMBI,0,0,0,0,8,1,0,7
20/04/2020,JAMBI,0,0,0,0,8,1,0,7
21/04/2020,JAMBI,5,0,0,5,13,1,0,12
22/04/2020,JAMBI,0,0,0,0,13,1,0,12
23/04/2020,JAMBI,1,0,0,1,14,1,0,13
24/04/2020,JAMBI,4,0,0,4,18,1,0,17
25/04/2020,JAMBI,3,0,0,3,21,1,0,20
26/04/2020,JAMBI,11,0,0,11,32,1,0,31
27/04/2020,JAMBI,0,0,0,0,32,1,0,31
28/04/2020,JAMBI,0,0,0,0,32,1,0,31
29/04/2020,JAMBI,0,0,0,0,32,1,0,31
30/04/2020,JAMBI,0,0,0,0,32,1,0,31
01/05/2020,JAMBI,0,0,0,0,32,1,0,31
02/05/2020,JAMBI,0,0,0,0,32,1,0,31
03/05/2020,JAMBI,6,0,0,6,38,1,0,37
04/05/2020,JAMBI,0,0,0,0,38,1,0,37
05/05/2020,JAMBI,5,0,0,5,43,1,0,42
06/05/2020,JAMBI,4,0,0,4,47,1,0,46
07/05/2020,JAMBI,0,0,0,0,47,1,0,46
08/05/2020,JAMBI,0,0,0,0,47,1,0,46
09/05/2020,JAMBI,15,0,2,13,62,3,0,59
10/05/2020,JAMBI,2,0,0,2,64,3,0,61
11/05/2020,JAMBI,1,0,0,1,65,3,0,62
12/05/2020,JAMBI,0,0,0,0,65,3,0,62
13/05/2020,JAMBI,0,0,0,0,65,3,0,62
14/05/2020,JAMBI,1,0,0,1,66,3,0,63
15/05/2020,JAMBI,3,0,0,3,69,3,0,66
16/05/2020,JAMBI,10,0,1,9,79,4,0,75
17/05/2020,JAMBI,1,0,0,1,80,4,0,76
18/05/2020,JAMBI,1,0,0,1,81,4,0,77
19/05/2020,JAMBI,3,0,0,3,84,4,0,80
20/05/2020,JAMBI,5,0,2,3,89,6,0,83
21/05/2020,JAMBI,0,0,2,-2,89,8,0,81
22/05/2020,JAMBI,2,0,0,2,91,8,0,83
23/05/2020,JAMBI,0,0,5,-5,91,13,0,78
24/05/2020,JAMBI,4,0,2,2,95,15,0,80
25/05/2020,JAMBI,2,0,0,2,97,15,0,82
26/05/2020,JAMBI,0,0,0,0,97,15,0,82
27/05/2020,JAMBI,0,0,0,0,97,15,0,82
28/05/2020,JAMBI,0,0,0,0,97,15,0,82
29/05/2020,JAMBI,0,0,0,0,97,15,0,82
30/05/2020,JAMBI,0,0,0,0,97,15,0,82
31/05/2020,JAMBI,0,0,0,0,97,15,0,82
01/06/2020,JAMBI,0,0,5,-5,97,20,0,77
02/06/2020,JAMBI,0,0,0,0,97,20,0,77
03/06/2020,JAMBI,0,0,7,-7,97,27,0,70
04/06/2020,JAMBI,2,0,0,2,99,27,0,72
05/06/2020,JAMBI,2,0,0,2,101,27,0,74
06/06/2020,JAMBI,2,0,0,2,103,27,0,76
07/06/2020,JAMBI,0,0,0,0,103,27,0,76
08/06/2020,JAMBI,0,0,0,0,103,27,0,76
09/06/2020,JAMBI,0,0,0,0,103,27,0,76
10/06/2020,JAMBI,2,0,0,2,105,27,0,78
11/06/2020,JAMBI,0,0,0,0,105,27,0,78
12/06/2020,JAMBI,1,0,0,1,106,27,0,79
13/06/2020,JAMBI,2,0,10,-8,108,37,0,71
14/06/2020,JAMBI,0,0,0,0,108,37,0,71
15/06/2020,JAMBI,0,0,0,0,108,37,0,71
16/06/2020,JAMBI,0,0,8,-8,108,45,0,63
17/06/2020,JAMBI,1,0,0,1,109,45,0,64
18/06/2020,JAMBI,0,0,0,0,109,45,0,64
19/06/2020,JAMBI,3,0,1,2,112,46,0,66
20/06/2020,JAMBI,0,0,0,0,112,46,0,66
21/06/2020,JAMBI,0,0,0,0,112,46,0,66
22/06/2020,JAMBI,0,0,0,0,112,46,0,66
23/06/2020,JAMBI,2,0,20,-18,114,66,0,48
24/06/2020,JAMBI,0,0,0,0,114,66,0,48
25/06/2020,JAMBI,0,0,0,0,114,66,0,48
26/06/2020,JAMBI,0,0,0,0,114,66,0,48
27/06/2020,JAMBI,3,0,3,0,117,69,0,48
28/06/2020,JAMBI,0,0,0,0,117,69,0,48
29/06/2020,JAMBI,0,0,0,0,117,69,0,48
30/06/2020,JAMBI,0,0,0,0,117,69,0,48
01/07/2020,JAMBI,0,0,8,-8,117,77,0,40
02/07/2020,JAMBI,0,0,0,0,117,77,0,40
03/07/2020,JAMBI,0,0,0,0,117,77,0,40
04/07/2020,JAMBI,0,0,0,0,117,77,0,40
05/07/2020,JAMBI,3,1,4,-2,120,81,1,38
06/07/2020,JAMBI,0,0,0,0,120,81,1,38
07/07/2020,JAMBI,1,0,0,1,121,81,1,39
08/07/2020,JAMBI,0,0,0,0,121,81,1,39
09/07/2020,JAMBI,1,0,0,1,122,81,1,40
10/07/2020,JAMBI,0,0,3,-3,122,84,1,37
11/07/2020,JAMBI,0,0,0,0,122,84,1,37
12/07/2020,JAMBI,0,0,9,-9,122,93,1,28
13/07/2020,JAMBI,0,1,0,-1,122,93,2,27
14/07/2020,JAMBI,2,0,0,2,124,93,2,29
15/07/2020,JAMBI,1,0,2,-1,125,95,2,28
16/07/2020,JAMBI,0,0,0,0,125,95,2,28
17/07/2020,JAMBI,1,0,3,-2,126,98,2,26
18/07/2020,JAMBI,6,0,3,3,132,101,2,29
19/07/2020,JAMBI,0,0,3,-3,132,104,2,26
20/07/2020,JAMBI,0,0,0,0,132,104,2,26
21/07/2020,JAMBI,2,0,0,2,134,104,2,28
22/07/2020,JAMBI,2,0,3,-1,136,107,2,27
23/07/2020,JAMBI,0,0,3,-3,136,110,2,24
24/07/2020,JAMBI,2,0,1,1,138,111,2,25
25/07/2020,JAMBI,1,0,1,0,139,112,2,25
26/07/2020,JAMBI,0,0,0,0,139,112,2,25
27/07/2020,JAMBI,0,0,0,0,139,112,2,25
28/07/2020,JAMBI,0,0,1,-1,139,113,2,24
29/07/2020,JAMBI,15,2,2,11,154,115,4,35
30/07/2020,JAMBI,2,0,0,2,156,115,4,37
31/07/2020,JAMBI,6,0,0,6,162,115,4,43
01/08/2020,JAMBI,6,0,0,6,168,115,4,49
02/08/2020,JAMBI,1,0,0,1,169,115,4,50
03/08/2020,JAMBI,0,0,0,0,169,115,4,50
04/08/2020,JAMBI,19,0,1,18,188,116,4,68
05/08/2020,JAMBI,5,0,0,5,193,116,4,73
06/08/2020,JAMBI,0,0,0,0,193,116,4,73
07/08/2020,JAMBI,12,0,1,11,205,117,4,84
08/08/2020,JAMBI,5,0,0,5,210,117,4,89
09/08/2020,JAMBI,0,0,1,-1,210,118,4,88
10/08/2020,JAMBI,0,0,0,0,210,118,4,88
11/08/2020,JAMBI,0,0,0,0,210,118,4,88
12/08/2020,JAMBI,5,0,1,4,215,119,4,92
13/08/2020,JAMBI,0,0,0,0,215,119,4,92
14/08/2020,JAMBI,7,0,1,6,222,120,4,98
15/08/2020,JAMBI,3,0,1,2,225,121,4,100
16/08/2020,JAMBI,0,0,0,0,225,121,4,100
17/08/2020,JAMBI,20,0,1,19,245,122,4,119
18/08/2020,JAMBI,0,0,0,0,245,122,4,119
19/08/2020,JAMBI,5,0,4,1,250,126,4,120
20/08/2020,JAMBI,0,0,0,0,250,126,4,120
21/08/2020,JAMBI,21,1,4,16,271,130,5,136
22/08/2020,JAMBI,3,0,1,2,274,131,5,138
23/08/2020,JAMBI,0,0,0,0,274,131,5,138
24/08/2020,JAMBI,0,0,0,0,274,131,5,138
25/08/2020,JAMBI,7,0,2,5,281,133,5,143
26/08/2020,JAMBI,8,0,4,4,289,137,5,147
27/08/2020,JAMBI,7,0,0,7,296,137,5,154
28/08/2020,JAMBI,6,0,6,0,302,143,5,154
29/08/2020,JAMBI,0,0,6,-6,302,149,5,148
30/08/2020,JAMBI,0,0,0,0,302,149,5,148
31/08/2020,JAMBI,0,0,7,-7,302,156,5,141
01/09/2020,JAMBI,0,0,0,0,302,156,5,141
02/09/2020,JAMBI,1,0,0,1,303,156,5,142
03/09/2020,JAMBI,0,0,1,-1,303,157,5,141
04/09/2020,JAMBI,1,0,13,-12,304,170,5,129
05/09/2020,JAMBI,0,0,11,-11,304,181,5,118
06/09/2020,JAMBI,0,0,0,0,304,181,5,118
07/09/2020,JAMBI,0,0,0,0,304,181,5,118
08/09/2020,JAMBI,0,0,0,0,304,181,5,118
09/09/2020,JAMBI,4,0,6,-2,308,187,5,116
10/09/2020,JAMBI,1,1,25,-25,309,212,6,91
11/09/2020,JAMBI,5,1,10,-6,314,222,7,85
12/09/2020,JAMBI,5,0,7,-2,319,229,7,83
13/09/2020,JAMBI,2,0,4,-2,321,233,7,81
14/09/2020,JAMBI,0,0,0,0,321,233,7,81
15/09/2020,JAMBI,10,0,0,10,331,233,7,91
16/09/2020,JAMBI,14,0,8,6,345,241,7,97
17/09/2020,JAMBI,6,1,8,-3,351,249,8,94
18/09/2020,JAMBI,7,0,3,4,358,252,8,98
19/09/2020,JAMBI,14,0,2,12,372,254,8,110
20/09/2020,JAMBI,14,0,1,13,386,255,8,123
21/09/2020,JAMBI,0,0,1,-1,386,256,8,122
22/09/2020,JAMBI,0,0,0,0,386,256,8,122
23/09/2020,JAMBI,9,0,4,5,395,260,8,127
24/09/2020,JAMBI,4,0,2,2,399,262,8,129
25/09/2020,JAMBI,10,0,1,9,409,263,8,138
26/09/2020,JAMBI,16,1,0,15,425,263,9,153
27/09/2020,JAMBI,21,0,2,19,446,265,9,172
28/09/2020,JAMBI,21,0,0,21,467,265,9,193
29/09/2020,JAMBI,23,2,0,21,490,265,11,214
30/09/2020,JAMBI,23,0,0,23,513,265,11,237
01/10/2020,JAMBI,21,0,3,18,534,268,11,255
02/10/2020,JAMBI,24,3,5,16,558,273,14,271
03/10/2020,JAMBI,13,0,3,10,571,276,14,281
04/10/2020,JAMBI,22,0,5,17,593,281,14,298
05/10/2020,JAMBI,25,0,5,20,618,286,14,318
06/10/2020,JAMBI,29,0,7,22,647,293,14,340
07/10/2020,JAMBI,23,0,10,13,670,303,14,353
08/10/2020,JAMBI,46,0,1,45,716,304,14,398
09/10/2020,JAMBI,45,2,5,38,761,309,16,436
10/10/2020,JAMBI,30,0,1,29,791,310,16,465
11/10/2020,JAMBI,21,2,6,13,812,316,18,478
12/10/2020,JAMBI,13,0,0,13,825,316,18,491
13/10/2020,JAMBI,38,0,2,36,863,318,18,527
14/10/2020,JAMBI,30,0,0,30,893,318,18,557
15/10/2020,JAMBI,23,0,3,20,916,321,18,577
16/10/2020,JAMBI,26,0,20,6,942,341,18,583
17/10/2020,JAMBI,26,0,27,-1,968,368,18,582
18/10/2020,JAMBI,14,0,0,14,982,368,18,596
19/10/2020,JAMBI,6,1,3,2,988,371,19,598
20/10/2020,JAMBI,39,2,9,28,1027,380,21,626
21/10/2020,JAMBI,22,0,0,22,1049,380,21,648
22/10/2020,JAMBI,19,0,39,-20,1068,419,21,628
23/10/2020,JAMBI,24,0,6,18,1092,425,21,646
24/10/2020,JAMBI,26,0,22,4,1118,447,21,650
25/10/2020,JAMBI,22,0,54,-32,1140,501,21,618
26/10/2020,JAMBI,9,1,19,-11,1149,520,22,607
27/10/2020,JAMBI,7,1,22,-16,1156,542,23,591
28/10/2020,JAMBI,32,1,32,-1,1188,574,24,590
29/10/2020,JAMBI,31,0,19,12,1219,593,24,602
30/10/2020,JAMBI,11,0,14,-3,1230,607,24,599
31/10/2020,JAMBI,0,0,12,-12,1230,619,24,587
01/11/2020,JAMBI,0,0,0,0,1230,619,24,587
02/11/2020,JAMBI,0,0,0,0,1230,619,24,587
03/11/2020,JAMBI,7,0,29,-22,1237,648,24,565
04/11/2020,JAMBI,5,0,7,-2,1242,655,24,563
05/11/2020,JAMBI,10,0,22,-12,1252,677,24,551
06/11/2020,JAMBI,15,0,17,-2,1267,694,24,549
07/11/2020,JAMBI,18,0,20,-2,1285,714,24,547
08/11/2020,JAMBI,41,0,30,11,1326,744,24,558
09/11/2020,JAMBI,36,0,35,1,1362,779,24,559
10/11/2020,JAMBI,11,0,50,-39,1373,829,24,520
11/11/2020,JAMBI,11,1,31,-21,1384,860,25,499
12/11/2020,JAMBI,15,2,31,-18,1399,891,27,481
13/11/2020,JAMBI,20,1,20,-1,1419,911,28,480
14/11/2020,JAMBI,19,2,20,-3,1438,931,30,477
15/11/2020,JAMBI,16,0,43,-27,1454,974,30,450
16/11/2020,JAMBI,0,0,11,-11,1454,985,30,439
17/11/2020,JAMBI,10,2,7,1,1464,992,32,440
18/11/2020,JAMBI,27,0,37,-10,1491,1029,32,430
19/11/2020,JAMBI,40,1,45,-6,1531,1074,33,424
20/11/2020,JAMBI,45,0,40,5,1576,1114,33,429
21/11/2020,JAMBI,44,1,32,11,1620,1146,34,440
22/11/2020,JAMBI,29,1,0,28,1649,1146,35,468
23/11/2020,JAMBI,0,0,28,-28,1649,1174,35,440
24/11/2020,JAMBI,41,1,8,32,1690,1182,36,472
25/11/2020,JAMBI,45,0,45,0,1735,1227,36,472
26/11/2020,JAMBI,39,0,4,35,1774,1231,36,507
27/11/2020,JAMBI,46,1,39,6,1820,1270,37,513
28/11/2020,JAMBI,47,0,5,42,1867,1275,37,555
29/11/2020,JAMBI,46,0,33,13,1913,1308,37,568
30/11/2020,JAMBI,30,0,22,8,1943,1330,37,576
01/12/2020,JAMBI,50,0,47,3,1993,1377,37,579
02/12/2020,JAMBI,81,0,44,37,2074,1421,37,616
03/12/2020,JAMBI,94,2,20,72,2168,1441,39,688
04/12/2020,JAMBI,55,0,0,55,2223,1441,39,743
05/12/2020,JAMBI,113,0,23,90,2336,1464,39,833
06/12/2020,JAMBI,19,2,1,16,2355,1465,41,849
07/12/2020,JAMBI,0,0,13,-13,2355,1478,41,836
08/12/2020,JAMBI,77,1,15,61,2432,1493,42,897
09/12/2020,JAMBI,70,0,5,65,2502,1498,42,962
10/12/2020,JAMBI,32,0,0,32,2534,1498,42,994
11/12/2020,JAMBI,39,3,6,30,2573,1504,45,1024
12/12/2020,JAMBI,63,0,30,33,2636,1534,45,1057
13/12/2020,JAMBI,66,2,25,39,2702,1559,47,1096
14/12/2020,JAMBI,0,0,0,0,2702,1559,47,1096
15/12/2020,JAMBI,50,0,62,-12,2752,1621,47,1084
16/12/2020,JAMBI,23,0,39,-16,2775,1660,47,1068
17/12/2020,JAMBI,72,0,90,-18,2847,1750,47,1050
18/12/2020,JAMBI,20,1,69,-50,2867,1819,48,1000
19/12/2020,JAMBI,34,0,39,-5,2901,1858,48,995
20/12/2020,JAMBI,35,0,9,26,2936,1867,48,1021
21/12/2020,JAMBI,19,1,48,-30,2955,1915,49,991
22/12/2020,JAMBI,36,0,63,-27,2991,1978,49,964
23/12/2020,JAMBI,39,2,12,25,3030,1990,51,989
24/12/2020,JAMBI,38,0,56,-18,3068,2046,51,971
25/12/2020,JAMBI,28,0,41,-13,3096,2087,51,958
26/12/2020,JAMBI,0,1,47,-48,3096,2134,52,910
27/12/2020,JAMBI,20,0,25,-5,3116,2159,52,905
28/12/2020,JAMBI,11,0,35,-24,3127,2194,52,881
29/12/2020,JAMBI,30,2,16,12,3157,2210,54,893
30/12/2020,JAMBI,35,0,58,-23,3192,2268,54,870
31/12/2020,JAMBI,35,1,50,-16,3227,2318,55,854
01/01/2021,JAMBI,36,0,34,2,3263,2352,55,856
02/01/2021,JAMBI,33,1,29,3,3296,2381,56,859
03/01/2021,JAMBI,26,1,1,24,3322,2382,57,883
04/01/2021,JAMBI,14,0,15,-1,3336,2397,57,882
05/01/2021,JAMBI,20,0,43,-23,3356,2440,57,859
06/01/2021,JAMBI,41,0,29,12,3397,2469,57,871
07/01/2021,JAMBI,57,0,48,9,3454,2517,57,880
08/01/2021,JAMBI,72,0,33,39,3526,2550,57,919
09/01/2021,JAMBI,44,0,42,2,3570,2592,57,921
10/01/2021,JAMBI,31,1,17,13,3601,2609,58,934
11/01/2021,JAMBI,14,0,10,4,3615,2619,58,938
12/01/2021,JAMBI,34,0,12,22,3649,2631,58,960
13/01/2021,JAMBI,78,1,17,60,3727,2648,59,1020
14/01/2021,JAMBI,80,0,1,79,3807,2649,59,1099
15/01/2021,JAMBI,51,0,39,12,3858,2688,59,1111
16/01/2021,JAMBI,36,2,3,31,3894,2691,61,1142
17/01/2021,JAMBI,52,0,60,-8,3946,2751,61,1134
18/01/2021,JAMBI,29,0,4,25,3975,2755,61,1159
19/01/2021,JAMBI,49,0,5,44,4024,2760,61,1203
20/01/2021,JAMBI,32,0,35,-3,4056,2795,61,1200
21/01/2021,JAMBI,71,0,18,53,4127,2813,61,1253
22/01/2021,JAMBI,62,1,49,12,4189,2862,62,1265
23/01/2021,JAMBI,36,0,12,24,4225,2874,62,1289
24/01/2021,JAMBI,38,0,64,-26,4263,2938,62,1263
25/01/2021,JAMBI,26,0,7,19,4289,2945,62,1282
26/01/2021,JAMBI,39,0,33,6,4328,2978,62,1288
27/01/2021,JAMBI,60,1,67,-8,4388,3045,63,1280
28/01/2021,JAMBI,65,0,46,19,4453,3091,63,1299
29/01/2021,JAMBI,46,0,51,-5,4499,3142,63,1294
30/01/2021,JAMBI,44,0,30,14,4543,3172,63,1308
31/01/2021,JAMBI,37,1,36,0,4580,3208,64,1308
01/02/2021,JAMBI,0,0,0,0,4580,3208,64,1308
02/02/2021,JAMBI,53,0,26,27,4633,3234,64,1335
03/02/2021,JAMBI,60,0,6,54,4693,3240,64,1389
04/02/2021,JAMBI,48,0,15,33,4741,3255,64,1422
05/02/2021,JAMBI,56,4,130,-78,4797,3385,68,1344
06/02/2021,JAMBI,37,0,71,-34,4834,3456,68,1310
07/02/2021,JAMBI,25,0,32,-7,4859,3488,68,1303
08/02/2021,JAMBI,2,0,11,-9,4861,3499,68,1294
09/02/2021,JAMBI,22,0,21,1,4883,3520,68,1295
10/02/2021,JAMBI,45,0,80,-35,4928,3600,68,1260
11/02/2021,JAMBI,33,0,41,-8,4961,3641,68,1252
12/02/2021,JAMBI,30,0,21,9,4991,3662,68,1261
13/02/2021,JAMBI,33,0,3,30,5024,3665,68,1291
14/02/2021,JAMBI,34,0,22,12,5058,3687,68,1303
15/02/2021,JAMBI,9,0,16,-7,5067,3703,68,1296
16/02/2021,JAMBI,24,0,0,24,5091,3703,68,1320
17/02/2021,JAMBI,22,0,3,19,5113,3706,68,1339
18/02/2021,JAMBI,55,2,50,3,5168,3756,70,1342
19/02/2021,JAMBI,10,0,27,-17,5178,3783,70,1325
20/02/2021,JAMBI,20,0,38,-18,5198,3821,70,1307
21/02/2021,JAMBI,21,1,24,-4,5219,3845,71,1303
22/02/2021,JAMBI,20,0,21,-1,5239,3866,71,1302
23/02/2021,JAMBI,26,0,22,4,5265,3888,71,1306
24/02/2021,JAMBI,56,0,48,8,5321,3936,71,1314
25/02/2021,JAMBI,28,1,39,-12,5349,3975,72,1302
26/02/2021,JAMBI,24,1,39,-16,5373,4014,73,1286
27/02/2021,JAMBI,83,0,40,43,5456,4054,73,1329
28/02/2021,JAMBI,32,0,35,-3,5488,4089,73,1326
01/03/2021,JAMBI,1,0,43,-42,5489,4132,73,1284
02/03/2021,JAMBI,45,0,0,45,5534,4132,73,1329
03/03/2021,JAMBI,9,0,62,-53,5543,4194,73,1276
04/03/2021,JAMBI,44,0,21,23,5587,4215,73,1299
05/03/2021,JAMBI,7,2,23,-18,5594,4238,75,1281
06/03/2021,JAMBI,17,0,45,-28,5611,4283,75,1253
07/03/2021,JAMBI,20,1,15,4,5631,4298,76,1257
08/03/2021,JAMBI,6,0,9,-3,5637,4307,76,1254
09/03/2021,JAMBI,20,1,42,-23,5657,4349,77,1231
10/03/2021,JAMBI,18,0,48,-30,5675,4397,77,1201
11/03/2021,JAMBI,9,0,13,-4,5684,4410,77,1197
12/03/2021,JAMBI,29,0,2,27,5713,4412,77,1224
13/03/2021,JAMBI,21,1,45,-25,5734,4457,78,1199
14/03/2021,JAMBI,0,0,23,-23,5734,4480,78,1176
15/03/2021,JAMBI,5,0,32,-27,5739,4512,78,1149
16/03/2021,JAMBI,36,0,54,-18,5775,4566,78,1131
17/03/2021,JAMBI,25,0,10,15,5800,4576,78,1146
18/03/2021,JAMBI,35,2,85,-52,5835,4661,80,1094
19/03/2021,JAMBI,32,2,88,-58,5867,4749,82,1036
20/03/2021,JAMBI,25,6,76,-57,5892,4825,88,979
21/03/2021,JAMBI,22,0,16,6,5914,4841,88,985
22/03/2021,JAMBI,14,0,31,-17,5928,4872,88,968
23/03/2021,JAMBI,19,0,27,-8,5947,4899,88,960
24/03/2021,JAMBI,24,0,10,14,5971,4909,88,974
25/03/2021,JAMBI,48,0,2,46,6019,4911,88,1020
26/03/2021,JAMBI,15,2,10,3,6034,4921,90,1023
27/03/2021,JAMBI,45,1,27,17,6079,4948,91,1040
28/03/2021,JAMBI,53,0,12,41,6132,4960,91,1081
29/03/2021,JAMBI,46,2,33,11,6178,4993,93,1092
30/03/2021,JAMBI,20,0,15,5,6198,5008,93,1097
31/03/2021,JAMBI,27,0,77,-50,6225,5085,93,1047
01/04/2021,JAMBI,62,0,16,46,6287,5101,93,1093
02/04/2021,JAMBI,42,0,10,32,6329,5111,93,1125
03/04/2021,JAMBI,32,1,26,5,6361,5137,94,1130
04/04/2021,JAMBI,23,0,17,6,6384,5154,94,1136
05/04/2021,JAMBI,21,0,15,6,6405,5169,94,1142
06/04/2021,JAMBI,60,0,36,24,6465,5205,94,1166
07/04/2021,JAMBI,47,1,26,20,6512,5231,95,1186
08/04/2021,JAMBI,50,0,27,23,6562,5258,95,1209
09/04/2021,JAMBI,50,0,28,22,6612,5286,95,1231
10/04/2021,JAMBI,8,0,42,-34,6620,5328,95,1197
11/04/2021,JAMBI,20,1,9,10,6640,5337,96,1207
12/04/2021,JAMBI,5,0,8,-3,6645,5345,96,1204
13/04/2021,JAMBI,40,0,54,-14,6685,5399,96,1190
14/04/2021,JAMBI,51,0,32,19,6736,5431,96,1209
15/04/2021,JAMBI,49,0,70,-21,6785,5501,96,1188
16/04/2021,JAMBI,53,0,45,8,6838,5546,96,1196
17/04/2021,JAMBI,68,2,43,23,6906,5589,98,1219
18/04/2021,JAMBI,48,0,25,23,6954,5614,98,1242
19/04/2021,JAMBI,25,1,30,-6,6979,5644,99,1236
20/04/2021,JAMBI,74,2,42,30,7053,5686,101,1266
21/04/2021,JAMBI,56,0,26,30,7109,5712,101,1296
22/04/2021,JAMBI,87,2,41,44,7196,5753,103,1340
23/04/2021,JAMBI,43,1,78,-36,7239,5831,104,1304
24/04/2021,JAMBI,65,0,67,-2,7304,5898,104,1302
25/04/2021,JAMBI,29,0,19,10,7333,5917,104,1312
26/04/2021,JAMBI,42,2,50,-10,7375,5967,106,1302
27/04/2021,JAMBI,32,2,20,10,7407,5987,108,1312
28/04/2021,JAMBI,97,1,52,44,7504,6039,109,1356
29/04/2021,JAMBI,92,1,97,-6,7596,6136,110,1350
30/04/2021,JAMBI,74,0,29,45,7670,6165,110,1395
01/05/2021,JAMBI,60,3,50,7,7730,6215,113,1402
02/05/2021,JAMBI,78,2,33,43,7808,6248,115,1445
03/05/2021,JAMBI,82,1,44,37,7890,6292,116,1482
04/05/2021,JAMBI,50,3,63,-16,7940,6355,119,1466
05/05/2021,JAMBI,102,2,63,37,8042,6418,121,1503
06/05/2021,JAMBI,84,2,45,37,8126,6463,123,1540
07/05/2021,JAMBI,87,9,93,-15,8213,6556,132,1525
08/05/2021,JAMBI,88,3,37,48,8301,6593,135,1573
09/05/2021,JAMBI,75,0,62,13,8376,6655,135,1586
10/05/2021,JAMBI,71,1,65,5,8447,6720,136,1591
11/05/2021,JAMBI,64,1,58,5,8511,6778,137,1596
12/05/2021,JAMBI,60,0,57,3,8571,6835,137,1599
13/05/2021,JAMBI,14,0,20,-6,8585,6855,137,1593
14/05/2021,JAMBI,64,2,39,23,8649,6894,139,1616
15/05/2021,JAMBI,0,1,69,-70,8649,6963,140,1546
16/05/2021,JAMBI,22,1,22,-1,8671,6985,141,1545
17/05/2021,JAMBI,21,0,48,-27,8692,7033,141,1518
18/05/2021,JAMBI,5,0,61,-56,8697,7094,141,1462
19/05/2021,JAMBI,45,1,58,-14,8742,7152,142,1448
20/05/2021,JAMBI,83,6,46,31,8825,7198,148,1479
21/05/2021,JAMBI,67,2,44,21,8892,7242,150,1500
22/05/2021,JAMBI,63,4,57,2,8955,7299,154,1502
23/05/2021,JAMBI,55,6,99,-50,9010,7398,160,1452
24/05/2021,JAMBI,76,0,61,15,9086,7459,160,1467
25/05/2021,JAMBI,59,3,65,-9,9145,7524,163,1458
26/05/2021,JAMBI,77,0,76,1,9222,7600,163,1459
27/05/2021,JAMBI,74,2,20,52,9296,7620,165,1511
28/05/2021,JAMBI,63,0,146,-83,9359,7766,165,1428
29/05/2021,JAMBI,79,6,46,27,9438,7812,171,1455
30/05/2021,JAMBI,90,8,1,81,9528,7813,179,1536
31/05/2021,JAMBI,84,3,4,77,9612,7817,182,1613
01/06/2021,JAMBI,66,1,66,-1,9678,7883,183,1612
02/06/2021,JAMBI,86,1,30,55,9764,7913,184,1667
03/06/2021,JAMBI,66,0,59,7,9830,7972,184,1674
04/06/2021,JAMBI,85,2,79,4,9915,8051,186,1678
05/06/2021,JAMBI,81,3,34,44,9996,8085,189,1722
06/06/2021,JAMBI,108,2,61,45,10104,8146,191,1767
07/06/2021,JAMBI,126,2,58,66,10230,8204,193,1833
08/06/2021,JAMBI,148,2,77,69,10378,8281,195,1902
09/06/2021,JAMBI,136,1,61,74,10514,8342,196,1976
10/06/2021,JAMBI,132,0,51,81,10646,8393,196,2057
11/06/2021,JAMBI,91,4,142,-55,10737,8535,200,2002
12/06/2021,JAMBI,145,1,195,-51,10882,8730,201,1951
13/06/2021,JAMBI,133,1,238,-106,11015,8968,202,1845
23/03/2020,MALUKU UTARA,1,0,0,1,1,0,0,1
24/03/2020,MALUKU UTARA,0,0,0,0,1,0,0,1
25/03/2020,MALUKU UTARA,0,0,0,0,1,0,0,1
26/03/2020,MALUKU UTARA,0,0,0,0,1,0,0,1
27/03/2020,MALUKU UTARA,0,0,0,0,1,0,0,1
28/03/2020,MALUKU UTARA,0,0,0,0,1,0,0,1
29/03/2020,MALUKU UTARA,0,0,0,0,1,0,0,1
30/03/2020,MALUKU UTARA,0,0,0,0,1,0,0,1
31/03/2020,MALUKU UTARA,0,0,0,0,1,0,0,1
01/04/2020,MALUKU UTARA,0,0,0,0,1,0,0,1
02/04/2020,MALUKU UTARA,0,0,0,0,1,0,0,1
03/04/2020,MALUKU UTARA,0,0,0,0,1,0,0,1
04/04/2020,MALUKU UTARA,0,0,0,0,1,0,0,1
05/04/2020,MALUKU UTARA,0,0,0,0,1,0,0,1
06/04/2020,MALUKU UTARA,0,0,0,0,1,0,0,1
07/04/2020,MALUKU UTARA,0,0,0,0,1,0,0,1
08/04/2020,MALUKU UTARA,1,0,0,1,2,0,0,2
09/04/2020,MALUKU UTARA,0,0,1,-1,2,1,0,1
10/04/2020,MALUKU UTARA,0,0,0,0,2,1,0,1
11/04/2020,MALUKU UTARA,0,0,0,0,2,1,0,1
12/04/2020,MALUKU UTARA,0,0,0,0,2,1,0,1
13/04/2020,MALUKU UTARA,0,0,0,0,2,1,0,1
14/04/2020,MALUKU UTARA,0,0,0,0,2,1,0,1
15/04/2020,MALUKU UTARA,2,0,1,1,4,2,0,2
16/04/2020,MALUKU UTARA,0,0,0,0,4,2,0,2
17/04/2020,MALUKU UTARA,0,0,0,0,4,2,0,2
18/04/2020,MALUKU UTARA,0,0,0,0,4,2,0,2
19/04/2020,MALUKU UTARA,0,0,0,0,4,2,0,2
20/04/2020,MALUKU UTARA,0,0,0,0,4,2,0,2
21/04/2020,MALUKU UTARA,0,0,0,0,4,2,0,2
22/04/2020,MALUKU UTARA,8,0,0,8,12,2,0,10
23/04/2020,MALUKU UTARA,2,0,0,2,14,2,0,12
24/04/2020,MALUKU UTARA,0,0,0,0,14,2,0,12
25/04/2020,MALUKU UTARA,0,0,1,-1,14,3,0,11
26/04/2020,MALUKU UTARA,12,0,0,12,26,3,0,23
27/04/2020,MALUKU UTARA,0,0,0,0,26,3,0,23
28/04/2020,MALUKU UTARA,0,0,1,-1,26,4,0,22
29/04/2020,MALUKU UTARA,0,0,0,0,26,4,0,22
30/04/2020,MALUKU UTARA,14,0,0,14,40,4,0,36
01/05/2020,MALUKU UTARA,1,0,0,1,41,4,0,37
02/05/2020,MALUKU UTARA,0,0,0,0,41,4,0,37
03/05/2020,MALUKU UTARA,9,0,2,7,50,6,0,44
04/05/2020,MALUKU UTARA,0,0,0,0,50,6,0,44
05/05/2020,MALUKU UTARA,0,0,0,0,50,6,0,44
06/05/2020,MALUKU UTARA,0,0,0,0,50,6,0,44
07/05/2020,MALUKU UTARA,0,0,0,0,50,6,0,44
08/05/2020,MALUKU UTARA,0,0,3,-3,50,9,0,41
09/05/2020,MALUKU UTARA,4,0,0,4,54,9,0,45
10/05/2020,MALUKU UTARA,0,0,0,0,54,9,0,45
11/05/2020,MALUKU UTARA,0,0,0,0,54,9,0,45
12/05/2020,MALUKU UTARA,0,0,0,0,54,9,0,45
13/05/2020,MALUKU UTARA,23,3,0,20,77,9,3,65
14/05/2020,MALUKU UTARA,4,0,3,1,81,12,3,66
15/05/2020,MALUKU UTARA,4,1,1,2,85,13,4,68
16/05/2020,MALUKU UTARA,3,0,0,3,88,13,4,71
17/05/2020,MALUKU UTARA,4,0,0,4,92,13,4,75
18/05/2020,MALUKU UTARA,1,0,0,1,93,13,4,76
19/05/2020,MALUKU UTARA,2,0,0,2,95,13,4,78
20/05/2020,MALUKU UTARA,1,0,0,1,96,13,4,79
21/05/2020,MALUKU UTARA,1,0,0,1,97,13,4,80
22/05/2020,MALUKU UTARA,2,0,0,2,99,13,4,82
23/05/2020,MALUKU UTARA,0,0,0,0,99,13,4,82
24/05/2020,MALUKU UTARA,1,1,0,0,100,13,5,82
25/05/2020,MALUKU UTARA,7,0,0,7,107,13,5,89
26/05/2020,MALUKU UTARA,11,1,4,6,118,17,6,95
27/05/2020,MALUKU UTARA,1,0,4,-3,119,21,6,92
28/05/2020,MALUKU UTARA,9,1,0,8,128,21,7,100
29/05/2020,MALUKU UTARA,11,0,0,11,139,21,7,111
30/05/2020,MALUKU UTARA,7,0,6,1,146,27,7,112
31/05/2020,MALUKU UTARA,7,3,0,4,153,27,10,116
01/06/2020,MALUKU UTARA,7,3,2,2,160,29,13,118
02/06/2020,MALUKU UTARA,14,1,0,13,174,29,14,131
03/06/2020,MALUKU UTARA,2,1,1,0,176,30,15,131
04/06/2020,MALUKU UTARA,1,2,0,-1,177,30,17,130
05/06/2020,MALUKU UTARA,1,0,0,1,178,30,17,131
06/06/2020,MALUKU UTARA,7,0,3,4,185,33,17,135
07/06/2020,MALUKU UTARA,1,0,0,1,186,33,17,136
08/06/2020,MALUKU UTARA,0,0,0,0,186,33,17,136
09/06/2020,MALUKU UTARA,28,0,0,28,214,33,17,164
10/06/2020,MALUKU UTARA,13,0,4,9,227,37,17,173
11/06/2020,MALUKU UTARA,35,5,2,28,262,39,22,201
12/06/2020,MALUKU UTARA,22,0,1,21,284,40,22,222
13/06/2020,MALUKU UTARA,17,0,0,17,301,40,22,239
14/06/2020,MALUKU UTARA,8,0,8,0,309,48,22,239
15/06/2020,MALUKU UTARA,2,0,0,2,311,48,22,241
16/06/2020,MALUKU UTARA,3,0,0,3,314,48,22,244
17/06/2020,MALUKU UTARA,7,0,0,7,321,48,22,251
18/06/2020,MALUKU UTARA,21,0,1,20,342,49,22,271
19/06/2020,MALUKU UTARA,40,0,2,38,382,51,22,309
20/06/2020,MALUKU UTARA,17,0,5,12,399,56,22,321
21/06/2020,MALUKU UTARA,11,0,0,11,410,56,22,332
22/06/2020,MALUKU UTARA,20,2,14,4,430,70,24,336
23/06/2020,MALUKU UTARA,33,1,12,20,463,82,25,356
24/06/2020,MALUKU UTARA,96,0,6,90,559,88,25,446
25/06/2020,MALUKU UTARA,77,3,1,73,636,89,28,519
26/06/2020,MALUKU UTARA,34,2,8,24,670,97,30,543
27/06/2020,MALUKU UTARA,37,0,2,35,707,99,30,578
28/06/2020,MALUKU UTARA,11,0,4,7,718,103,30,585
29/06/2020,MALUKU UTARA,0,0,0,0,718,103,30,585
30/06/2020,MALUKU UTARA,9,0,2,7,727,105,30,592
01/07/2020,MALUKU UTARA,140,0,7,133,867,112,30,725
02/07/2020,MALUKU UTARA,68,0,5,63,935,117,30,788
03/07/2020,MALUKU UTARA,10,1,2,7,945,119,31,795
04/07/2020,MALUKU UTARA,3,0,4,-1,948,123,31,794
05/07/2020,MALUKU UTARA,0,0,0,0,948,123,31,794
06/07/2020,MALUKU UTARA,0,0,0,0,948,123,31,794
07/07/2020,MALUKU UTARA,14,0,1,13,962,124,31,807
08/07/2020,MALUKU UTARA,70,0,4,66,1032,128,31,873
09/07/2020,MALUKU UTARA,73,2,2,69,1105,130,33,942
10/07/2020,MALUKU UTARA,24,0,1,23,1129,131,33,965
11/07/2020,MALUKU UTARA,23,0,0,23,1152,131,33,988
12/07/2020,MALUKU UTARA,8,4,1,3,1160,132,37,991
13/07/2020,MALUKU UTARA,13,1,4,8,1173,136,38,999
14/07/2020,MALUKU UTARA,2,0,4,-2,1175,140,38,997
15/07/2020,MALUKU UTARA,39,0,3,36,1214,143,38,1033
16/07/2020,MALUKU UTARA,27,0,4,23,1241,147,38,1056
17/07/2020,MALUKU UTARA,11,0,5,6,1252,152,38,1062
18/07/2020,MALUKU UTARA,33,0,23,10,1285,175,38,1072
19/07/2020,MALUKU UTARA,8,0,10,-2,1293,185,38,1070
20/07/2020,MALUKU UTARA,3,0,5,-2,1296,190,38,1068
21/07/2020,MALUKU UTARA,42,0,6,36,1338,196,38,1104
22/07/2020,MALUKU UTARA,8,2,8,-2,1346,204,40,1102
23/07/2020,MALUKU UTARA,9,0,37,-28,1355,241,40,1074
24/07/2020,MALUKU UTARA,27,2,18,7,1382,259,42,1081
25/07/2020,MALUKU UTARA,37,3,5,29,1419,264,45,1110
26/07/2020,MALUKU UTARA,32,1,4,27,1451,268,46,1137
27/07/2020,MALUKU UTARA,14,1,21,-8,1465,289,47,1129
28/07/2020,MALUKU UTARA,38,0,22,16,1503,311,47,1145
29/07/2020,MALUKU UTARA,31,1,17,13,1534,328,48,1158
30/07/2020,MALUKU UTARA,6,2,0,4,1540,328,50,1162
31/07/2020,MALUKU UTARA,0,0,0,0,1540,328,50,1162
01/08/2020,MALUKU UTARA,13,0,2,11,1553,330,50,1173
02/08/2020,MALUKU UTARA,14,0,0,14,1567,330,50,1187
03/08/2020,MALUKU UTARA,5,0,17,-12,1572,347,50,1175
04/08/2020,MALUKU UTARA,6,0,216,-210,1578,563,50,965
05/08/2020,MALUKU UTARA,7,0,201,-194,1585,764,50,771
06/08/2020,MALUKU UTARA,7,0,88,-81,1592,852,50,690
07/08/2020,MALUKU UTARA,31,0,4,27,1623,856,50,717
08/08/2020,MALUKU UTARA,47,0,0,47,1670,856,50,764
09/08/2020,MALUKU UTARA,4,2,0,2,1674,856,52,766
10/08/2020,MALUKU UTARA,6,4,4,-2,1680,860,56,764
11/08/2020,MALUKU UTARA,11,0,13,-2,1691,873,56,762
12/08/2020,MALUKU UTARA,18,3,51,-36,1709,924,59,726
13/08/2020,MALUKU UTARA,8,0,36,-28,1717,960,59,698
14/08/2020,MALUKU UTARA,12,0,0,12,1729,960,59,710
15/08/2020,MALUKU UTARA,10,0,48,-38,1739,1008,59,672
16/08/2020,MALUKU UTARA,2,0,23,-21,1741,1031,59,651
17/08/2020,MALUKU UTARA,3,0,6,-3,1744,1037,59,648
18/08/2020,MALUKU UTARA,2,0,0,2,1746,1037,59,650
19/08/2020,MALUKU UTARA,10,0,458,-448,1756,1495,59,202
20/08/2020,MALUKU UTARA,5,0,1,4,1761,1496,59,206
21/08/2020,MALUKU UTARA,0,2,0,-2,1761,1496,61,204
22/08/2020,MALUKU UTARA,9,0,0,9,1770,1496,61,213
23/08/2020,MALUKU UTARA,4,0,0,4,1774,1496,61,217
24/08/2020,MALUKU UTARA,4,0,0,4,1778,1496,61,221
25/08/2020,MALUKU UTARA,1,0,14,-13,1779,1510,61,208
26/08/2020,MALUKU UTARA,30,0,0,30,1809,1510,61,238
27/08/2020,MALUKU UTARA,16,2,53,-39,1825,1563,63,199
28/08/2020,MALUKU UTARA,15,2,0,13,1840,1563,65,212
29/08/2020,MALUKU UTARA,0,0,18,-18,1840,1581,65,194
30/08/2020,MALUKU UTARA,18,1,0,17,1858,1581,66,211
31/08/2020,MALUKU UTARA,2,0,0,2,1860,1581,66,213
01/09/2020,MALUKU UTARA,6,0,0,6,1866,1581,66,219
02/09/2020,MALUKU UTARA,5,0,0,5,1871,1581,66,224
03/09/2020,MALUKU UTARA,7,0,0,7,1878,1581,66,231
04/09/2020,MALUKU UTARA,9,0,0,9,1887,1581,66,240
05/09/2020,MALUKU UTARA,0,0,0,0,1887,1581,66,240
06/09/2020,MALUKU UTARA,0,0,0,0,1887,1581,66,240
07/09/2020,MALUKU UTARA,9,1,0,8,1896,1581,67,248
08/09/2020,MALUKU UTARA,4,1,0,3,1900,1581,68,251
09/09/2020,MALUKU UTARA,10,2,0,8,1910,1581,70,259
10/09/2020,MALUKU UTARA,1,1,0,0,1911,1581,71,259
11/09/2020,MALUKU UTARA,7,0,5,2,1918,1586,71,261
12/09/2020,MALUKU UTARA,3,0,0,3,1921,1586,71,264
13/09/2020,MALUKU UTARA,14,0,8,6,1935,1594,71,270
14/09/2020,MALUKU UTARA,5,0,0,5,1940,1594,71,275
15/09/2020,MALUKU UTARA,16,1,1,14,1956,1595,72,289
16/09/2020,MALUKU UTARA,10,0,16,-6,1966,1611,72,283
17/09/2020,MALUKU UTARA,6,0,164,-158,1972,1775,72,125
18/09/2020,MALUKU UTARA,1,0,12,-11,1973,1787,72,114
19/09/2020,MALUKU UTARA,19,0,0,19,1992,1787,72,133
20/09/2020,MALUKU UTARA,0,0,0,0,1992,1787,72,133
21/09/2020,MALUKU UTARA,19,1,0,18,2011,1787,73,151
22/09/2020,MALUKU UTARA,3,0,0,3,2014,1787,73,154
23/09/2020,MALUKU UTARA,21,0,0,21,2035,1787,73,175
24/09/2020,MALUKU UTARA,4,0,12,-8,2039,1799,73,167
25/09/2020,MALUKU UTARA,6,0,0,6,2045,1799,73,173
26/09/2020,MALUKU UTARA,3,0,0,3,2048,1799,73,176
27/09/2020,MALUKU UTARA,0,0,0,0,2048,1799,73,176
28/09/2020,MALUKU UTARA,4,1,0,3,2052,1799,74,179
29/09/2020,MALUKU UTARA,7,0,3,4,2059,1802,74,183
30/09/2020,MALUKU UTARA,6,0,0,6,2065,1802,74,189
01/10/2020,MALUKU UTARA,2,0,0,2,2067,1802,74,191
02/10/2020,MALUKU UTARA,7,0,0,7,2074,1802,74,198
03/10/2020,MALUKU UTARA,1,0,9,-8,2075,1811,74,190
04/10/2020,MALUKU UTARA,0,0,0,0,2075,1811,74,190
05/10/2020,MALUKU UTARA,2,0,8,-6,2077,1819,74,184
06/10/2020,MALUKU UTARA,0,0,4,-4,2077,1823,74,180
07/10/2020,MALUKU UTARA,0,0,8,-8,2077,1831,74,172
08/10/2020,MALUKU UTARA,5,0,0,5,2082,1831,74,177
09/10/2020,MALUKU UTARA,0,0,33,-33,2082,1864,74,144
10/10/2020,MALUKU UTARA,7,0,0,7,2089,1864,74,151
11/10/2020,MALUKU UTARA,0,0,0,0,2089,1864,74,151
12/10/2020,MALUKU UTARA,16,0,4,12,2105,1868,74,163
13/10/2020,MALUKU UTARA,5,0,20,-15,2110,1888,74,148
14/10/2020,MALUKU UTARA,4,0,4,0,2114,1892,74,148
15/10/2020,MALUKU UTARA,1,0,0,1,2115,1892,74,149
16/10/2020,MALUKU UTARA,5,0,14,-9,2120,1906,74,140
17/10/2020,MALUKU UTARA,0,0,0,0,2120,1906,74,140
18/10/2020,MALUKU UTARA,0,0,0,0,2120,1906,74,140
19/10/2020,MALUKU UTARA,11,0,3,8,2131,1909,74,148
20/10/2020,MALUKU UTARA,11,0,19,-8,2142,1928,74,140
21/10/2020,MALUKU UTARA,10,0,0,10,2152,1928,74,150
22/10/2020,MALUKU UTARA,28,0,0,28,2180,1928,74,178
23/10/2020,MALUKU UTARA,7,0,0,7,2187,1928,74,185
24/10/2020,MALUKU UTARA,1,0,0,1,2188,1928,74,186
25/10/2020,MALUKU UTARA,0,0,0,0,2188,1928,74,186
26/10/2020,MALUKU UTARA,4,0,0,4,2192,1928,74,190
27/10/2020,MALUKU UTARA,1,0,0,1,2193,1928,74,191
28/10/2020,MALUKU UTARA,3,1,0,2,2196,1928,75,193
29/10/2020,MALUKU UTARA,0,0,0,0,2196,1928,75,193
30/10/2020,MALUKU UTARA,3,0,0,3,2199,1928,75,196
31/10/2020,MALUKU UTARA,0,0,0,0,2199,1928,75,196
01/11/2020,MALUKU UTARA,0,0,0,0,2199,1928,75,196
02/11/2020,MALUKU UTARA,33,0,18,15,2232,1946,75,211
03/11/2020,MALUKU UTARA,0,0,0,0,2232,1946,75,211
04/11/2020,MALUKU UTARA,2,0,0,2,2234,1946,75,213
05/11/2020,MALUKU UTARA,1,0,0,1,2235,1946,75,214
06/11/2020,MALUKU UTARA,3,0,0,3,2238,1946,75,217
07/11/2020,MALUKU UTARA,2,0,0,2,2240,1946,75,219
08/11/2020,MALUKU UTARA,0,0,0,0,2240,1946,75,219
09/11/2020,MALUKU UTARA,4,0,0,4,2244,1946,75,223
10/11/2020,MALUKU UTARA,3,0,0,3,2247,1946,75,226
11/11/2020,MALUKU UTARA,28,0,0,28,2275,1946,75,254
12/11/2020,MALUKU UTARA,0,0,0,0,2275,1946,75,254
13/11/2020,MALUKU UTARA,9,1,0,8,2284,1946,76,262
14/11/2020,MALUKU UTARA,6,0,0,6,2290,1946,76,268
15/11/2020,MALUKU UTARA,4,0,0,4,2294,1946,76,272
16/11/2020,MALUKU UTARA,3,0,0,3,2297,1946,76,275
17/11/2020,MALUKU UTARA,20,0,0,20,2317,1946,76,295
18/11/2020,MALUKU UTARA,5,1,0,4,2322,1946,77,299
19/11/2020,MALUKU UTARA,1,2,16,-17,2323,1962,79,282
20/11/2020,MALUKU UTARA,13,0,0,13,2336,1962,79,295
21/11/2020,MALUKU UTARA,8,0,4,4,2344,1966,79,299
22/11/2020,MALUKU UTARA,3,0,0,3,2347,1966,79,302
23/11/2020,MALUKU UTARA,2,1,0,1,2349,1966,80,303
24/11/2020,MALUKU UTARA,3,1,5,-3,2352,1971,81,300
25/11/2020,MALUKU UTARA,3,0,0,3,2355,1971,81,303
26/11/2020,MALUKU UTARA,1,0,0,1,2356,1971,81,304
27/11/2020,MALUKU UTARA,6,0,0,6,2362,1971,81,310
28/11/2020,MALUKU UTARA,7,0,0,7,2369,1971,81,317
29/11/2020,MALUKU UTARA,2,0,0,2,2371,1971,81,319
30/11/2020,MALUKU UTARA,2,0,0,2,2373,1971,81,321
01/12/2020,MALUKU UTARA,3,0,10,-7,2376,1981,81,314
02/12/2020,MALUKU UTARA,50,1,39,10,2426,2020,82,324
03/12/2020,MALUKU UTARA,25,1,0,24,2451,2020,83,348
04/12/2020,MALUKU UTARA,10,0,0,10,2461,2020,83,358
05/12/2020,MALUKU UTARA,6,0,0,6,2467,2020,83,364
06/12/2020,MALUKU UTARA,5,0,0,5,2472,2020,83,369
07/12/2020,MALUKU UTARA,6,0,6,0,2478,2026,83,369
08/12/2020,MALUKU UTARA,9,1,3,5,2487,2029,84,374
09/12/2020,MALUKU UTARA,0,0,0,0,2487,2029,84,374
10/12/2020,MALUKU UTARA,9,0,0,9,2496,2029,84,383
11/12/2020,MALUKU UTARA,5,0,0,5,2501,2029,84,388
12/12/2020,MALUKU UTARA,12,0,0,12,2513,2029,84,400
13/12/2020,MALUKU UTARA,8,0,0,8,2521,2029,84,408
14/12/2020,MALUKU UTARA,9,0,34,-25,2530,2063,84,383
15/12/2020,MALUKU UTARA,21,0,5,16,2551,2068,84,399
16/12/2020,MALUKU UTARA,12,0,0,12,2563,2068,84,411
17/12/2020,MALUKU UTARA,8,0,0,8,2571,2068,84,419
18/12/2020,MALUKU UTARA,7,0,0,7,2578,2068,84,426
19/12/2020,MALUKU UTARA,14,2,0,12,2592,2068,86,438
20/12/2020,MALUKU UTARA,62,0,0,62,2654,2068,86,500
21/12/2020,MALUKU UTARA,54,0,0,54,2708,2068,86,554
22/12/2020,MALUKU UTARA,5,1,1,3,2713,2069,87,557
23/12/2020,MALUKU UTARA,8,0,12,-4,2721,2081,87,553
24/12/2020,MALUKU UTARA,9,0,2,7,2730,2083,87,560
25/12/2020,MALUKU UTARA,4,0,0,4,2734,2083,87,564
26/12/2020,MALUKU UTARA,3,0,0,3,2737,2083,87,567
27/12/2020,MALUKU UTARA,3,0,22,-19,2740,2105,87,548
28/12/2020,MALUKU UTARA,8,0,3,5,2748,2108,87,553
29/12/2020,MALUKU UTARA,6,2,201,-197,2754,2309,89,356
30/12/2020,MALUKU UTARA,6,0,42,-36,2760,2351,89,320
31/12/2020,MALUKU UTARA,11,0,2,9,2771,2353,89,329
01/01/2021,MALUKU UTARA,2,1,0,1,2773,2353,90,330
02/01/2021,MALUKU UTARA,9,0,8,1,2782,2361,90,331
03/01/2021,MALUKU UTARA,5,0,0,5,2787,2361,90,336
04/01/2021,MALUKU UTARA,9,1,0,8,2796,2361,91,344
05/01/2021,MALUKU UTARA,22,0,2,20,2818,2363,91,364
06/01/2021,MALUKU UTARA,20,0,0,20,2838,2363,91,384
07/01/2021,MALUKU UTARA,25,0,19,6,2863,2382,91,390
08/01/2021,MALUKU UTARA,12,1,18,-7,2875,2400,92,383
09/01/2021,MALUKU UTARA,13,0,40,-27,2888,2440,92,356
10/01/2021,MALUKU UTARA,52,0,46,6,2940,2486,92,362
11/01/2021,MALUKU UTARA,9,0,13,-4,2949,2499,92,358
12/01/2021,MALUKU UTARA,23,2,22,-1,2972,2521,94,357
13/01/2021,MALUKU UTARA,54,0,28,26,3026,2549,94,383
14/01/2021,MALUKU UTARA,24,0,19,5,3050,2568,94,388
15/01/2021,MALUKU UTARA,25,0,12,13,3075,2580,94,401
16/01/2021,MALUKU UTARA,16,0,0,16,3091,2580,94,417
17/01/2021,MALUKU UTARA,24,0,0,24,3115,2580,94,441
18/01/2021,MALUKU UTARA,19,0,54,-35,3134,2634,94,406
19/01/2021,MALUKU UTARA,15,1,0,14,3149,2634,95,420
20/01/2021,MALUKU UTARA,85,0,4,81,3234,2638,95,501
21/01/2021,MALUKU UTARA,7,0,0,7,3241,2638,95,508
22/01/2021,MALUKU UTARA,36,2,5,29,3277,2643,97,537
23/01/2021,MALUKU UTARA,24,0,21,3,3301,2664,97,540
24/01/2021,MALUKU UTARA,3,2,3,-2,3304,2667,99,538
25/01/2021,MALUKU UTARA,27,1,26,0,3331,2693,100,538
26/01/2021,MALUKU UTARA,31,0,10,21,3362,2703,100,559
27/01/2021,MALUKU UTARA,30,0,0,30,3392,2703,100,589
28/01/2021,MALUKU UTARA,12,0,3,9,3404,2706,100,598
29/01/2021,MALUKU UTARA,22,0,76,-54,3426,2782,100,544
30/01/2021,MALUKU UTARA,16,0,0,16,3442,2782,100,560
31/01/2021,MALUKU UTARA,10,0,0,10,3452,2782,100,570
01/02/2021,MALUKU UTARA,31,1,2,28,3483,2784,101,598
02/02/2021,MALUKU UTARA,45,2,63,-20,3528,2847,103,578
03/02/2021,MALUKU UTARA,12,1,0,11,3540,2847,104,589
04/02/2021,MALUKU UTARA,30,1,21,8,3570,2868,105,597
05/02/2021,MALUKU UTARA,33,1,7,25,3603,2875,106,622
06/02/2021,MALUKU UTARA,0,0,0,0,3603,2875,106,622
07/02/2021,MALUKU UTARA,10,0,22,-12,3613,2897,106,610
08/02/2021,MALUKU UTARA,21,1,39,-19,3634,2936,107,591
09/02/2021,MALUKU UTARA,39,1,69,-31,3673,3005,108,560
10/02/2021,MALUKU UTARA,40,1,13,26,3713,3018,109,586
11/02/2021,MALUKU UTARA,49,1,16,32,3762,3034,110,618
12/02/2021,MALUKU UTARA,58,0,9,49,3820,3043,110,667
13/02/2021,MALUKU UTARA,27,0,5,22,3847,3048,110,689
14/02/2021,MALUKU UTARA,22,0,10,12,3869,3058,110,701
15/02/2021,MALUKU UTARA,9,0,53,-44,3878,3111,110,657
16/02/2021,MALUKU UTARA,8,0,0,8,3886,3111,110,665
17/02/2021,MALUKU UTARA,22,0,0,22,3908,3111,110,687
18/02/2021,MALUKU UTARA,4,1,29,-26,3912,3140,111,661
19/02/2021,MALUKU UTARA,1,0,62,-61,3913,3202,111,600
20/02/2021,MALUKU UTARA,19,0,20,-1,3932,3222,111,599
21/02/2021,MALUKU UTARA,1,0,4,-3,3933,3226,111,596
22/02/2021,MALUKU UTARA,15,0,49,-34,3948,3275,111,562
23/02/2021,MALUKU UTARA,10,1,55,-46,3958,3330,112,516
24/02/2021,MALUKU UTARA,12,0,0,12,3970,3330,112,528
25/02/2021,MALUKU UTARA,5,0,0,5,3975,3330,112,533
26/02/2021,MALUKU UTARA,6,0,49,-43,3981,3379,112,490
27/02/2021,MALUKU UTARA,1,1,0,0,3982,3379,113,490
28/02/2021,MALUKU UTARA,0,0,0,0,3982,3379,113,490
01/03/2021,MALUKU UTARA,5,0,12,-7,3987,3391,113,483
02/03/2021,MALUKU UTARA,0,0,12,-12,3987,3403,113,471
03/03/2021,MALUKU UTARA,43,0,11,32,4030,3414,113,503
04/03/2021,MALUKU UTARA,6,0,9,-3,4036,3423,113,500
05/03/2021,MALUKU UTARA,4,0,13,-9,4040,3436,113,491
06/03/2021,MALUKU UTARA,12,0,19,-7,4052,3455,113,484
07/03/2021,MALUKU UTARA,10,0,0,10,4062,3455,113,494
08/03/2021,MALUKU UTARA,17,1,0,16,4079,3455,114,510
09/03/2021,MALUKU UTARA,33,0,12,21,4112,3467,114,531
10/03/2021,MALUKU UTARA,35,0,21,14,4147,3488,114,545
11/03/2021,MALUKU UTARA,0,1,3,-4,4147,3491,115,541
12/03/2021,MALUKU UTARA,1,0,0,1,4148,3491,115,542
13/03/2021,MALUKU UTARA,12,0,0,12,4160,3491,115,554
14/03/2021,MALUKU UTARA,13,0,9,4,4173,3500,115,558
15/03/2021,MALUKU UTARA,20,2,18,0,4193,3518,117,558
16/03/2021,MALUKU UTARA,27,1,13,13,4220,3531,118,571
17/03/2021,MALUKU UTARA,9,0,4,5,4229,3535,118,576
18/03/2021,MALUKU UTARA,9,0,8,1,4238,3543,118,577
19/03/2021,MALUKU UTARA,19,1,1,17,4257,3544,119,594
20/03/2021,MALUKU UTARA,10,0,6,4,4267,3550,119,598
21/03/2021,MALUKU UTARA,0,0,6,-6,4267,3556,119,592
22/03/2021,MALUKU UTARA,7,0,25,-18,4274,3581,119,574
23/03/2021,MALUKU UTARA,3,0,2,1,4277,3583,119,575
24/03/2021,MALUKU UTARA,7,0,11,-4,4284,3594,119,571
25/03/2021,MALUKU UTARA,0,1,27,-28,4284,3621,120,543
26/03/2021,MALUKU UTARA,9,0,1,8,4293,3622,120,551
27/03/2021,MALUKU UTARA,7,0,5,2,4300,3627,120,553
28/03/2021,MALUKU UTARA,4,0,0,4,4304,3627,120,557
29/03/2021,MALUKU UTARA,6,0,34,-28,4310,3661,120,529
30/03/2021,MALUKU UTARA,12,0,0,12,4322,3661,120,541
31/03/2021,MALUKU UTARA,6,0,5,1,4328,3666,120,542
01/04/2021,MALUKU UTARA,3,0,0,3,4331,3666,120,545
02/04/2021,MALUKU UTARA,0,0,0,0,4331,3666,120,545
03/04/2021,MALUKU UTARA,0,0,0,0,4331,3666,120,545
04/04/2021,MALUKU UTARA,0,0,0,0,4331,3666,120,545
05/04/2021,MALUKU UTARA,1,0,15,-14,4332,3681,120,531
06/04/2021,MALUKU UTARA,8,0,0,8,4340,3681,120,539
07/04/2021,MALUKU UTARA,11,0,4,7,4351,3685,120,546
08/04/2021,MALUKU UTARA,2,0,26,-24,4353,3711,120,522
09/04/2021,MALUKU UTARA,0,0,6,-6,4353,3717,120,516
10/04/2021,MALUKU UTARA,4,0,4,0,4357,3721,120,516
11/04/2021,MALUKU UTARA,0,0,94,-94,4357,3815,120,422
12/04/2021,MALUKU UTARA,0,0,20,-20,4357,3835,120,402
13/04/2021,MALUKU UTARA,3,0,10,-7,4360,3845,120,395
14/04/2021,MALUKU UTARA,6,0,17,-11,4366,3862,120,384
15/04/2021,MALUKU UTARA,3,0,48,-45,4369,3910,120,339
16/04/2021,MALUKU UTARA,2,0,0,2,4371,3910,120,341
17/04/2021,MALUKU UTARA,6,0,45,-39,4377,3955,120,302
18/04/2021,MALUKU UTARA,4,0,0,4,4381,3955,120,306
19/04/2021,MALUKU UTARA,1,0,45,-44,4382,4000,120,262
20/04/2021,MALUKU UTARA,5,0,14,-9,4387,4014,120,253
21/04/2021,MALUKU UTARA,11,0,59,-48,4398,4073,120,205
22/04/2021,MALUKU UTARA,1,0,13,-12,4399,4086,120,193
23/04/2021,MALUKU UTARA,3,0,6,-3,4402,4092,120,190
24/04/2021,MALUKU UTARA,6,0,1,5,4408,4093,120,195
25/04/2021,MALUKU UTARA,5,0,0,5,4413,4093,120,200
26/04/2021,MALUKU UTARA,0,0,20,-20,4413,4113,120,180
27/04/2021,MALUKU UTARA,1,0,4,-3,4414,4117,120,177
28/04/2021,MALUKU UTARA,1,0,26,-25,4415,4143,120,152
29/04/2021,MALUKU UTARA,0,0,0,0,4415,4143,120,152
30/04/2021,MALUKU UTARA,2,0,4,-2,4417,4147,120,150
01/05/2021,MALUKU UTARA,0,0,0,0,4417,4147,120,150
02/05/2021,MALUKU UTARA,0,0,0,0,4417,4147,120,150
03/05/2021,MALUKU UTARA,3,0,33,-30,4420,4180,120,120
04/05/2021,MALUKU UTARA,1,0,6,-5,4421,4186,120,115
05/05/2021,MALUKU UTARA,7,0,21,-14,4428,4207,120,101
06/05/2021,MALUKU UTARA,2,0,12,-10,4430,4219,120,91
07/05/2021,MALUKU UTARA,3,0,0,3,4433,4219,120,94
08/05/2021,MALUKU UTARA,0,0,0,0,4433,4219,120,94
09/05/2021,MALUKU UTARA,1,0,0,1,4434,4219,120,95
10/05/2021,MALUKU UTARA,0,0,2,-2,4434,4221,120,93
11/05/2021,MALUKU UTARA,2,0,0,2,4436,4221,120,95
12/05/2021,MALUKU UTARA,0,0,0,0,4436,4221,120,95
13/05/2021,MALUKU UTARA,5,0,0,5,4441,4221,120,100
14/05/2021,MALUKU UTARA,0,0,0,0,4441,4221,120,100
15/05/2021,MALUKU UTARA,7,0,0,7,4448,4221,120,107
16/05/2021,MALUKU UTARA,1,0,3,-2,4449,4224,120,105
17/05/2021,MALUKU UTARA,0,0,8,-8,4449,4232,120,97
18/05/2021,MALUKU UTARA,4,0,0,4,4453,4232,120,101
19/05/2021,MALUKU UTARA,2,0,0,2,4455,4232,120,103
20/05/2021,MALUKU UTARA,8,0,0,8,4463,4232,120,111
21/05/2021,MALUKU UTARA,2,0,0,2,4465,4232,120,113
22/05/2021,MALUKU UTARA,7,0,0,7,4472,4232,120,120
23/05/2021,MALUKU UTARA,9,0,0,9,4481,4232,120,129
24/05/2021,MALUKU UTARA,4,0,20,-16,4485,4252,120,113
25/05/2021,MALUKU UTARA,4,0,0,4,4489,4252,120,117
26/05/2021,MALUKU UTARA,2,0,0,2,4491,4252,120,119
27/05/2021,MALUKU UTARA,0,0,0,0,4491,4252,120,119
28/05/2021,MALUKU UTARA,3,0,0,3,4494,4252,120,122
29/05/2021,MALUKU UTARA,2,1,0,1,4496,4252,121,123
30/05/2021,MALUKU UTARA,16,0,19,-3,4512,4271,121,120
31/05/2021,MALUKU UTARA,6,0,1,5,4518,4272,121,125
01/06/2021,MALUKU UTARA,1,0,0,1,4519,4272,121,126
02/06/2021,MALUKU UTARA,3,0,15,-12,4522,4287,121,114
03/06/2021,MALUKU UTARA,4,0,5,-1,4526,4292,121,113
04/06/2021,MALUKU UTARA,4,0,0,4,4530,4292,121,117
05/06/2021,MALUKU UTARA,8,0,0,8,4538,4292,121,125
06/06/2021,MALUKU UTARA,10,0,0,10,4548,4292,121,135
07/06/2021,MALUKU UTARA,7,0,4,3,4555,4296,121,138
08/06/2021,MALUKU UTARA,13,0,20,-7,4568,4316,121,131
09/06/2021,MALUKU UTARA,8,0,9,-1,4576,4325,121,130
10/06/2021,MALUKU UTARA,8,0,0,8,4584,4325,121,138
11/06/2021,MALUKU UTARA,6,0,0,6,4590,4325,121,144
12/06/2021,MALUKU UTARA,10,0,22,-12,4600,4347,121,132
13/06/2021,MALUKU UTARA,13,0,0,13,4613,4347,121,145
22/03/2020,MALUKU,1,0,0,1,1,0,0,1
23/03/2020,MALUKU,0,0,0,0,1,0,0,1
24/03/2020,MALUKU,0,0,0,0,1,0,0,1
25/03/2020,MALUKU,0,0,0,0,1,0,0,1
26/03/2020,MALUKU,0,0,0,0,1,0,0,1
27/03/2020,MALUKU,0,0,0,0,1,0,0,1
28/03/2020,MALUKU,0,0,0,0,1,0,0,1
29/03/2020,MALUKU,0,0,0,0,1,0,0,1
30/03/2020,MALUKU,0,0,0,0,1,0,0,1
31/03/2020,MALUKU,0,0,0,0,1,0,0,1
01/04/2020,MALUKU,0,0,1,-1,1,1,0,0
02/04/2020,MALUKU,0,0,0,0,1,1,0,0
03/04/2020,MALUKU,0,0,0,0,1,1,0,0
04/04/2020,MALUKU,0,0,0,0,1,1,0,0
05/04/2020,MALUKU,0,0,0,0,1,1,0,0
06/04/2020,MALUKU,0,0,0,0,1,1,0,0
07/04/2020,MALUKU,0,0,0,0,1,1,0,0
08/04/2020,MALUKU,2,0,0,2,3,1,0,2
09/04/2020,MALUKU,0,0,0,0,3,1,0,2
10/04/2020,MALUKU,0,0,0,0,3,1,0,2
11/04/2020,MALUKU,0,0,0,0,3,1,0,2
12/04/2020,MALUKU,8,0,0,8,11,1,0,10
13/04/2020,MALUKU,0,0,0,0,11,1,0,10
14/04/2020,MALUKU,0,0,0,0,11,1,0,10
15/04/2020,MALUKU,3,0,0,3,14,1,0,13
16/04/2020,MALUKU,0,0,0,0,14,1,0,13
17/04/2020,MALUKU,0,0,0,0,14,1,0,13
18/04/2020,MALUKU,3,0,5,-2,17,6,0,11
19/04/2020,MALUKU,0,0,0,0,17,6,0,11
20/04/2020,MALUKU,0,0,4,-4,17,10,0,7
21/04/2020,MALUKU,0,0,0,0,17,10,0,7
22/04/2020,MALUKU,0,0,0,0,17,10,0,7
23/04/2020,MALUKU,0,0,0,0,17,10,0,7
24/04/2020,MALUKU,0,0,1,-1,17,11,0,6
25/04/2020,MALUKU,3,0,0,3,20,11,0,9
26/04/2020,MALUKU,0,0,0,0,20,11,0,9
27/04/2020,MALUKU,0,0,0,0,20,11,0,9
28/04/2020,MALUKU,2,0,1,1,22,12,0,10
29/04/2020,MALUKU,1,0,0,1,23,12,0,11
30/04/2020,MALUKU,0,0,0,0,23,12,0,11
01/05/2020,MALUKU,0,0,0,0,23,12,0,11
02/05/2020,MALUKU,0,0,0,0,23,12,0,11
03/05/2020,MALUKU,0,0,0,0,23,12,0,11
04/05/2020,MALUKU,0,0,0,0,23,12,0,11
05/05/2020,MALUKU,0,0,0,0,23,12,0,11
06/05/2020,MALUKU,0,2,0,-2,23,12,2,9
07/05/2020,MALUKU,0,0,0,0,23,12,2,9
08/05/2020,MALUKU,9,0,0,9,32,12,2,18
09/05/2020,MALUKU,0,0,0,0,32,12,2,18
10/05/2020,MALUKU,0,0,1,-1,32,13,2,17
11/05/2020,MALUKU,0,2,4,-6,32,17,4,11
12/05/2020,MALUKU,18,0,0,18,50,17,4,29
13/05/2020,MALUKU,0,0,0,0,50,17,4,29
14/05/2020,MALUKU,12,0,0,12,62,17,4,41
15/05/2020,MALUKU,0,0,0,0,62,17,4,41
16/05/2020,MALUKU,0,0,0,0,62,17,4,41
17/05/2020,MALUKU,22,2,4,16,84,21,6,57
18/05/2020,MALUKU,23,0,0,23,107,21,6,80
19/05/2020,MALUKU,0,0,0,0,107,21,6,80
20/05/2020,MALUKU,17,1,0,16,124,21,7,96
21/05/2020,MALUKU,11,0,1,10,135,22,7,106
22/05/2020,MALUKU,22,0,0,22,157,22,7,128
23/05/2020,MALUKU,0,0,0,0,157,22,7,128
24/05/2020,MALUKU,2,0,5,-3,159,27,7,125
25/05/2020,MALUKU,1,0,0,1,160,27,7,126
26/05/2020,MALUKU,0,0,0,0,160,27,7,126
27/05/2020,MALUKU,10,1,7,2,170,34,8,128
28/05/2020,MALUKU,18,0,1,17,188,35,8,145
29/05/2020,MALUKU,27,0,0,27,215,35,8,172
30/05/2020,MALUKU,0,0,1,-1,215,36,8,171
31/05/2020,MALUKU,8,0,0,8,223,36,8,179
01/06/2020,MALUKU,0,0,0,0,223,36,8,179
02/06/2020,MALUKU,0,0,19,-19,223,55,8,160
03/06/2020,MALUKU,15,0,0,15,238,55,8,175
04/06/2020,MALUKU,0,0,7,-7,238,62,8,168
05/06/2020,MALUKU,16,0,2,14,254,64,8,182
06/06/2020,MALUKU,7,0,3,4,261,67,8,186
07/06/2020,MALUKU,8,0,0,8,269,67,8,194
08/06/2020,MALUKU,38,0,13,25,307,80,8,219
09/06/2020,MALUKU,8,0,9,-1,315,89,8,218
10/06/2020,MALUKU,13,0,0,13,328,89,8,231
11/06/2020,MALUKU,0,0,0,0,328,89,8,231
12/06/2020,MALUKU,58,2,15,41,386,104,10,272
13/06/2020,MALUKU,13,0,1,12,399,105,10,284
14/06/2020,MALUKU,21,0,4,17,420,109,10,301
15/06/2020,MALUKU,32,1,0,31,452,109,11,332
16/06/2020,MALUKU,44,2,2,40,496,111,13,372
17/06/2020,MALUKU,24,0,2,22,520,113,13,394
18/06/2020,MALUKU,14,0,0,14,534,113,13,408
19/06/2020,MALUKU,10,0,23,-13,544,136,13,395
20/06/2020,MALUKU,37,0,25,12,581,161,13,407
21/06/2020,MALUKU,17,0,0,17,598,161,13,424
22/06/2020,MALUKU,35,0,3,32,633,164,13,456
23/06/2020,MALUKU,1,0,4,-3,634,168,13,453
24/06/2020,MALUKU,37,1,4,32,671,172,14,485
25/06/2020,MALUKU,13,0,18,-5,684,190,14,480
26/06/2020,MALUKU,7,1,6,0,691,196,15,480
27/06/2020,MALUKU,14,0,22,-8,705,218,15,472
28/06/2020,MALUKU,6,0,12,-6,711,230,15,466
29/06/2020,MALUKU,15,0,27,-12,726,257,15,454
30/06/2020,MALUKU,16,1,7,8,742,264,16,462
01/07/2020,MALUKU,7,0,18,-11,749,282,16,451
02/07/2020,MALUKU,13,1,25,-13,762,307,17,438
03/07/2020,MALUKU,7,0,9,-2,769,316,17,436
04/07/2020,MALUKU,6,0,59,-53,775,375,17,383
05/07/2020,MALUKU,19,0,2,17,794,377,17,400
06/07/2020,MALUKU,10,0,4,6,804,381,17,406
07/07/2020,MALUKU,26,0,33,-7,830,414,17,399
08/07/2020,MALUKU,7,0,52,-45,837,466,17,354
09/07/2020,MALUKU,8,0,21,-13,845,487,17,341
10/07/2020,MALUKU,13,0,22,-9,858,509,17,332
11/07/2020,MALUKU,6,0,30,-24,864,539,17,308
12/07/2020,MALUKU,10,0,25,-15,874,564,17,293
13/07/2020,MALUKU,26,0,4,22,900,568,17,315
14/07/2020,MALUKU,0,0,0,0,900,568,17,315
15/07/2020,MALUKU,20,0,11,9,920,579,17,324
16/07/2020,MALUKU,6,0,19,-13,926,598,17,311
17/07/2020,MALUKU,2,0,1,1,928,599,17,312
18/07/2020,MALUKU,1,1,0,0,929,599,18,312
19/07/2020,MALUKU,31,2,4,25,960,603,20,337
20/07/2020,MALUKU,19,0,10,9,979,613,20,346
21/07/2020,MALUKU,19,0,9,10,998,622,20,356
22/07/2020,MALUKU,0,0,0,0,998,622,20,356
23/07/2020,MALUKU,12,0,7,5,1010,629,20,361
24/07/2020,MALUKU,0,0,3,-3,1010,632,20,358
25/07/2020,MALUKU,6,0,0,6,1016,632,20,364
26/07/2020,MALUKU,29,1,2,26,1045,634,21,390
27/07/2020,MALUKU,0,0,7,-7,1045,641,21,383
28/07/2020,MALUKU,23,1,40,-18,1068,681,22,365
29/07/2020,MALUKU,1,0,16,-15,1069,697,22,350
30/07/2020,MALUKU,24,1,2,21,1093,699,23,371
31/07/2020,MALUKU,0,0,0,0,1093,699,23,371
01/08/2020,MALUKU,31,0,44,-13,1124,743,23,358
02/08/2020,MALUKU,11,0,5,6,1135,748,23,364
03/08/2020,MALUKU,0,0,2,-2,1135,750,23,362
04/08/2020,MALUKU,11,0,6,5,1146,756,23,367
05/08/2020,MALUKU,29,0,12,17,1175,768,23,384
06/08/2020,MALUKU,46,2,11,33,1221,779,25,417
07/08/2020,MALUKU,71,0,7,64,1292,786,25,481
08/08/2020,MALUKU,6,0,4,2,1298,790,25,483
09/08/2020,MALUKU,32,0,1,31,1330,791,25,514
10/08/2020,MALUKU,15,0,12,3,1345,803,25,517
11/08/2020,MALUKU,2,0,53,-51,1347,856,25,466
12/08/2020,MALUKU,20,0,29,-9,1367,885,25,457
13/08/2020,MALUKU,39,0,24,15,1406,909,25,472
14/08/2020,MALUKU,10,0,1,9,1416,910,25,481
15/08/2020,MALUKU,32,3,27,2,1448,937,28,483
16/08/2020,MALUKU,47,0,9,38,1495,946,28,521
17/08/2020,MALUKU,26,1,0,25,1521,946,29,546
18/08/2020,MALUKU,9,1,28,-20,1530,974,30,526
19/08/2020,MALUKU,23,0,22,1,1553,996,30,527
20/08/2020,MALUKU,58,1,0,57,1611,996,31,584
21/08/2020,MALUKU,0,0,0,0,1611,996,31,584
22/08/2020,MALUKU,4,0,2,2,1615,998,31,586
23/08/2020,MALUKU,54,0,0,54,1669,998,31,640
24/08/2020,MALUKU,8,0,10,-2,1677,1008,31,638
25/08/2020,MALUKU,65,1,45,19,1742,1053,32,657
26/08/2020,MALUKU,6,1,31,-26,1748,1084,33,631
27/08/2020,MALUKU,33,0,16,17,1781,1100,33,648
28/08/2020,MALUKU,4,0,1,3,1785,1101,33,651
29/08/2020,MALUKU,27,0,2,25,1812,1103,33,676
30/08/2020,MALUKU,20,0,0,20,1832,1103,33,696
31/08/2020,MALUKU,25,0,56,-31,1857,1159,33,665
01/09/2020,MALUKU,43,0,38,5,1900,1197,33,670
02/09/2020,MALUKU,10,1,10,-1,1910,1207,34,669
03/09/2020,MALUKU,51,0,17,34,1961,1224,34,703
04/09/2020,MALUKU,43,0,25,18,2004,1249,34,721
05/09/2020,MALUKU,60,1,18,41,2064,1267,35,762
06/09/2020,MALUKU,80,1,22,57,2144,1289,36,819
07/09/2020,MALUKU,20,0,29,-9,2164,1318,36,810
08/09/2020,MALUKU,42,0,47,-5,2206,1365,36,805
09/09/2020,MALUKU,21,0,11,10,2227,1376,36,815
10/09/2020,MALUKU,21,0,0,21,2248,1376,36,836
11/09/2020,MALUKU,117,0,38,79,2365,1414,36,915
12/09/2020,MALUKU,12,2,7,3,2377,1421,38,918
13/09/2020,MALUKU,57,0,0,57,2434,1421,38,975
14/09/2020,MALUKU,31,0,93,-62,2465,1514,38,913
15/09/2020,MALUKU,16,0,13,3,2481,1527,38,916
16/09/2020,MALUKU,19,0,0,19,2500,1527,38,935
17/09/2020,MALUKU,3,0,0,3,2503,1527,38,938
18/09/2020,MALUKU,7,0,59,-52,2510,1586,38,886
19/09/2020,MALUKU,41,0,45,-4,2551,1631,38,882
20/09/2020,MALUKU,15,0,0,15,2566,1631,38,897
21/09/2020,MALUKU,49,1,2,46,2615,1633,39,943
22/09/2020,MALUKU,37,1,31,5,2652,1664,40,948
23/09/2020,MALUKU,2,0,24,-22,2654,1688,40,926
24/09/2020,MALUKU,0,0,0,0,2654,1688,40,926
25/09/2020,MALUKU,0,0,0,0,2654,1688,40,926
26/09/2020,MALUKU,73,1,8,64,2727,1696,41,990
27/09/2020,MALUKU,0,0,39,-39,2727,1735,41,951
28/09/2020,MALUKU,0,0,0,0,2727,1735,41,951
29/09/2020,MALUKU,88,0,66,22,2815,1801,41,973
30/09/2020,MALUKU,0,0,0,0,2815,1801,41,973
01/10/2020,MALUKU,44,0,59,-15,2859,1860,41,958
02/10/2020,MALUKU,117,0,0,117,2976,1860,41,1075
03/10/2020,MALUKU,0,0,27,-27,2976,1887,41,1048
04/10/2020,MALUKU,64,0,32,32,3040,1919,41,1080
05/10/2020,MALUKU,22,0,0,22,3062,1919,41,1102
06/10/2020,MALUKU,68,0,16,52,3130,1935,41,1154
07/10/2020,MALUKU,48,0,48,0,3178,1983,41,1154
08/10/2020,MALUKU,94,0,32,62,3272,2015,41,1216
09/10/2020,MALUKU,0,0,0,0,3272,2015,41,1216
10/10/2020,MALUKU,122,1,25,96,3394,2040,42,1312
11/10/2020,MALUKU,41,0,0,41,3435,2040,42,1353
12/10/2020,MALUKU,13,0,120,-107,3448,2160,42,1246
13/10/2020,MALUKU,6,0,109,-103,3454,2269,42,1143
14/10/2020,MALUKU,2,0,22,-20,3456,2291,42,1123
15/10/2020,MALUKU,15,0,180,-165,3471,2471,42,958
16/10/2020,MALUKU,8,0,72,-64,3479,2543,42,894
17/10/2020,MALUKU,42,0,109,-67,3521,2652,42,827
18/10/2020,MALUKU,40,0,64,-24,3561,2716,42,803
19/10/2020,MALUKU,36,1,29,6,3597,2745,43,809
20/10/2020,MALUKU,20,0,63,-43,3617,2808,43,766
21/10/2020,MALUKU,7,1,29,-23,3624,2837,44,743
22/10/2020,MALUKU,0,0,0,0,3624,2837,44,743
23/10/2020,MALUKU,26,0,49,-23,3650,2886,44,720
24/10/2020,MALUKU,68,1,42,25,3718,2928,45,745
25/10/2020,MALUKU,21,0,98,-77,3739,3026,45,668
26/10/2020,MALUKU,0,0,59,-59,3739,3085,45,609
27/10/2020,MALUKU,33,2,37,-6,3772,3122,47,603
28/10/2020,MALUKU,13,0,39,-26,3785,3161,47,577
29/10/2020,MALUKU,5,0,28,-23,3790,3189,47,554
30/10/2020,MALUKU,0,0,0,0,3790,3189,47,554
31/10/2020,MALUKU,62,0,46,16,3852,3235,47,570
01/11/2020,MALUKU,11,0,0,11,3863,3235,47,581
02/11/2020,MALUKU,0,0,35,-35,3863,3270,47,546
03/11/2020,MALUKU,14,0,1,13,3877,3271,47,559
04/11/2020,MALUKU,0,0,0,0,3877,3271,47,559
05/11/2020,MALUKU,7,0,19,-12,3884,3290,47,547
06/11/2020,MALUKU,30,1,31,-2,3914,3321,48,545
07/11/2020,MALUKU,10,1,77,-68,3924,3398,49,477
08/11/2020,MALUKU,40,0,13,27,3964,3411,49,504
09/11/2020,MALUKU,11,1,14,-4,3975,3425,50,500
10/11/2020,MALUKU,29,0,18,11,4004,3443,50,511
11/11/2020,MALUKU,25,0,14,11,4029,3457,50,522
12/11/2020,MALUKU,44,0,26,18,4073,3483,50,540
13/11/2020,MALUKU,17,3,51,-37,4090,3534,53,503
14/11/2020,MALUKU,25,0,8,17,4115,3542,53,520
15/11/2020,MALUKU,14,0,3,11,4129,3545,53,531
16/11/2020,MALUKU,0,0,4,-4,4129,3549,53,527
17/11/2020,MALUKU,19,0,36,-17,4148,3585,53,510
18/11/2020,MALUKU,4,0,3,1,4152,3588,53,511
19/11/2020,MALUKU,50,4,13,33,4202,3601,57,544
20/11/2020,MALUKU,10,0,20,-10,4212,3621,57,534
21/11/2020,MALUKU,33,3,43,-13,4245,3664,60,521
22/11/2020,MALUKU,10,0,0,10,4255,3664,60,531
23/11/2020,MALUKU,16,0,31,-15,4271,3695,60,516
24/11/2020,MALUKU,0,0,0,0,4271,3695,60,516
25/11/2020,MALUKU,53,0,52,1,4324,3747,60,517
26/11/2020,MALUKU,104,0,7,97,4428,3754,60,614
27/11/2020,MALUKU,0,0,2,-2,4428,3756,60,612
28/11/2020,MALUKU,41,1,15,25,4469,3771,61,637
29/11/2020,MALUKU,108,0,16,92,4577,3787,61,729
30/11/2020,MALUKU,43,0,6,37,4620,3793,61,766
01/12/2020,MALUKU,0,0,5,-5,4620,3798,61,761
02/12/2020,MALUKU,0,0,12,-12,4620,3810,61,749
03/12/2020,MALUKU,1,0,0,1,4621,3810,61,750
04/12/2020,MALUKU,5,0,8,-3,4626,3818,61,747
05/12/2020,MALUKU,0,0,5,-5,4626,3823,61,742
06/12/2020,MALUKU,47,3,0,44,4673,3823,64,786
07/12/2020,MALUKU,46,0,0,46,4719,3823,64,832
08/12/2020,MALUKU,0,0,25,-25,4719,3848,64,807
09/12/2020,MALUKU,39,2,0,37,4758,3848,66,844
10/12/2020,MALUKU,11,0,4,7,4769,3852,66,851
11/12/2020,MALUKU,40,0,9,31,4809,3861,66,882
12/12/2020,MALUKU,71,1,7,63,4880,3868,67,945
13/12/2020,MALUKU,32,0,8,24,4912,3876,67,969
14/12/2020,MALUKU,0,0,9,-9,4912,3885,67,960
15/12/2020,MALUKU,137,1,29,107,5049,3914,68,1067
16/12/2020,MALUKU,100,0,0,100,5149,3914,68,1167
17/12/2020,MALUKU,190,0,24,166,5339,3938,68,1333
18/12/2020,MALUKU,0,0,0,0,5339,3938,68,1333
19/12/2020,MALUKU,45,1,63,-19,5384,4001,69,1314
20/12/2020,MALUKU,64,0,13,51,5448,4014,69,1365
21/12/2020,MALUKU,21,0,14,7,5469,4028,69,1372
22/12/2020,MALUKU,10,0,189,-179,5479,4217,69,1193
23/12/2020,MALUKU,16,0,18,-2,5495,4235,69,1191
24/12/2020,MALUKU,42,1,20,21,5537,4255,70,1212
25/12/2020,MALUKU,36,0,22,14,5573,4277,70,1226
26/12/2020,MALUKU,34,0,19,15,5607,4296,70,1241
27/12/2020,MALUKU,33,0,4,29,5640,4300,70,1270
28/12/2020,MALUKU,43,1,33,9,5683,4333,71,1279
29/12/2020,MALUKU,10,0,30,-20,5693,4363,71,1259
30/12/2020,MALUKU,0,0,24,-24,5693,4387,71,1235
31/12/2020,MALUKU,29,0,170,-141,5722,4557,71,1094
01/01/2021,MALUKU,32,1,14,17,5754,4571,72,1111
02/01/2021,MALUKU,18,0,34,-16,5772,4605,72,1095
03/01/2021,MALUKU,9,0,23,-14,5781,4628,72,1081
04/01/2021,MALUKU,6,3,20,-17,5787,4648,75,1064
05/01/2021,MALUKU,35,0,144,-109,5822,4792,75,955
06/01/2021,MALUKU,3,0,14,-11,5825,4806,75,944
07/01/2021,MALUKU,1,0,19,-18,5826,4825,75,926
08/01/2021,MALUKU,0,0,22,-22,5826,4847,75,904
09/01/2021,MALUKU,33,0,6,27,5859,4853,75,931
10/01/2021,MALUKU,22,0,1,21,5881,4854,75,952
11/01/2021,MALUKU,70,0,3,67,5951,4857,75,1019
12/01/2021,MALUKU,0,0,8,-8,5951,4865,75,1011
13/01/2021,MALUKU,0,0,2,-2,5951,4867,75,1009
14/01/2021,MALUKU,4,0,5,-1,5955,4872,75,1008
15/01/2021,MALUKU,46,4,41,1,6001,4913,79,1009
16/01/2021,MALUKU,38,2,40,-4,6039,4953,81,1005
17/01/2021,MALUKU,41,0,0,41,6080,4953,81,1046
18/01/2021,MALUKU,29,1,31,-3,6109,4984,82,1043
19/01/2021,MALUKU,32,0,33,-1,6141,5017,82,1042
20/01/2021,MALUKU,7,0,15,-8,6148,5032,82,1034
21/01/2021,MALUKU,17,0,32,-15,6165,5064,82,1019
22/01/2021,MALUKU,0,0,0,0,6165,5064,82,1019
23/01/2021,MALUKU,55,0,33,22,6220,5097,82,1041
24/01/2021,MALUKU,39,0,24,15,6259,5121,82,1056
25/01/2021,MALUKU,7,0,28,-21,6266,5149,82,1035
26/01/2021,MALUKU,49,1,18,30,6315,5167,83,1065
27/01/2021,MALUKU,1,0,0,1,6316,5167,83,1066
28/01/2021,MALUKU,13,0,0,13,6329,5167,83,1079
29/01/2021,MALUKU,32,1,4,27,6361,5171,84,1106
30/01/2021,MALUKU,19,0,2,17,6380,5173,84,1123
31/01/2021,MALUKU,46,0,0,46,6426,5173,84,1169
01/02/2021,MALUKU,46,0,36,10,6472,5209,84,1179
02/02/2021,MALUKU,8,0,11,-3,6480,5220,84,1176
03/02/2021,MALUKU,1,3,6,-8,6481,5226,87,1168
04/02/2021,MALUKU,20,0,104,-84,6501,5330,87,1084
05/02/2021,MALUKU,31,0,48,-17,6532,5378,87,1067
06/02/2021,MALUKU,29,0,45,-16,6561,5423,87,1051
07/02/2021,MALUKU,23,1,24,-2,6584,5447,88,1049
08/02/2021,MALUKU,11,1,71,-61,6595,5518,89,988
09/02/2021,MALUKU,5,0,48,-43,6600,5566,89,945
10/02/2021,MALUKU,30,3,24,3,6630,5590,92,948
11/02/2021,MALUKU,10,7,51,-48,6640,5641,99,900
12/02/2021,MALUKU,0,0,11,-11,6640,5652,99,889
13/02/2021,MALUKU,74,3,24,47,6714,5676,102,936
14/02/2021,MALUKU,33,0,157,-124,6747,5833,102,812
15/02/2021,MALUKU,0,0,39,-39,6747,5872,102,773
16/02/2021,MALUKU,22,1,0,21,6769,5872,103,794
17/02/2021,MALUKU,5,0,65,-60,6774,5937,103,734
18/02/2021,MALUKU,19,0,43,-24,6793,5980,103,710
19/02/2021,MALUKU,27,1,52,-26,6820,6032,104,684
20/02/2021,MALUKU,12,1,84,-73,6832,6116,105,611
21/02/2021,MALUKU,3,0,15,-12,6835,6131,105,599
22/02/2021,MALUKU,44,1,20,23,6879,6151,106,622
23/02/2021,MALUKU,9,0,17,-8,6888,6168,106,614
24/02/2021,MALUKU,14,0,21,-7,6902,6189,106,607
25/02/2021,MALUKU,30,0,48,-18,6932,6237,106,589
26/02/2021,MALUKU,24,0,10,14,6956,6247,106,603
27/02/2021,MALUKU,28,0,9,19,6984,6256,106,622
28/02/2021,MALUKU,0,0,10,-10,6984,6266,106,612
01/03/2021,MALUKU,0,0,12,-12,6984,6278,106,600
02/03/2021,MALUKU,37,0,28,9,7021,6306,106,609
03/03/2021,MALUKU,23,0,31,-8,7044,6337,106,601
04/03/2021,MALUKU,25,0,52,-27,7069,6389,106,574
05/03/2021,MALUKU,9,0,10,-1,7078,6399,106,573
06/03/2021,MALUKU,38,0,36,2,7116,6435,106,575
07/03/2021,MALUKU,2,0,10,-8,7118,6445,106,567
08/03/2021,MALUKU,15,1,96,-82,7133,6541,107,485
09/03/2021,MALUKU,9,0,10,-1,7142,6551,107,484
10/03/2021,MALUKU,3,0,28,-25,7145,6579,107,459
11/03/2021,MALUKU,9,0,4,5,7154,6583,107,464
12/03/2021,MALUKU,10,0,7,3,7164,6590,107,467
13/03/2021,MALUKU,0,0,0,0,7164,6590,107,467
14/03/2021,MALUKU,22,1,5,16,7186,6595,108,483
15/03/2021,MALUKU,4,1,5,-2,7190,6600,109,481
16/03/2021,MALUKU,6,1,2,3,7196,6602,110,484
17/03/2021,MALUKU,4,0,20,-16,7200,6622,110,468
18/03/2021,MALUKU,14,0,0,14,7214,6622,110,482
19/03/2021,MALUKU,4,0,68,-64,7218,6690,110,418
20/03/2021,MALUKU,10,0,11,-1,7228,6701,110,417
21/03/2021,MALUKU,4,0,6,-2,7232,6707,110,415
22/03/2021,MALUKU,4,0,7,-3,7236,6714,110,412
23/03/2021,MALUKU,21,0,14,7,7257,6728,110,419
24/03/2021,MALUKU,26,0,0,26,7283,6728,110,445
25/03/2021,MALUKU,33,0,41,-8,7316,6769,110,437
26/03/2021,MALUKU,6,0,12,-6,7322,6781,110,431
27/03/2021,MALUKU,15,0,10,5,7337,6791,110,436
28/03/2021,MALUKU,3,0,21,-18,7340,6812,110,418
29/03/2021,MALUKU,0,0,12,-12,7340,6824,110,406
30/03/2021,MALUKU,12,0,8,4,7352,6832,110,410
31/03/2021,MALUKU,0,0,0,0,7352,6832,110,410
01/04/2021,MALUKU,6,0,10,-4,7358,6842,110,406
02/04/2021,MALUKU,12,0,12,0,7370,6854,110,406
03/04/2021,MALUKU,3,0,5,-2,7373,6859,110,404
04/04/2021,MALUKU,0,0,13,-13,7373,6872,110,391
05/04/2021,MALUKU,2,2,9,-9,7375,6881,112,382
06/04/2021,MALUKU,11,0,16,-5,7386,6897,112,377
07/04/2021,MALUKU,6,0,24,-18,7392,6921,112,359
08/04/2021,MALUKU,9,0,7,2,7401,6928,112,361
09/04/2021,MALUKU,2,0,4,-2,7403,6932,112,359
10/04/2021,MALUKU,1,0,3,-2,7404,6935,112,357
11/04/2021,MALUKU,7,0,33,-26,7411,6968,112,331
12/04/2021,MALUKU,24,0,4,20,7435,6972,112,351
13/04/2021,MALUKU,2,3,2,-3,7437,6974,115,348
14/04/2021,MALUKU,18,0,1,17,7455,6975,115,365
15/04/2021,MALUKU,0,0,0,0,7455,6975,115,365
16/04/2021,MALUKU,5,0,26,-21,7460,7001,115,344
17/04/2021,MALUKU,13,0,13,0,7473,7014,115,344
18/04/2021,MALUKU,13,0,5,8,7486,7019,115,352
19/04/2021,MALUKU,2,0,6,-4,7488,7025,115,348
20/04/2021,MALUKU,1,0,4,-3,7489,7029,115,345
21/04/2021,MALUKU,10,1,2,7,7499,7031,116,352
22/04/2021,MALUKU,0,0,0,0,7499,7031,116,352
23/04/2021,MALUKU,8,0,11,-3,7507,7042,116,349
24/04/2021,MALUKU,0,0,9,-9,7507,7051,116,340
25/04/2021,MALUKU,8,0,5,3,7515,7056,116,343
26/04/2021,MALUKU,0,0,0,0,7515,7056,116,343
27/04/2021,MALUKU,0,1,0,-1,7515,7056,117,342
28/04/2021,MALUKU,2,0,55,-53,7517,7111,117,289
29/04/2021,MALUKU,0,0,9,-9,7517,7120,117,280
30/04/2021,MALUKU,13,0,7,6,7530,7127,117,286
01/05/2021,MALUKU,0,0,3,-3,7530,7130,117,283
02/05/2021,MALUKU,5,0,7,-2,7535,7137,117,281
03/05/2021,MALUKU,14,0,0,14,7549,7137,117,295
04/05/2021,MALUKU,0,0,0,0,7549,7137,117,295
05/05/2021,MALUKU,18,0,7,11,7567,7144,117,306
06/05/2021,MALUKU,7,0,5,2,7574,7149,117,308
07/05/2021,MALUKU,0,0,15,-15,7574,7164,117,293
08/05/2021,MALUKU,19,0,4,15,7593,7168,117,308
09/05/2021,MALUKU,3,0,0,3,7596,7168,117,311
10/05/2021,MALUKU,0,0,0,0,7596,7168,117,311
11/05/2021,MALUKU,1,1,4,-4,7597,7172,118,307
12/05/2021,MALUKU,0,1,20,-21,7597,7192,119,286
13/05/2021,MALUKU,0,0,0,0,7597,7192,119,286
14/05/2021,MALUKU,32,0,9,23,7629,7201,119,309
15/05/2021,MALUKU,7,1,16,-10,7636,7217,120,299
16/05/2021,MALUKU,0,0,0,0,7636,7217,120,299
17/05/2021,MALUKU,20,0,5,15,7656,7222,120,314
18/05/2021,MALUKU,0,0,6,-6,7656,7228,120,308
19/05/2021,MALUKU,0,0,0,0,7656,7228,120,308
20/05/2021,MALUKU,7,0,5,2,7663,7233,120,310
21/05/2021,MALUKU,8,0,52,-44,7671,7285,120,266
22/05/2021,MALUKU,0,0,0,0,7671,7285,120,266
23/05/2021,MALUKU,5,0,34,-29,7676,7319,120,237
24/05/2021,MALUKU,0,0,19,-19,7676,7338,120,218
25/05/2021,MALUKU,42,1,6,35,7718,7344,121,253
26/05/2021,MALUKU,0,0,0,0,7718,7344,121,253
27/05/2021,MALUKU,9,1,7,1,7727,7351,122,254
28/05/2021,MALUKU,0,0,0,0,7727,7351,122,254
29/05/2021,MALUKU,14,0,13,1,7741,7364,122,255
30/05/2021,MALUKU,0,0,0,0,7741,7364,122,255
31/05/2021,MALUKU,3,0,6,-3,7744,7370,122,252
01/06/2021,MALUKU,0,0,8,-8,7744,7378,122,244
02/06/2021,MALUKU,0,0,5,-5,7744,7383,122,239
03/06/2021,MALUKU,3,0,6,-3,7747,7389,122,236
04/06/2021,MALUKU,37,1,1,35,7784,7390,123,271
05/06/2021,MALUKU,1,1,12,-12,7785,7402,124,259
06/06/2021,MALUKU,8,1,0,7,7793,7402,125,266
07/06/2021,MALUKU,25,0,4,21,7818,7406,125,287
08/06/2021,MALUKU,0,0,0,0,7818,7406,125,287
09/06/2021,MALUKU,5,0,15,-10,7823,7421,125,277
10/06/2021,MALUKU,5,1,12,-8,7828,7433,126,269
11/06/2021,MALUKU,27,0,5,22,7855,7438,126,291
12/06/2021,MALUKU,1,0,4,-3,7856,7442,126,288
13/06/2021,MALUKU,31,0,3,28,7887,7445,126,316
10/04/2020,GORONTALO,1,0,0,1,1,0,0,1
11/04/2020,GORONTALO,0,0,0,0,1,0,0,1
12/04/2020,GORONTALO,0,0,0,0,1,0,0,1
13/04/2020,GORONTALO,0,0,0,0,1,0,0,1
14/04/2020,GORONTALO,0,0,0,0,1,0,0,1
15/04/2020,GORONTALO,0,0,0,0,1,0,0,1
16/04/2020,GORONTALO,3,0,0,3,4,0,0,4
17/04/2020,GORONTALO,0,0,0,0,4,0,0,4
18/04/2020,GORONTALO,0,0,0,0,4,0,0,4
19/04/2020,GORONTALO,0,0,0,0,4,0,0,4
20/04/2020,GORONTALO,0,0,0,0,4,0,0,4
21/04/2020,GORONTALO,3,1,0,2,7,0,1,6
22/04/2020,GORONTALO,0,0,0,0,7,0,1,6
23/04/2020,GORONTALO,0,0,0,0,7,0,1,6
24/04/2020,GORONTALO,5,0,0,5,12,0,1,11
25/04/2020,GORONTALO,2,0,0,2,14,0,1,13
26/04/2020,GORONTALO,0,0,0,0,14,0,1,13
27/04/2020,GORONTALO,0,0,0,0,14,0,1,13
28/04/2020,GORONTALO,1,0,2,-1,15,2,1,12
29/04/2020,GORONTALO,0,0,0,0,15,2,1,12
30/04/2020,GORONTALO,0,0,0,0,15,2,1,12
01/05/2020,GORONTALO,0,0,0,0,15,2,1,12
02/05/2020,GORONTALO,0,0,0,0,15,2,1,12
03/05/2020,GORONTALO,0,0,0,0,15,2,1,12
04/05/2020,GORONTALO,0,0,0,0,15,2,1,12
05/05/2020,GORONTALO,0,0,4,-4,15,6,1,8
06/05/2020,GORONTALO,0,0,1,-1,15,7,1,7
07/05/2020,GORONTALO,4,0,0,4,19,7,1,11
08/05/2020,GORONTALO,0,0,3,-3,19,10,1,8
09/05/2020,GORONTALO,0,0,0,0,19,10,1,8
10/05/2020,GORONTALO,0,0,1,-1,19,11,1,7
11/05/2020,GORONTALO,0,0,0,0,19,11,1,7
12/05/2020,GORONTALO,0,0,0,0,19,11,1,7
13/05/2020,GORONTALO,0,0,1,-1,19,12,1,6
14/05/2020,GORONTALO,2,0,1,1,21,13,1,7
15/05/2020,GORONTALO,1,0,1,0,22,14,1,7
16/05/2020,GORONTALO,1,1,0,0,23,14,2,7
17/05/2020,GORONTALO,1,0,0,1,24,14,2,8
18/05/2020,GORONTALO,4,0,0,4,28,14,2,12
19/05/2020,GORONTALO,0,0,0,0,28,14,2,12
20/05/2020,GORONTALO,0,0,1,-1,28,15,2,11
21/05/2020,GORONTALO,16,0,0,16,44,15,2,27
22/05/2020,GORONTALO,3,0,2,1,47,17,2,28
23/05/2020,GORONTALO,2,0,1,1,49,18,2,29
24/05/2020,GORONTALO,9,0,0,9,58,18,2,38
25/05/2020,GORONTALO,0,0,0,0,58,18,2,38
26/05/2020,GORONTALO,0,0,0,0,58,18,2,38
27/05/2020,GORONTALO,2,0,0,2,60,18,2,40
28/05/2020,GORONTALO,5,1,1,3,65,19,3,43
29/05/2020,GORONTALO,3,0,4,-1,68,23,3,42
30/05/2020,GORONTALO,1,2,0,-1,69,23,5,41
31/05/2020,GORONTALO,25,1,3,21,94,26,6,62
01/06/2020,GORONTALO,0,0,0,0,94,26,6,62
02/06/2020,GORONTALO,14,0,3,11,108,29,6,73
03/06/2020,GORONTALO,10,0,0,10,118,29,6,83
04/06/2020,GORONTALO,3,0,1,2,121,30,6,85
05/06/2020,GORONTALO,0,0,4,-4,121,34,6,81
06/06/2020,GORONTALO,5,0,21,-16,126,55,6,65
07/06/2020,GORONTALO,8,0,4,4,134,59,6,69
08/06/2020,GORONTALO,0,1,4,-5,134,63,7,64
09/06/2020,GORONTALO,5,0,7,-2,139,70,7,62
10/06/2020,GORONTALO,6,0,2,4,145,72,7,66
11/06/2020,GORONTALO,3,0,10,-7,148,82,7,59
12/06/2020,GORONTALO,33,0,1,32,181,83,7,91
13/06/2020,GORONTALO,4,1,0,3,185,83,8,94
14/06/2020,GORONTALO,0,0,8,-8,185,91,8,86
15/06/2020,GORONTALO,23,0,1,22,208,92,8,108
16/06/2020,GORONTALO,6,0,2,4,214,94,8,112
17/06/2020,GORONTALO,0,0,32,-32,214,126,8,80
18/06/2020,GORONTALO,0,0,0,0,214,126,8,80
19/06/2020,GORONTALO,6,0,0,6,220,126,8,86
20/06/2020,GORONTALO,0,0,13,-13,220,139,8,73
21/06/2020,GORONTALO,7,0,1,6,227,140,8,79
22/06/2020,GORONTALO,3,0,5,-2,230,145,8,77
23/06/2020,GORONTALO,1,0,30,-29,231,175,8,48
24/06/2020,GORONTALO,7,0,0,7,238,175,8,55
25/06/2020,GORONTALO,5,0,26,-21,243,201,8,34
26/06/2020,GORONTALO,0,0,0,0,243,201,8,34
27/06/2020,GORONTALO,0,0,0,0,243,201,8,34
28/06/2020,GORONTALO,0,0,0,0,243,201,8,34
29/06/2020,GORONTALO,0,1,12,-13,243,213,9,21
30/06/2020,GORONTALO,6,1,0,5,249,213,10,26
01/07/2020,GORONTALO,0,1,10,-11,249,223,11,15
02/07/2020,GORONTALO,7,0,3,4,256,226,11,19
03/07/2020,GORONTALO,5,0,0,5,261,226,11,24
04/07/2020,GORONTALO,8,0,1,7,269,227,11,31
05/07/2020,GORONTALO,0,0,0,0,269,227,11,31
06/07/2020,GORONTALO,2,2,0,0,271,227,13,31
07/07/2020,GORONTALO,5,2,0,3,276,227,15,34
08/07/2020,GORONTALO,10,2,0,8,286,227,17,42
09/07/2020,GORONTALO,0,0,0,0,286,227,17,42
10/07/2020,GORONTALO,30,0,2,28,316,229,17,70
11/07/2020,GORONTALO,29,0,1,28,345,230,17,98
12/07/2020,GORONTALO,14,0,2,12,359,232,17,110
13/07/2020,GORONTALO,4,3,5,-4,363,237,20,106
14/07/2020,GORONTALO,22,0,7,15,385,244,20,121
15/07/2020,GORONTALO,7,0,13,-6,392,257,20,115
16/07/2020,GORONTALO,24,1,9,14,416,266,21,129
17/07/2020,GORONTALO,9,3,35,-29,425,301,24,100
18/07/2020,GORONTALO,1,2,3,-4,426,304,26,96
19/07/2020,GORONTALO,6,0,7,-1,432,311,26,95
20/07/2020,GORONTALO,105,2,0,103,537,311,28,198
21/07/2020,GORONTALO,79,1,0,78,616,311,29,276
22/07/2020,GORONTALO,0,1,0,-1,616,311,30,275
23/07/2020,GORONTALO,4,1,11,-8,620,322,31,267
24/07/2020,GORONTALO,74,0,11,63,694,333,31,330
25/07/2020,GORONTALO,102,0,13,89,796,346,31,419
26/07/2020,GORONTALO,24,2,35,-13,820,381,33,406
27/07/2020,GORONTALO,31,0,15,16,851,396,33,422
28/07/2020,GORONTALO,4,0,42,-38,855,438,33,384
29/07/2020,GORONTALO,102,0,11,91,957,449,33,475
30/07/2020,GORONTALO,58,0,18,40,1015,467,33,515
31/07/2020,GORONTALO,0,0,76,-76,1015,543,33,439
01/08/2020,GORONTALO,142,1,45,96,1157,588,34,535
02/08/2020,GORONTALO,127,0,61,66,1284,649,34,601
03/08/2020,GORONTALO,38,1,49,-12,1322,698,35,589
04/08/2020,GORONTALO,65,2,63,0,1387,761,37,589
05/08/2020,GORONTALO,40,0,31,9,1427,792,37,598
06/08/2020,GORONTALO,4,0,121,-117,1431,913,37,481
07/08/2020,GORONTALO,38,0,102,-64,1469,1015,37,417
08/08/2020,GORONTALO,80,0,98,-18,1549,1113,37,399
09/08/2020,GORONTALO,7,2,0,5,1556,1113,39,404
10/08/2020,GORONTALO,58,1,19,38,1614,1132,40,442
11/08/2020,GORONTALO,3,0,56,-53,1617,1188,40,389
12/08/2020,GORONTALO,47,1,32,14,1664,1220,41,403
13/08/2020,GORONTALO,8,0,24,-16,1672,1244,41,387
14/08/2020,GORONTALO,3,2,25,-24,1675,1269,43,363
15/08/2020,GORONTALO,40,1,18,21,1715,1287,44,384
16/08/2020,GORONTALO,6,0,16,-10,1721,1303,44,374
17/08/2020,GORONTALO,67,2,4,61,1788,1307,46,435
18/08/2020,GORONTALO,33,0,53,-20,1821,1360,46,415
19/08/2020,GORONTALO,54,0,39,15,1875,1399,46,430
20/08/2020,GORONTALO,0,0,47,-47,1875,1446,46,383
21/08/2020,GORONTALO,12,2,28,-18,1887,1474,48,365
22/08/2020,GORONTALO,0,0,32,-32,1887,1506,48,333
23/08/2020,GORONTALO,72,1,7,64,1959,1513,49,397
24/08/2020,GORONTALO,0,1,50,-51,1959,1563,50,346
25/08/2020,GORONTALO,11,0,0,11,1970,1563,50,357
26/08/2020,GORONTALO,0,0,27,-27,1970,1590,50,330
27/08/2020,GORONTALO,53,0,11,42,2023,1601,50,372
28/08/2020,GORONTALO,12,1,151,-140,2035,1752,51,232
29/08/2020,GORONTALO,6,2,13,-9,2041,1765,53,223
30/08/2020,GORONTALO,0,0,5,-5,2041,1770,53,218
31/08/2020,GORONTALO,0,1,16,-17,2041,1786,54,201
01/09/2020,GORONTALO,34,0,27,7,2075,1813,54,208
02/09/2020,GORONTALO,15,0,17,-2,2090,1830,54,206
03/09/2020,GORONTALO,61,1,16,44,2151,1846,55,250
04/09/2020,GORONTALO,9,0,6,3,2160,1852,55,253
05/09/2020,GORONTALO,22,4,20,-2,2182,1872,59,251
06/09/2020,GORONTALO,4,0,4,0,2186,1876,59,251
07/09/2020,GORONTALO,15,0,26,-11,2201,1902,59,240
08/09/2020,GORONTALO,24,1,11,12,2225,1913,60,252
09/09/2020,GORONTALO,16,0,7,9,2241,1920,60,261
10/09/2020,GORONTALO,28,1,28,-1,2269,1948,61,260
11/09/2020,GORONTALO,2,1,8,-7,2271,1956,62,253
12/09/2020,GORONTALO,11,0,8,3,2282,1964,62,256
13/09/2020,GORONTALO,32,2,4,26,2314,1968,64,282
14/09/2020,GORONTALO,0,2,48,-50,2314,2016,66,232
15/09/2020,GORONTALO,16,0,39,-23,2330,2055,66,209
16/09/2020,GORONTALO,6,0,23,-17,2336,2078,66,192
17/09/2020,GORONTALO,5,0,11,-6,2341,2089,66,186
18/09/2020,GORONTALO,12,2,17,-7,2353,2106,68,179
19/09/2020,GORONTALO,22,0,12,10,2375,2118,68,189
20/09/2020,GORONTALO,60,0,3,57,2435,2121,68,246
21/09/2020,GORONTALO,2,0,20,-18,2437,2141,68,228
22/09/2020,GORONTALO,4,2,11,-9,2441,2152,70,219
23/09/2020,GORONTALO,48,2,15,31,2489,2167,72,250
24/09/2020,GORONTALO,0,0,21,-21,2489,2188,72,229
25/09/2020,GORONTALO,45,2,9,34,2534,2197,74,263
26/09/2020,GORONTALO,5,0,6,-1,2539,2203,74,262
27/09/2020,GORONTALO,33,0,12,21,2572,2215,74,283
28/09/2020,GORONTALO,87,0,10,77,2659,2225,74,360
29/09/2020,GORONTALO,12,0,16,-4,2671,2241,74,356
30/09/2020,GORONTALO,82,1,20,61,2753,2261,75,417
01/10/2020,GORONTALO,6,0,35,-29,2759,2296,75,388
02/10/2020,GORONTALO,16,0,21,-5,2775,2317,75,383
03/10/2020,GORONTALO,0,0,9,-9,2775,2326,75,374
04/10/2020,GORONTALO,41,0,31,10,2816,2357,75,384
05/10/2020,GORONTALO,23,1,33,-11,2839,2390,76,373
06/10/2020,GORONTALO,0,0,27,-27,2839,2417,76,346
07/10/2020,GORONTALO,83,0,24,59,2922,2441,76,405
08/10/2020,GORONTALO,9,1,0,8,2931,2441,77,413
09/10/2020,GORONTALO,2,0,106,-104,2933,2547,77,309
10/10/2020,GORONTALO,7,0,28,-21,2940,2575,77,288
11/10/2020,GORONTALO,7,0,36,-29,2947,2611,77,259
12/10/2020,GORONTALO,2,0,46,-44,2949,2657,77,215
13/10/2020,GORONTALO,0,0,36,-36,2949,2693,77,179
14/10/2020,GORONTALO,10,0,16,-6,2959,2709,77,173
15/10/2020,GORONTALO,1,1,48,-48,2960,2757,78,125
16/10/2020,GORONTALO,4,0,0,4,2964,2757,78,129
17/10/2020,GORONTALO,0,0,17,-17,2964,2774,78,112
18/10/2020,GORONTALO,3,0,0,3,2967,2774,78,115
19/10/2020,GORONTALO,2,0,22,-20,2969,2796,78,95
20/10/2020,GORONTALO,0,1,1,-2,2969,2797,79,93
21/10/2020,GORONTALO,3,1,4,-2,2972,2801,80,91
22/10/2020,GORONTALO,3,0,13,-10,2975,2814,80,81
23/10/2020,GORONTALO,0,0,0,0,2975,2814,80,81
24/10/2020,GORONTALO,7,0,2,5,2982,2816,80,86
25/10/2020,GORONTALO,19,4,18,-3,3001,2834,84,83
26/10/2020,GORONTALO,2,0,3,-1,3003,2837,84,82
27/10/2020,GORONTALO,2,0,1,1,3005,2838,84,83
28/10/2020,GORONTALO,2,0,0,2,3007,2838,84,85
29/10/2020,GORONTALO,0,0,6,-6,3007,2844,84,79
30/10/2020,GORONTALO,10,0,2,8,3017,2846,84,87
31/10/2020,GORONTALO,0,0,5,-5,3017,2851,84,82
01/11/2020,GORONTALO,4,0,1,3,3021,2852,84,85
02/11/2020,GORONTALO,0,0,6,-6,3021,2858,84,79
03/11/2020,GORONTALO,10,1,2,7,3031,2860,85,86
04/11/2020,GORONTALO,0,0,5,-5,3031,2865,85,81
05/11/2020,GORONTALO,0,0,0,0,3031,2865,85,81
06/11/2020,GORONTALO,1,0,5,-4,3032,2870,85,77
07/11/2020,GORONTALO,5,0,0,5,3037,2870,85,82
08/11/2020,GORONTALO,8,0,1,7,3045,2871,85,89
09/11/2020,GORONTALO,4,0,3,1,3049,2874,85,90
10/11/2020,GORONTALO,0,0,3,-3,3049,2877,85,87
11/11/2020,GORONTALO,0,0,0,0,3049,2877,85,87
12/11/2020,GORONTALO,5,0,14,-9,3054,2891,85,78
13/11/2020,GORONTALO,0,0,1,-1,3054,2892,85,77
14/11/2020,GORONTALO,0,2,1,-3,3054,2893,87,74
15/11/2020,GORONTALO,0,0,1,-1,3054,2894,87,73
16/11/2020,GORONTALO,0,1,4,-5,3054,2898,88,68
17/11/2020,GORONTALO,0,0,7,-7,3054,2905,88,61
18/11/2020,GORONTALO,3,0,3,0,3057,2908,88,61
19/11/2020,GORONTALO,0,0,0,0,3057,2908,88,61
20/11/2020,GORONTALO,0,0,0,0,3057,2908,88,61
21/11/2020,GORONTALO,0,0,2,-2,3057,2910,88,59
22/11/2020,GORONTALO,5,0,0,5,3062,2910,88,64
23/11/2020,GORONTALO,1,0,48,-47,3063,2958,88,17
24/11/2020,GORONTALO,2,0,0,2,3065,2958,88,19
25/11/2020,GORONTALO,0,0,0,0,3065,2958,88,19
26/11/2020,GORONTALO,8,0,0,8,3073,2958,88,27
27/11/2020,GORONTALO,0,0,0,0,3073,2958,88,27
28/11/2020,GORONTALO,18,1,7,10,3091,2965,89,37
29/11/2020,GORONTALO,19,2,1,16,3110,2966,91,53
30/11/2020,GORONTALO,0,0,3,-3,3110,2969,91,50
01/12/2020,GORONTALO,0,0,0,0,3110,2969,91,50
02/12/2020,GORONTALO,29,0,0,29,3139,2969,91,79
03/12/2020,GORONTALO,18,0,3,15,3157,2972,91,94
04/12/2020,GORONTALO,15,0,11,4,3172,2983,91,98
05/12/2020,GORONTALO,0,0,24,-24,3172,3007,91,74
06/12/2020,GORONTALO,91,1,2,88,3263,3009,92,162
07/12/2020,GORONTALO,0,0,11,-11,3263,3020,92,151
08/12/2020,GORONTALO,3,0,4,-1,3266,3024,92,150
09/12/2020,GORONTALO,24,3,60,-39,3290,3084,95,111
10/12/2020,GORONTALO,0,0,32,-32,3290,3116,95,79
11/12/2020,GORONTALO,5,0,10,-5,3295,3126,95,74
12/12/2020,GORONTALO,11,0,6,5,3306,3132,95,79
13/12/2020,GORONTALO,0,0,5,-5,3306,3137,95,74
14/12/2020,GORONTALO,15,0,6,9,3321,3143,95,83
15/12/2020,GORONTALO,1,0,2,-1,3322,3145,95,82
16/12/2020,GORONTALO,20,1,6,13,3342,3151,96,95
17/12/2020,GORONTALO,12,0,27,-15,3354,3178,96,80
18/12/2020,GORONTALO,11,0,0,11,3365,3178,96,91
19/12/2020,GORONTALO,0,0,1,-1,3365,3179,96,90
20/12/2020,GORONTALO,3,0,4,-1,3368,3183,96,89
21/12/2020,GORONTALO,0,0,3,-3,3368,3186,96,86
22/12/2020,GORONTALO,47,1,3,43,3415,3189,97,129
23/12/2020,GORONTALO,50,2,0,48,3465,3189,99,177
24/12/2020,GORONTALO,30,2,9,19,3495,3198,101,196
25/12/2020,GORONTALO,64,0,7,57,3559,3205,101,253
26/12/2020,GORONTALO,44,0,1,43,3603,3206,101,296
27/12/2020,GORONTALO,0,0,38,-38,3603,3244,101,258
28/12/2020,GORONTALO,73,0,3,70,3676,3247,101,328
29/12/2020,GORONTALO,12,0,16,-4,3688,3263,101,324
30/12/2020,GORONTALO,7,0,20,-13,3695,3283,101,311
31/12/2020,GORONTALO,146,3,25,118,3841,3308,104,429
01/01/2021,GORONTALO,25,0,16,9,3866,3324,104,438
02/01/2021,GORONTALO,0,0,30,-30,3866,3354,104,408
03/01/2021,GORONTALO,1,0,35,-34,3867,3389,104,374
04/01/2021,GORONTALO,13,0,16,-3,3880,3405,104,371
05/01/2021,GORONTALO,8,0,33,-25,3888,3438,104,346
06/01/2021,GORONTALO,0,0,22,-22,3888,3460,104,324
07/01/2021,GORONTALO,46,0,67,-21,3934,3527,104,303
08/01/2021,GORONTALO,15,1,32,-18,3949,3559,105,285
09/01/2021,GORONTALO,12,0,4,8,3961,3563,105,293
10/01/2021,GORONTALO,8,1,44,-37,3969,3607,106,256
11/01/2021,GORONTALO,11,0,21,-10,3980,3628,106,246
12/01/2021,GORONTALO,31,0,10,21,4011,3638,106,267
13/01/2021,GORONTALO,0,0,24,-24,4011,3662,106,243
14/01/2021,GORONTALO,43,0,24,19,4054,3686,106,262
15/01/2021,GORONTALO,3,0,4,-1,4057,3690,106,261
16/01/2021,GORONTALO,8,0,0,8,4065,3690,106,269
17/01/2021,GORONTALO,9,0,0,9,4074,3690,106,278
18/01/2021,GORONTALO,6,1,151,-146,4080,3841,107,132
19/01/2021,GORONTALO,28,0,27,1,4108,3868,107,133
20/01/2021,GORONTALO,14,1,9,4,4122,3877,108,137
21/01/2021,GORONTALO,7,0,2,5,4129,3879,108,142
22/01/2021,GORONTALO,13,0,7,6,4142,3886,108,148
23/01/2021,GORONTALO,16,2,3,11,4158,3889,110,159
24/01/2021,GORONTALO,3,0,0,3,4161,3889,110,162
25/01/2021,GORONTALO,7,0,25,-18,4168,3914,110,144
26/01/2021,GORONTALO,4,2,7,-5,4172,3921,112,139
27/01/2021,GORONTALO,1,1,7,-7,4173,3928,113,132
28/01/2021,GORONTALO,55,1,3,51,4228,3931,114,183
29/01/2021,GORONTALO,16,1,15,0,4244,3946,115,183
30/01/2021,GORONTALO,39,0,14,25,4283,3960,115,208
31/01/2021,GORONTALO,25,0,2,23,4308,3962,115,231
01/02/2021,GORONTALO,3,2,9,-8,4311,3971,117,223
02/02/2021,GORONTALO,59,2,9,48,4370,3980,119,271
03/02/2021,GORONTALO,30,0,6,24,4400,3986,119,295
04/02/2021,GORONTALO,23,1,12,10,4423,3998,120,305
05/02/2021,GORONTALO,14,0,3,11,4437,4001,120,316
06/02/2021,GORONTALO,11,1,14,-4,4448,4015,121,312
07/02/2021,GORONTALO,22,1,20,1,4470,4035,122,313
08/02/2021,GORONTALO,0,0,17,-17,4470,4052,122,296
09/02/2021,GORONTALO,31,0,17,14,4501,4069,122,310
10/02/2021,GORONTALO,26,0,21,5,4527,4090,122,315
11/02/2021,GORONTALO,14,0,62,-48,4541,4152,122,267
12/02/2021,GORONTALO,29,1,9,19,4570,4161,123,286
13/02/2021,GORONTALO,4,0,27,-23,4574,4188,123,263
14/02/2021,GORONTALO,19,0,11,8,4593,4199,123,271
15/02/2021,GORONTALO,19,1,10,8,4612,4209,124,279
16/02/2021,GORONTALO,22,0,3,19,4634,4212,124,298
17/02/2021,GORONTALO,4,0,3,1,4638,4215,124,299
18/02/2021,GORONTALO,10,2,11,-3,4648,4226,126,296
19/02/2021,GORONTALO,47,0,13,34,4695,4239,126,330
20/02/2021,GORONTALO,6,0,12,-6,4701,4251,126,324
21/02/2021,GORONTALO,18,2,9,7,4719,4260,128,331
22/02/2021,GORONTALO,2,0,17,-15,4721,4277,128,316
23/02/2021,GORONTALO,10,3,12,-5,4731,4289,131,311
24/02/2021,GORONTALO,2,0,9,-7,4733,4298,131,304
25/02/2021,GORONTALO,22,2,22,-2,4755,4320,133,302
26/02/2021,GORONTALO,19,0,17,2,4774,4337,133,304
27/02/2021,GORONTALO,2,2,12,-12,4776,4349,135,292
28/02/2021,GORONTALO,18,0,10,8,4794,4359,135,300
01/03/2021,GORONTALO,4,1,20,-17,4798,4379,136,283
02/03/2021,GORONTALO,4,0,16,-12,4802,4395,136,271
03/03/2021,GORONTALO,17,0,6,11,4819,4401,136,282
04/03/2021,GORONTALO,23,0,7,16,4842,4408,136,298
05/03/2021,GORONTALO,9,0,17,-8,4851,4425,136,290
06/03/2021,GORONTALO,13,1,10,2,4864,4435,137,292
07/03/2021,GORONTALO,2,1,0,1,4866,4435,138,293
08/03/2021,GORONTALO,0,0,4,-4,4866,4439,138,289
09/03/2021,GORONTALO,0,0,21,-21,4866,4460,138,268
10/03/2021,GORONTALO,14,0,2,12,4880,4462,138,280
11/03/2021,GORONTALO,0,1,3,-4,4880,4465,139,276
12/03/2021,GORONTALO,23,0,27,-4,4903,4492,139,272
13/03/2021,GORONTALO,51,1,23,27,4954,4515,140,299
14/03/2021,GORONTALO,7,0,3,4,4961,4518,140,303
15/03/2021,GORONTALO,3,0,6,-3,4964,4524,140,300
16/03/2021,GORONTALO,3,1,5,-3,4967,4529,141,297
17/03/2021,GORONTALO,16,0,11,5,4983,4540,141,302
18/03/2021,GORONTALO,34,0,155,-121,5017,4695,141,181
19/03/2021,GORONTALO,3,0,12,-9,5020,4707,141,172
20/03/2021,GORONTALO,17,0,5,12,5037,4712,141,184
21/03/2021,GORONTALO,2,1,2,-1,5039,4714,142,183
22/03/2021,GORONTALO,2,0,16,-14,5041,4730,142,169
23/03/2021,GORONTALO,34,0,27,7,5075,4757,142,176
24/03/2021,GORONTALO,0,2,2,-4,5075,4759,144,172
25/03/2021,GORONTALO,7,0,8,-1,5082,4767,144,171
26/03/2021,GORONTALO,21,0,13,8,5103,4780,144,179
27/03/2021,GORONTALO,8,1,8,-1,5111,4788,145,178
28/03/2021,GORONTALO,8,0,0,8,5119,4788,145,186
29/03/2021,GORONTALO,2,0,14,-12,5121,4802,145,174
30/03/2021,GORONTALO,10,1,24,-15,5131,4826,146,159
31/03/2021,GORONTALO,8,0,10,-2,5139,4836,146,157
01/04/2021,GORONTALO,23,1,2,20,5162,4838,147,177
02/04/2021,GORONTALO,10,0,2,8,5172,4840,147,185
03/04/2021,GORONTALO,19,0,3,16,5191,4843,147,201
04/04/2021,GORONTALO,11,1,7,3,5202,4850,148,204
05/04/2021,GORONTALO,0,1,11,-12,5202,4861,149,192
06/04/2021,GORONTALO,7,1,8,-2,5209,4869,150,190
07/04/2021,GORONTALO,16,0,4,12,5225,4873,150,202
08/04/2021,GORONTALO,0,0,3,-3,5225,4876,150,199
09/04/2021,GORONTALO,15,0,5,10,5240,4881,150,209
10/04/2021,GORONTALO,7,0,1,6,5247,4882,150,215
11/04/2021,GORONTALO,10,0,0,10,5257,4882,150,225
12/04/2021,GORONTALO,1,0,8,-7,5258,4890,150,218
13/04/2021,GORONTALO,16,3,26,-13,5274,4916,153,205
14/04/2021,GORONTALO,7,3,13,-9,5281,4929,156,196
15/04/2021,GORONTALO,16,1,12,3,5297,4941,157,199
16/04/2021,GORONTALO,7,0,0,7,5304,4941,157,206
17/04/2021,GORONTALO,12,1,20,-9,5316,4961,158,197
18/04/2021,GORONTALO,7,0,7,0,5323,4968,158,197
19/04/2021,GORONTALO,0,1,7,-8,5323,4975,159,189
20/04/2021,GORONTALO,9,1,2,6,5332,4977,160,195
21/04/2021,GORONTALO,0,1,4,-5,5332,4981,161,190
22/04/2021,GORONTALO,6,0,2,4,5338,4983,161,194
23/04/2021,GORONTALO,2,0,2,0,5340,4985,161,194
24/04/2021,GORONTALO,6,0,2,4,5346,4987,161,198
25/04/2021,GORONTALO,0,0,0,0,5346,4987,161,198
26/04/2021,GORONTALO,9,0,3,6,5355,4990,161,204
27/04/2021,GORONTALO,0,0,0,0,5355,4990,161,204
28/04/2021,GORONTALO,19,0,30,-11,5374,5020,161,193
29/04/2021,GORONTALO,12,0,1,11,5386,5021,161,204
30/04/2021,GORONTALO,8,0,10,-2,5394,5031,161,202
01/05/2021,GORONTALO,6,4,49,-47,5400,5080,165,155
02/05/2021,GORONTALO,0,1,2,-3,5400,5082,166,152
03/05/2021,GORONTALO,3,2,3,-2,5403,5085,168,150
04/05/2021,GORONTALO,4,0,4,0,5407,5089,168,150
05/05/2021,GORONTALO,4,0,13,-9,5411,5102,168,141
06/05/2021,GORONTALO,11,0,4,7,5422,5106,168,148
07/05/2021,GORONTALO,0,1,2,-3,5422,5108,169,145
08/05/2021,GORONTALO,2,0,0,2,5424,5108,169,147
09/05/2021,GORONTALO,0,1,1,-2,5424,5109,170,145
10/05/2021,GORONTALO,0,0,3,-3,5424,5112,170,142
11/05/2021,GORONTALO,7,0,3,4,5431,5115,170,146
12/05/2021,GORONTALO,0,0,0,0,5431,5115,170,146
13/05/2021,GORONTALO,1,0,0,1,5432,5115,170,147
14/05/2021,GORONTALO,1,0,2,-1,5433,5117,170,146
15/05/2021,GORONTALO,0,0,2,-2,5433,5119,170,144
16/05/2021,GORONTALO,3,0,0,3,5436,5119,170,147
17/05/2021,GORONTALO,2,0,8,-6,5438,5127,170,141
18/05/2021,GORONTALO,6,0,0,6,5444,5127,170,147
19/05/2021,GORONTALO,5,0,1,4,5449,5128,170,151
20/05/2021,GORONTALO,0,0,0,0,5449,5128,170,151
21/05/2021,GORONTALO,5,0,0,5,5454,5128,170,156
22/05/2021,GORONTALO,3,0,0,3,5457,5128,170,159
23/05/2021,GORONTALO,5,0,0,5,5462,5128,170,164
24/05/2021,GORONTALO,2,0,3,-1,5464,5131,170,163
25/05/2021,GORONTALO,8,0,3,5,5472,5134,170,168
26/05/2021,GORONTALO,1,0,1,0,5473,5135,170,168
27/05/2021,GORONTALO,11,0,0,11,5484,5135,170,179
28/05/2021,GORONTALO,1,0,0,1,5485,5135,170,180
29/05/2021,GORONTALO,6,2,102,-98,5491,5237,172,82
30/05/2021,GORONTALO,11,0,0,11,5502,5237,172,93
31/05/2021,GORONTALO,4,0,4,0,5506,5241,172,93
01/06/2021,GORONTALO,0,0,0,0,5506,5241,172,93
02/06/2021,GORONTALO,4,0,9,-5,5510,5250,172,88
03/06/2021,GORONTALO,0,0,11,-11,5510,5261,172,77
04/06/2021,GORONTALO,2,0,2,0,5512,5263,172,77
05/06/2021,GORONTALO,1,0,4,-3,5513,5267,172,74
06/06/2021,GORONTALO,10,0,3,7,5523,5270,172,81
07/06/2021,GORONTALO,0,0,2,-2,5523,5272,172,79
08/06/2021,GORONTALO,0,0,2,-2,5523,5274,172,77
09/06/2021,GORONTALO,6,1,2,3,5529,5276,173,80
10/06/2021,GORONTALO,15,0,0,15,5544,5276,173,95
11/06/2021,GORONTALO,5,0,0,5,5549,5276,173,100
12/06/2021,GORONTALO,4,3,54,-53,5553,5330,176,47
13/06/2021,GORONTALO,4,2,7,-5,5557,5337,178,42
30/03/2020,KEPULAUAN BANGKA BELITUNG,1,0,0,1,1,0,0,1
31/03/2020,KEPULAUAN BANGKA BELITUNG,1,1,0,0,2,0,1,1
01/04/2020,KEPULAUAN BANGKA BELITUNG,0,0,0,0,2,0,1,1
02/04/2020,KEPULAUAN BANGKA BELITUNG,0,0,0,0,2,0,1,1
03/04/2020,KEPULAUAN BANGKA BELITUNG,0,0,0,0,2,0,1,1
04/04/2020,KEPULAUAN BANGKA BELITUNG,0,0,0,0,2,0,1,1
05/04/2020,KEPULAUAN BANGKA BELITUNG,0,0,0,0,2,0,1,1
06/04/2020,KEPULAUAN BANGKA BELITUNG,0,0,0,0,2,0,1,1
07/04/2020,KEPULAUAN BANGKA BELITUNG,0,0,0,0,2,0,1,1
08/04/2020,KEPULAUAN BANGKA BELITUNG,1,0,0,1,3,0,1,2
09/04/2020,KEPULAUAN BANGKA BELITUNG,1,0,0,1,4,0,1,3
10/04/2020,KEPULAUAN BANGKA BELITUNG,0,0,0,0,4,0,1,3
11/04/2020,KEPULAUAN BANGKA BELITUNG,1,0,0,1,5,0,1,4
12/04/2020,KEPULAUAN BANGKA BELITUNG,0,0,0,0,5,0,1,4
13/04/2020,KEPULAUAN BANGKA BELITUNG,0,0,0,0,5,0,1,4
14/04/2020,KEPULAUAN BANGKA BELITUNG,0,0,0,0,5,0,1,4
15/04/2020,KEPULAUAN BANGKA BELITUNG,1,0,0,1,6,0,1,5
16/04/2020,KEPULAUAN BANGKA BELITUNG,1,0,0,1,7,0,1,6
17/04/2020,KEPULAUAN BANGKA BELITUNG,0,0,0,0,7,0,1,6
18/04/2020,KEPULAUAN BANGKA BELITUNG,0,0,1,-1,7,1,1,5
19/04/2020,KEPULAUAN BANGKA BELITUNG,1,0,0,1,8,1,1,6
20/04/2020,KEPULAUAN BANGKA BELITUNG,0,0,0,0,8,1,1,6
21/04/2020,KEPULAUAN BANGKA BELITUNG,1,0,2,-1,9,3,1,5
22/04/2020,KEPULAUAN BANGKA BELITUNG,0,0,0,0,9,3,1,5
23/04/2020,KEPULAUAN BANGKA BELITUNG,1,0,0,1,10,3,1,6
24/04/2020,KEPULAUAN BANGKA BELITUNG,0,0,0,0,10,3,1,6
25/04/2020,KEPULAUAN BANGKA BELITUNG,0,0,0,0,10,3,1,6
26/04/2020,KEPULAUAN BANGKA BELITUNG,1,0,0,1,11,3,1,7
27/04/2020,KEPULAUAN BANGKA BELITUNG,0,0,0,0,11,3,1,7
28/04/2020,KEPULAUAN BANGKA BELITUNG,0,0,0,0,11,3,1,7
29/04/2020,KEPULAUAN BANGKA BELITUNG,0,0,0,0,11,3,1,7
30/04/2020,KEPULAUAN BANGKA BELITUNG,0,0,2,-2,11,5,1,5
01/05/2020,KEPULAUAN BANGKA BELITUNG,9,0,0,9,20,5,1,14
02/05/2020,KEPULAUAN BANGKA BELITUNG,0,0,0,0,20,5,1,14
03/05/2020,KEPULAUAN BANGKA BELITUNG,1,0,0,1,21,5,1,15
04/05/2020,KEPULAUAN BANGKA BELITUNG,0,0,0,0,21,5,1,15
05/05/2020,KEPULAUAN BANGKA BELITUNG,8,0,0,8,29,5,1,23
06/05/2020,KEPULAUAN BANGKA BELITUNG,0,0,2,-2,29,7,1,21
07/05/2020,KEPULAUAN BANGKA BELITUNG,0,0,0,0,29,7,1,21
08/05/2020,KEPULAUAN BANGKA BELITUNG,0,0,1,-1,29,8,1,20
09/05/2020,KEPULAUAN BANGKA BELITUNG,0,0,0,0,29,8,1,20
10/05/2020,KEPULAUAN BANGKA BELITUNG,1,0,0,1,30,8,1,21
11/05/2020,KEPULAUAN BANGKA BELITUNG,0,0,0,0,30,8,1,21
12/05/2020,KEPULAUAN BANGKA BELITUNG,0,0,0,0,30,8,1,21
13/05/2020,KEPULAUAN BANGKA BELITUNG,0,0,0,0,30,8,1,21
14/05/2020,KEPULAUAN BANGKA BELITUNG,0,0,0,0,30,8,1,21
15/05/2020,KEPULAUAN BANGKA BELITUNG,0,0,17,-17,30,25,1,4
16/05/2020,KEPULAUAN BANGKA BELITUNG,0,0,0,0,30,25,1,4
17/05/2020,KEPULAUAN BANGKA BELITUNG,0,0,0,0,30,25,1,4
18/05/2020,KEPULAUAN BANGKA BELITUNG,0,0,0,0,30,25,1,4
19/05/2020,KEPULAUAN BANGKA BELITUNG,0,0,0,0,30,25,1,4
20/05/2020,KEPULAUAN BANGKA BELITUNG,6,0,1,5,36,26,1,9
21/05/2020,KEPULAUAN BANGKA BELITUNG,1,0,1,0,37,27,1,9
22/05/2020,KEPULAUAN BANGKA BELITUNG,0,0,0,0,37,27,1,9
23/05/2020,KEPULAUAN BANGKA BELITUNG,3,0,1,2,40,28,1,11
24/05/2020,KEPULAUAN BANGKA BELITUNG,0,0,0,0,40,28,1,11
25/05/2020,KEPULAUAN BANGKA BELITUNG,0,0,0,0,40,28,1,11
26/05/2020,KEPULAUAN BANGKA BELITUNG,0,0,0,0,40,28,1,11
27/05/2020,KEPULAUAN BANGKA BELITUNG,3,0,0,3,43,28,1,14
28/05/2020,KEPULAUAN BANGKA BELITUNG,0,0,0,0,43,28,1,14
29/05/2020,KEPULAUAN BANGKA BELITUNG,0,0,0,0,43,28,1,14
30/05/2020,KEPULAUAN BANGKA BELITUNG,3,0,0,3,46,28,1,17
31/05/2020,KEPULAUAN BANGKA BELITUNG,1,0,1,0,47,29,1,17
01/06/2020,KEPULAUAN BANGKA BELITUNG,0,0,0,0,47,29,1,17
02/06/2020,KEPULAUAN BANGKA BELITUNG,4,0,1,3,51,30,1,20
03/06/2020,KEPULAUAN BANGKA BELITUNG,12,0,3,9,63,33,1,29
04/06/2020,KEPULAUAN BANGKA BELITUNG,10,0,2,8,73,35,1,37
05/06/2020,KEPULAUAN BANGKA BELITUNG,9,0,0,9,82,35,1,46
06/06/2020,KEPULAUAN BANGKA BELITUNG,17,0,1,16,99,36,1,62
07/06/2020,KEPULAUAN BANGKA BELITUNG,4,0,1,3,103,37,1,65
08/06/2020,KEPULAUAN BANGKA BELITUNG,0,0,1,-1,103,38,1,64
09/06/2020,KEPULAUAN BANGKA BELITUNG,19,0,5,14,122,43,1,78
10/06/2020,KEPULAUAN BANGKA BELITUNG,2,0,1,1,124,44,1,79
11/06/2020,KEPULAUAN BANGKA BELITUNG,3,0,3,0,127,47,1,79
12/06/2020,KEPULAUAN BANGKA BELITUNG,6,0,8,-2,133,55,1,77
13/06/2020,KEPULAUAN BANGKA BELITUNG,4,0,9,-5,137,64,1,72
14/06/2020,KEPULAUAN BANGKA BELITUNG,8,1,0,7,145,64,2,79
15/06/2020,KEPULAUAN BANGKA BELITUNG,0,0,0,0,145,64,2,79
16/06/2020,KEPULAUAN BANGKA BELITUNG,1,0,5,-4,146,69,2,75
17/06/2020,KEPULAUAN BANGKA BELITUNG,2,0,27,-25,148,96,2,50
18/06/2020,KEPULAUAN BANGKA BELITUNG,0,0,6,-6,148,102,2,44
19/06/2020,KEPULAUAN BANGKA BELITUNG,0,0,6,-6,148,108,2,38
20/06/2020,KEPULAUAN BANGKA BELITUNG,1,0,0,1,149,108,2,39
21/06/2020,KEPULAUAN BANGKA BELITUNG,0,0,0,0,149,108,2,39
22/06/2020,KEPULAUAN BANGKA BELITUNG,0,0,10,-10,149,118,2,29
23/06/2020,KEPULAUAN BANGKA BELITUNG,0,0,0,0,149,118,2,29
24/06/2020,KEPULAUAN BANGKA BELITUNG,0,0,9,-9,149,127,2,20
25/06/2020,KEPULAUAN BANGKA BELITUNG,0,0,1,-1,149,128,2,19
26/06/2020,KEPULAUAN BANGKA BELITUNG,0,0,3,-3,149,131,2,16
27/06/2020,KEPULAUAN BANGKA BELITUNG,1,0,2,-1,150,133,2,15
28/06/2020,KEPULAUAN BANGKA BELITUNG,0,0,0,0,150,133,2,15
29/06/2020,KEPULAUAN BANGKA BELITUNG,3,0,1,2,153,134,2,17
30/06/2020,KEPULAUAN BANGKA BELITUNG,0,0,1,-1,153,135,2,16
01/07/2020,KEPULAUAN BANGKA BELITUNG,3,0,1,2,156,136,2,18
02/07/2020,KEPULAUAN BANGKA BELITUNG,0,0,1,-1,156,137,2,17
03/07/2020,KEPULAUAN BANGKA BELITUNG,2,0,0,2,158,137,2,19
04/07/2020,KEPULAUAN BANGKA BELITUNG,4,0,0,4,162,137,2,23
05/07/2020,KEPULAUAN BANGKA BELITUNG,2,0,0,2,164,137,2,25
06/07/2020,KEPULAUAN BANGKA BELITUNG,6,0,0,6,170,137,2,31
07/07/2020,KEPULAUAN BANGKA BELITUNG,2,0,3,-1,172,140,2,30
08/07/2020,KEPULAUAN BANGKA BELITUNG,0,0,0,0,172,140,2,30
09/07/2020,KEPULAUAN BANGKA BELITUNG,0,0,1,-1,172,141,2,29
10/07/2020,KEPULAUAN BANGKA BELITUNG,0,0,1,-1,172,142,2,28
11/07/2020,KEPULAUAN BANGKA BELITUNG,1,0,1,0,173,143,2,28
12/07/2020,KEPULAUAN BANGKA BELITUNG,0,0,0,0,173,143,2,28
13/07/2020,KEPULAUAN BANGKA BELITUNG,0,0,3,-3,173,146,2,25
14/07/2020,KEPULAUAN BANGKA BELITUNG,2,0,0,2,175,146,2,27
15/07/2020,KEPULAUAN BANGKA BELITUNG,1,0,5,-4,176,151,2,23
16/07/2020,KEPULAUAN BANGKA BELITUNG,0,0,16,-16,176,167,2,7
17/07/2020,KEPULAUAN BANGKA BELITUNG,0,0,0,0,176,167,2,7
18/07/2020,KEPULAUAN BANGKA BELITUNG,1,0,1,0,177,168,2,7
19/07/2020,KEPULAUAN BANGKA BELITUNG,0,0,0,0,177,168,2,7
20/07/2020,KEPULAUAN BANGKA BELITUNG,4,0,0,4,181,168,2,11
21/07/2020,KEPULAUAN BANGKA BELITUNG,0,0,0,0,181,168,2,11
22/07/2020,KEPULAUAN BANGKA BELITUNG,1,0,2,-1,182,170,2,10
23/07/2020,KEPULAUAN BANGKA BELITUNG,1,0,0,1,183,170,2,11
24/07/2020,KEPULAUAN BANGKA BELITUNG,3,0,0,3,186,170,2,14
25/07/2020,KEPULAUAN BANGKA BELITUNG,1,0,3,-2,187,173,2,12
26/07/2020,KEPULAUAN BANGKA BELITUNG,2,0,1,1,189,174,2,13
27/07/2020,KEPULAUAN BANGKA BELITUNG,3,0,0,3,192,174,2,16
28/07/2020,KEPULAUAN BANGKA BELITUNG,0,0,0,0,192,174,2,16
29/07/2020,KEPULAUAN BANGKA BELITUNG,2,0,0,2,194,174,2,18
30/07/2020,KEPULAUAN BANGKA BELITUNG,0,0,0,0,194,174,2,18
31/07/2020,KEPULAUAN BANGKA BELITUNG,0,0,0,0,194,174,2,18
01/08/2020,KEPULAUAN BANGKA BELITUNG,0,0,0,0,194,174,2,18
02/08/2020,KEPULAUAN BANGKA BELITUNG,0,0,0,0,194,174,2,18
03/08/2020,KEPULAUAN BANGKA BELITUNG,3,0,0,3,197,174,2,21
04/08/2020,KEPULAUAN BANGKA BELITUNG,0,0,2,-2,197,176,2,19
05/08/2020,KEPULAUAN BANGKA BELITUNG,1,0,7,-6,198,183,2,13
06/08/2020,KEPULAUAN BANGKA BELITUNG,0,0,0,0,198,183,2,13
07/08/2020,KEPULAUAN BANGKA BELITUNG,3,0,3,0,201,186,2,13
08/08/2020,KEPULAUAN BANGKA BELITUNG,0,0,3,-3,201,189,2,10
09/08/2020,KEPULAUAN BANGKA BELITUNG,1,0,1,0,202,190,2,10
10/08/2020,KEPULAUAN BANGKA BELITUNG,2,0,0,2,204,190,2,12
11/08/2020,KEPULAUAN BANGKA BELITUNG,0,0,0,0,204,190,2,12
12/08/2020,KEPULAUAN BANGKA BELITUNG,0,0,6,-6,204,196,2,6
13/08/2020,KEPULAUAN BANGKA BELITUNG,0,0,0,0,204,196,2,6
14/08/2020,KEPULAUAN BANGKA BELITUNG,2,0,0,2,206,196,2,8
15/08/2020,KEPULAUAN BANGKA BELITUNG,2,0,0,2,208,196,2,10
16/08/2020,KEPULAUAN BANGKA BELITUNG,5,0,1,4,213,197,2,14
17/08/2020,KEPULAUAN BANGKA BELITUNG,2,0,0,2,215,197,2,16
18/08/2020,KEPULAUAN BANGKA BELITUNG,2,0,2,0,217,199,2,16
19/08/2020,KEPULAUAN BANGKA BELITUNG,3,0,3,0,220,202,2,16
20/08/2020,KEPULAUAN BANGKA BELITUNG,1,0,0,1,221,202,2,17
21/08/2020,KEPULAUAN BANGKA BELITUNG,2,0,0,2,223,202,2,19
22/08/2020,KEPULAUAN BANGKA BELITUNG,4,0,0,4,227,202,2,23
23/08/2020,KEPULAUAN BANGKA BELITUNG,2,0,0,2,229,202,2,25
24/08/2020,KEPULAUAN BANGKA BELITUNG,0,0,2,-2,229,204,2,23
25/08/2020,KEPULAUAN BANGKA BELITUNG,3,0,5,-2,232,209,2,21
26/08/2020,KEPULAUAN BANGKA BELITUNG,4,0,4,0,236,213,2,21
27/08/2020,KEPULAUAN BANGKA BELITUNG,0,0,0,0,236,213,2,21
28/08/2020,KEPULAUAN BANGKA BELITUNG,0,0,2,-2,236,215,2,19
29/08/2020,KEPULAUAN BANGKA BELITUNG,0,0,3,-3,236,218,2,16
30/08/2020,KEPULAUAN BANGKA BELITUNG,4,0,0,4,240,218,2,20
31/08/2020,KEPULAUAN BANGKA BELITUNG,0,0,6,-6,240,224,2,14
01/09/2020,KEPULAUAN BANGKA BELITUNG,0,0,0,0,240,224,2,14
02/09/2020,KEPULAUAN BANGKA BELITUNG,0,0,1,-1,240,225,2,13
03/09/2020,KEPULAUAN BANGKA BELITUNG,1,0,2,-1,241,227,2,12
04/09/2020,KEPULAUAN BANGKA BELITUNG,2,0,2,0,243,229,2,12
05/09/2020,KEPULAUAN BANGKA BELITUNG,0,0,3,-3,243,232,2,9
06/09/2020,KEPULAUAN BANGKA BELITUNG,1,0,0,1,244,232,2,10
07/09/2020,KEPULAUAN BANGKA BELITUNG,0,0,0,0,244,232,2,10
08/09/2020,KEPULAUAN BANGKA BELITUNG,7,0,4,3,251,236,2,13
09/09/2020,KEPULAUAN BANGKA BELITUNG,2,0,0,2,253,236,2,15
10/09/2020,KEPULAUAN BANGKA BELITUNG,11,1,2,8,264,238,3,23
11/09/2020,KEPULAUAN BANGKA BELITUNG,7,0,0,7,271,238,3,30
12/09/2020,KEPULAUAN BANGKA BELITUNG,5,0,0,5,276,238,3,35
13/09/2020,KEPULAUAN BANGKA BELITUNG,8,0,2,6,284,240,3,41
14/09/2020,KEPULAUAN BANGKA BELITUNG,0,0,0,0,284,240,3,41
15/09/2020,KEPULAUAN BANGKA BELITUNG,1,0,5,-4,285,245,3,37
16/09/2020,KEPULAUAN BANGKA BELITUNG,11,0,2,9,296,247,3,46
17/09/2020,KEPULAUAN BANGKA BELITUNG,10,0,0,10,306,247,3,56
18/09/2020,KEPULAUAN BANGKA BELITUNG,1,1,3,-3,307,250,4,53
19/09/2020,KEPULAUAN BANGKA BELITUNG,4,0,13,-9,311,263,4,44
20/09/2020,KEPULAUAN BANGKA BELITUNG,1,0,2,-1,312,265,4,43
21/09/2020,KEPULAUAN BANGKA BELITUNG,1,0,4,-3,313,269,4,40
22/09/2020,KEPULAUAN BANGKA BELITUNG,8,0,1,7,321,270,4,47
23/09/2020,KEPULAUAN BANGKA BELITUNG,14,0,0,14,335,270,4,61
24/09/2020,KEPULAUAN BANGKA BELITUNG,1,0,5,-4,336,275,4,57
25/09/2020,KEPULAUAN BANGKA BELITUNG,1,0,3,-2,337,278,4,55
26/09/2020,KEPULAUAN BANGKA BELITUNG,1,0,1,0,338,279,4,55
27/09/2020,KEPULAUAN BANGKA BELITUNG,0,0,13,-13,338,292,4,42
28/09/2020,KEPULAUAN BANGKA BELITUNG,0,0,9,-9,338,301,4,33
29/09/2020,KEPULAUAN BANGKA BELITUNG,10,0,2,8,348,303,4,41
30/09/2020,KEPULAUAN BANGKA BELITUNG,14,0,1,13,362,304,4,54
01/10/2020,KEPULAUAN BANGKA BELITUNG,10,0,0,10,372,304,4,64
02/10/2020,KEPULAUAN BANGKA BELITUNG,16,1,9,6,388,313,5,70
03/10/2020,KEPULAUAN BANGKA BELITUNG,19,0,4,15,407,317,5,85
04/10/2020,KEPULAUAN BANGKA BELITUNG,5,1,6,-2,412,323,6,83
05/10/2020,KEPULAUAN BANGKA BELITUNG,12,0,6,6,424,329,6,89
06/10/2020,KEPULAUAN BANGKA BELITUNG,5,0,2,3,429,331,6,92
07/10/2020,KEPULAUAN BANGKA BELITUNG,10,0,1,9,439,332,6,101
08/10/2020,KEPULAUAN BANGKA BELITUNG,2,0,0,2,441,332,6,103
09/10/2020,KEPULAUAN BANGKA BELITUNG,14,0,2,12,455,334,6,115
10/10/2020,KEPULAUAN BANGKA BELITUNG,7,0,23,-16,462,357,6,99
11/10/2020,KEPULAUAN BANGKA BELITUNG,13,0,5,8,475,362,6,107
12/10/2020,KEPULAUAN BANGKA BELITUNG,0,0,2,-2,475,364,6,105
13/10/2020,KEPULAUAN BANGKA BELITUNG,1,0,13,-12,476,377,6,93
14/10/2020,KEPULAUAN BANGKA BELITUNG,5,0,26,-21,481,403,6,72
15/10/2020,KEPULAUAN BANGKA BELITUNG,4,0,10,-6,485,413,6,66
16/10/2020,KEPULAUAN BANGKA BELITUNG,4,0,6,-2,489,419,6,64
17/10/2020,KEPULAUAN BANGKA BELITUNG,11,0,12,-1,500,431,6,63
18/10/2020,KEPULAUAN BANGKA BELITUNG,16,1,6,9,516,437,7,72
19/10/2020,KEPULAUAN BANGKA BELITUNG,1,0,15,-14,517,452,7,58
20/10/2020,KEPULAUAN BANGKA BELITUNG,7,0,5,2,524,457,7,60
21/10/2020,KEPULAUAN BANGKA BELITUNG,15,0,5,10,539,462,7,70
22/10/2020,KEPULAUAN BANGKA BELITUNG,6,0,7,-1,545,469,7,69
23/10/2020,KEPULAUAN BANGKA BELITUNG,0,0,3,-3,545,472,7,66
24/10/2020,KEPULAUAN BANGKA BELITUNG,5,0,2,3,550,474,7,69
25/10/2020,KEPULAUAN BANGKA BELITUNG,4,0,2,2,554,476,7,71
26/10/2020,KEPULAUAN BANGKA BELITUNG,1,0,7,-6,555,483,7,65
27/10/2020,KEPULAUAN BANGKA BELITUNG,12,0,13,-1,567,496,7,64
28/10/2020,KEPULAUAN BANGKA BELITUNG,7,0,15,-8,574,511,7,56
29/10/2020,KEPULAUAN BANGKA BELITUNG,5,0,2,3,579,513,7,59
30/10/2020,KEPULAUAN BANGKA BELITUNG,3,0,0,3,582,513,7,62
31/10/2020,KEPULAUAN BANGKA BELITUNG,2,0,12,-10,584,525,7,52
01/11/2020,KEPULAUAN BANGKA BELITUNG,4,0,2,2,588,527,7,54
02/11/2020,KEPULAUAN BANGKA BELITUNG,5,0,7,-2,593,534,7,52
03/11/2020,KEPULAUAN BANGKA BELITUNG,11,0,7,4,604,541,7,56
04/11/2020,KEPULAUAN BANGKA BELITUNG,34,0,6,28,638,547,7,84
05/11/2020,KEPULAUAN BANGKA BELITUNG,15,0,3,12,653,550,7,96
06/11/2020,KEPULAUAN BANGKA BELITUNG,15,0,13,2,668,563,7,98
07/11/2020,KEPULAUAN BANGKA BELITUNG,13,0,4,9,681,567,7,107
08/11/2020,KEPULAUAN BANGKA BELITUNG,16,0,9,7,697,576,7,114
09/11/2020,KEPULAUAN BANGKA BELITUNG,0,0,7,-7,697,583,7,107
10/11/2020,KEPULAUAN BANGKA BELITUNG,10,1,0,9,707,583,8,116
11/11/2020,KEPULAUAN BANGKA BELITUNG,48,0,3,45,755,586,8,161
12/11/2020,KEPULAUAN BANGKA BELITUNG,23,2,4,17,778,590,10,178
13/11/2020,KEPULAUAN BANGKA BELITUNG,11,0,9,2,789,599,10,180
14/11/2020,KEPULAUAN BANGKA BELITUNG,15,0,45,-30,804,644,10,150
15/11/2020,KEPULAUAN BANGKA BELITUNG,0,0,10,-10,804,654,10,140
16/11/2020,KEPULAUAN BANGKA BELITUNG,2,0,7,-5,806,661,10,135
17/11/2020,KEPULAUAN BANGKA BELITUNG,15,0,46,-31,821,707,10,104
18/11/2020,KEPULAUAN BANGKA BELITUNG,12,0,14,-2,833,721,10,102
19/11/2020,KEPULAUAN BANGKA BELITUNG,23,1,0,22,856,721,11,124
20/11/2020,KEPULAUAN BANGKA BELITUNG,10,0,27,-17,866,748,11,107
21/11/2020,KEPULAUAN BANGKA BELITUNG,8,0,7,1,874,755,11,108
22/11/2020,KEPULAUAN BANGKA BELITUNG,9,0,5,4,883,760,11,112
23/11/2020,KEPULAUAN BANGKA BELITUNG,11,1,6,4,894,766,12,116
24/11/2020,KEPULAUAN BANGKA BELITUNG,15,0,5,10,909,771,12,126
25/11/2020,KEPULAUAN BANGKA BELITUNG,19,0,12,7,928,783,12,133
26/11/2020,KEPULAUAN BANGKA BELITUNG,17,0,2,15,945,785,12,148
27/11/2020,KEPULAUAN BANGKA BELITUNG,20,0,11,9,965,796,12,157
28/11/2020,KEPULAUAN BANGKA BELITUNG,18,1,23,-6,983,819,13,151
29/11/2020,KEPULAUAN BANGKA BELITUNG,12,0,23,-11,995,842,13,140
30/11/2020,KEPULAUAN BANGKA BELITUNG,8,0,12,-4,1003,854,13,136
01/12/2020,KEPULAUAN BANGKA BELITUNG,34,1,23,10,1037,877,14,146
02/12/2020,KEPULAUAN BANGKA BELITUNG,14,0,6,8,1051,883,14,154
03/12/2020,KEPULAUAN BANGKA BELITUNG,30,1,9,20,1081,892,15,174
04/12/2020,KEPULAUAN BANGKA BELITUNG,81,0,9,72,1162,901,15,246
05/12/2020,KEPULAUAN BANGKA BELITUNG,26,2,23,1,1188,924,17,247
06/12/2020,KEPULAUAN BANGKA BELITUNG,42,0,30,12,1230,954,17,259
07/12/2020,KEPULAUAN BANGKA BELITUNG,14,1,21,-8,1244,975,18,251
08/12/2020,KEPULAUAN BANGKA BELITUNG,40,0,15,25,1284,990,18,276
09/12/2020,KEPULAUAN BANGKA BELITUNG,22,1,12,9,1306,1002,19,285
10/12/2020,KEPULAUAN BANGKA BELITUNG,13,0,4,9,1319,1006,19,294
11/12/2020,KEPULAUAN BANGKA BELITUNG,28,0,54,-26,1347,1060,19,268
12/12/2020,KEPULAUAN BANGKA BELITUNG,39,0,15,24,1386,1075,19,292
13/12/2020,KEPULAUAN BANGKA BELITUNG,49,1,33,15,1435,1108,20,307
14/12/2020,KEPULAUAN BANGKA BELITUNG,13,0,27,-14,1448,1135,20,293
15/12/2020,KEPULAUAN BANGKA BELITUNG,39,1,53,-15,1487,1188,21,278
16/12/2020,KEPULAUAN BANGKA BELITUNG,41,3,31,7,1528,1219,24,285
17/12/2020,KEPULAUAN BANGKA BELITUNG,50,0,15,35,1578,1234,24,320
18/12/2020,KEPULAUAN BANGKA BELITUNG,35,1,26,8,1613,1260,25,328
19/12/2020,KEPULAUAN BANGKA BELITUNG,32,1,37,-6,1645,1297,26,322
20/12/2020,KEPULAUAN BANGKA BELITUNG,53,1,21,31,1698,1318,27,353
21/12/2020,KEPULAUAN BANGKA BELITUNG,21,0,40,-19,1719,1358,27,334
22/12/2020,KEPULAUAN BANGKA BELITUNG,33,1,29,3,1752,1387,28,337
23/12/2020,KEPULAUAN BANGKA BELITUNG,50,0,5,45,1802,1392,28,382
24/12/2020,KEPULAUAN BANGKA BELITUNG,68,0,22,46,1870,1414,28,428
25/12/2020,KEPULAUAN BANGKA BELITUNG,79,2,54,23,1949,1468,30,451
26/12/2020,KEPULAUAN BANGKA BELITUNG,54,1,16,37,2003,1484,31,488
27/12/2020,KEPULAUAN BANGKA BELITUNG,75,1,64,10,2078,1548,32,498
28/12/2020,KEPULAUAN BANGKA BELITUNG,61,0,43,18,2139,1591,32,516
29/12/2020,KEPULAUAN BANGKA BELITUNG,54,1,38,15,2193,1629,33,531
30/12/2020,KEPULAUAN BANGKA BELITUNG,90,1,34,55,2283,1663,34,586
31/12/2020,KEPULAUAN BANGKA BELITUNG,55,1,55,-1,2338,1718,35,585
01/01/2021,KEPULAUAN BANGKA BELITUNG,80,1,40,39,2418,1758,36,624
02/01/2021,KEPULAUAN BANGKA BELITUNG,60,0,36,24,2478,1794,36,648
03/01/2021,KEPULAUAN BANGKA BELITUNG,60,0,54,6,2538,1848,36,654
04/01/2021,KEPULAUAN BANGKA BELITUNG,50,3,45,2,2588,1893,39,656
05/01/2021,KEPULAUAN BANGKA BELITUNG,51,3,88,-40,2639,1981,42,616
06/01/2021,KEPULAUAN BANGKA BELITUNG,78,3,74,1,2717,2055,45,617
07/01/2021,KEPULAUAN BANGKA BELITUNG,47,3,80,-36,2764,2135,48,581
08/01/2021,KEPULAUAN BANGKA BELITUNG,75,0,49,26,2839,2184,48,607
09/01/2021,KEPULAUAN BANGKA BELITUNG,71,0,39,32,2910,2223,48,639
10/01/2021,KEPULAUAN BANGKA BELITUNG,96,4,89,3,3006,2312,52,642
11/01/2021,KEPULAUAN BANGKA BELITUNG,91,1,63,27,3097,2375,53,669
12/01/2021,KEPULAUAN BANGKA BELITUNG,36,0,37,-1,3133,2412,53,668
13/01/2021,KEPULAUAN BANGKA BELITUNG,88,3,68,17,3221,2480,56,685
14/01/2021,KEPULAUAN BANGKA BELITUNG,62,2,73,-13,3283,2553,58,672
15/01/2021,KEPULAUAN BANGKA BELITUNG,45,3,77,-35,3328,2630,61,637
16/01/2021,KEPULAUAN BANGKA BELITUNG,69,1,43,25,3397,2673,62,662
17/01/2021,KEPULAUAN BANGKA BELITUNG,85,1,97,-13,3482,2770,63,649
18/01/2021,KEPULAUAN BANGKA BELITUNG,60,2,95,-37,3542,2865,65,612
19/01/2021,KEPULAUAN BANGKA BELITUNG,43,1,42,0,3585,2907,66,612
20/01/2021,KEPULAUAN BANGKA BELITUNG,55,3,87,-35,3640,2994,69,577
21/01/2021,KEPULAUAN BANGKA BELITUNG,79,5,60,14,3719,3054,74,591
22/01/2021,KEPULAUAN BANGKA BELITUNG,103,1,114,-12,3822,3168,75,579
23/01/2021,KEPULAUAN BANGKA BELITUNG,94,1,103,-10,3916,3271,76,569
24/01/2021,KEPULAUAN BANGKA BELITUNG,75,2,47,26,3991,3318,78,595
25/01/2021,KEPULAUAN BANGKA BELITUNG,118,0,132,-14,4109,3450,78,581
26/01/2021,KEPULAUAN BANGKA BELITUNG,79,1,63,15,4188,3513,79,596
27/01/2021,KEPULAUAN BANGKA BELITUNG,90,0,76,14,4278,3589,79,610
28/01/2021,KEPULAUAN BANGKA BELITUNG,95,0,71,24,4373,3660,79,634
29/01/2021,KEPULAUAN BANGKA BELITUNG,117,2,78,37,4490,3738,81,671
30/01/2021,KEPULAUAN BANGKA BELITUNG,123,1,103,19,4613,3841,82,690
31/01/2021,KEPULAUAN BANGKA BELITUNG,55,1,67,-13,4668,3908,83,677
01/02/2021,KEPULAUAN BANGKA BELITUNG,69,1,39,29,4737,3947,84,706
02/02/2021,KEPULAUAN BANGKA BELITUNG,38,0,53,-15,4775,4000,84,691
03/02/2021,KEPULAUAN BANGKA BELITUNG,97,1,70,26,4872,4070,85,717
04/02/2021,KEPULAUAN BANGKA BELITUNG,121,0,119,2,4993,4189,85,719
05/02/2021,KEPULAUAN BANGKA BELITUNG,115,1,81,33,5108,4270,86,752
06/02/2021,KEPULAUAN BANGKA BELITUNG,135,1,109,25,5243,4379,87,777
07/02/2021,KEPULAUAN BANGKA BELITUNG,95,1,105,-11,5338,4484,88,766
08/02/2021,KEPULAUAN BANGKA BELITUNG,95,3,77,15,5433,4561,91,781
09/02/2021,KEPULAUAN BANGKA BELITUNG,28,1,55,-28,5461,4616,92,753
10/02/2021,KEPULAUAN BANGKA BELITUNG,89,0,95,-6,5550,4711,92,747
11/02/2021,KEPULAUAN BANGKA BELITUNG,160,3,98,59,5710,4809,95,806
12/02/2021,KEPULAUAN BANGKA BELITUNG,114,1,151,-38,5824,4960,96,768
13/02/2021,KEPULAUAN BANGKA BELITUNG,133,1,119,13,5957,5079,97,781
14/02/2021,KEPULAUAN BANGKA BELITUNG,130,0,74,56,6087,5153,97,837
15/02/2021,KEPULAUAN BANGKA BELITUNG,138,0,122,16,6225,5275,97,853
16/02/2021,KEPULAUAN BANGKA BELITUNG,54,0,12,42,6279,5287,97,895
17/02/2021,KEPULAUAN BANGKA BELITUNG,116,0,19,97,6395,5306,97,992
18/02/2021,KEPULAUAN BANGKA BELITUNG,127,5,247,-125,6522,5553,102,867
19/02/2021,KEPULAUAN BANGKA BELITUNG,85,1,185,-101,6607,5738,103,766
20/02/2021,KEPULAUAN BANGKA BELITUNG,132,1,99,32,6739,5837,104,798
21/02/2021,KEPULAUAN BANGKA BELITUNG,55,1,54,0,6794,5891,105,798
22/02/2021,KEPULAUAN BANGKA BELITUNG,70,0,79,-9,6864,5970,105,789
23/02/2021,KEPULAUAN BANGKA BELITUNG,41,1,43,-3,6905,6013,106,786
24/02/2021,KEPULAUAN BANGKA BELITUNG,236,2,66,168,7141,6079,108,954
25/02/2021,KEPULAUAN BANGKA BELITUNG,45,1,286,-242,7186,6365,109,712
26/02/2021,KEPULAUAN BANGKA BELITUNG,70,1,58,11,7256,6423,110,723
27/02/2021,KEPULAUAN BANGKA BELITUNG,44,1,88,-45,7300,6511,111,678
28/02/2021,KEPULAUAN BANGKA BELITUNG,47,0,87,-40,7347,6598,111,638
01/03/2021,KEPULAUAN BANGKA BELITUNG,27,1,53,-27,7374,6651,112,611
02/03/2021,KEPULAUAN BANGKA BELITUNG,26,0,54,-28,7400,6705,112,583
03/03/2021,KEPULAUAN BANGKA BELITUNG,61,0,83,-22,7461,6788,112,561
04/03/2021,KEPULAUAN BANGKA BELITUNG,32,0,36,-4,7493,6824,112,557
05/03/2021,KEPULAUAN BANGKA BELITUNG,50,0,81,-31,7543,6905,112,526
06/03/2021,KEPULAUAN BANGKA BELITUNG,75,1,85,-11,7618,6990,113,515
07/03/2021,KEPULAUAN BANGKA BELITUNG,37,3,56,-22,7655,7046,116,493
08/03/2021,KEPULAUAN BANGKA BELITUNG,62,1,48,13,7717,7094,117,506
09/03/2021,KEPULAUAN BANGKA BELITUNG,49,1,57,-9,7766,7151,118,497
10/03/2021,KEPULAUAN BANGKA BELITUNG,22,0,16,6,7788,7167,118,503
11/03/2021,KEPULAUAN BANGKA BELITUNG,54,1,17,36,7842,7184,119,539
12/03/2021,KEPULAUAN BANGKA BELITUNG,63,4,60,-1,7905,7244,123,538
13/03/2021,KEPULAUAN BANGKA BELITUNG,68,1,41,26,7973,7285,124,564
14/03/2021,KEPULAUAN BANGKA BELITUNG,86,0,33,53,8059,7318,124,617
15/03/2021,KEPULAUAN BANGKA BELITUNG,49,2,30,17,8108,7348,126,634
16/03/2021,KEPULAUAN BANGKA BELITUNG,91,1,52,38,8199,7400,127,672
17/03/2021,KEPULAUAN BANGKA BELITUNG,50,0,32,18,8249,7432,127,690
18/03/2021,KEPULAUAN BANGKA BELITUNG,59,4,63,-8,8308,7495,131,682
19/03/2021,KEPULAUAN BANGKA BELITUNG,58,1,45,12,8366,7540,132,694
20/03/2021,KEPULAUAN BANGKA BELITUNG,165,1,101,63,8531,7641,133,757
21/03/2021,KEPULAUAN BANGKA BELITUNG,95,3,92,0,8626,7733,136,757
22/03/2021,KEPULAUAN BANGKA BELITUNG,84,3,78,3,8710,7811,139,760
23/03/2021,KEPULAUAN BANGKA BELITUNG,44,1,86,-43,8754,7897,140,717
24/03/2021,KEPULAUAN BANGKA BELITUNG,68,0,41,27,8822,7938,140,744
25/03/2021,KEPULAUAN BANGKA BELITUNG,101,2,83,16,8923,8021,142,760
26/03/2021,KEPULAUAN BANGKA BELITUNG,52,0,93,-41,8975,8114,142,719
27/03/2021,KEPULAUAN BANGKA BELITUNG,75,3,53,19,9050,8167,145,738
28/03/2021,KEPULAUAN BANGKA BELITUNG,94,2,50,42,9144,8217,147,780
29/03/2021,KEPULAUAN BANGKA BELITUNG,63,2,54,7,9207,8271,149,787
30/03/2021,KEPULAUAN BANGKA BELITUNG,89,3,60,26,9296,8331,152,813
31/03/2021,KEPULAUAN BANGKA BELITUNG,68,3,90,-25,9364,8421,155,788
01/04/2021,KEPULAUAN BANGKA BELITUNG,100,2,61,37,9464,8482,157,825
02/04/2021,KEPULAUAN BANGKA BELITUNG,46,0,64,-18,9510,8546,157,807
03/04/2021,KEPULAUAN BANGKA BELITUNG,83,1,103,-21,9593,8649,158,786
04/04/2021,KEPULAUAN BANGKA BELITUNG,60,2,55,3,9653,8704,160,789
05/04/2021,KEPULAUAN BANGKA BELITUNG,102,2,80,20,9755,8784,162,809
06/04/2021,KEPULAUAN BANGKA BELITUNG,62,2,38,22,9817,8822,164,831
07/04/2021,KEPULAUAN BANGKA BELITUNG,72,1,69,2,9889,8891,165,833
08/04/2021,KEPULAUAN BANGKA BELITUNG,95,0,134,-39,9984,9025,165,794
09/04/2021,KEPULAUAN BANGKA BELITUNG,71,2,45,24,10055,9070,167,818
10/04/2021,KEPULAUAN BANGKA BELITUNG,54,2,92,-40,10109,9162,169,778
11/04/2021,KEPULAUAN BANGKA BELITUNG,183,2,142,39,10292,9304,171,817
12/04/2021,KEPULAUAN BANGKA BELITUNG,81,2,57,22,10373,9361,173,839
13/04/2021,KEPULAUAN BANGKA BELITUNG,117,0,66,51,10490,9427,173,890
14/04/2021,KEPULAUAN BANGKA BELITUNG,144,0,34,110,10634,9461,173,1000
15/04/2021,KEPULAUAN BANGKA BELITUNG,188,2,116,70,10822,9577,175,1070
16/04/2021,KEPULAUAN BANGKA BELITUNG,146,2,59,85,10968,9636,177,1155
17/04/2021,KEPULAUAN BANGKA BELITUNG,94,2,46,46,11062,9682,179,1201
18/04/2021,KEPULAUAN BANGKA BELITUNG,114,1,47,66,11176,9729,180,1267
19/04/2021,KEPULAUAN BANGKA BELITUNG,76,4,170,-98,11252,9899,184,1169
20/04/2021,KEPULAUAN BANGKA BELITUNG,152,2,129,21,11404,10028,186,1190
21/04/2021,KEPULAUAN BANGKA BELITUNG,162,0,74,88,11566,10102,186,1278
22/04/2021,KEPULAUAN BANGKA BELITUNG,133,2,91,40,11699,10193,188,1318
23/04/2021,KEPULAUAN BANGKA BELITUNG,339,1,267,71,12038,10460,189,1389
24/04/2021,KEPULAUAN BANGKA BELITUNG,167,2,197,-32,12205,10657,191,1357
25/04/2021,KEPULAUAN BANGKA BELITUNG,263,1,119,143,12468,10776,192,1500
26/04/2021,KEPULAUAN BANGKA BELITUNG,194,4,175,15,12662,10951,196,1515
27/04/2021,KEPULAUAN BANGKA BELITUNG,160,5,321,-166,12822,11272,201,1349
28/04/2021,KEPULAUAN BANGKA BELITUNG,160,4,67,89,12982,11339,205,1438
29/04/2021,KEPULAUAN BANGKA BELITUNG,238,3,115,120,13220,11454,208,1558
30/04/2021,KEPULAUAN BANGKA BELITUNG,226,3,151,72,13446,11605,211,1630
01/05/2021,KEPULAUAN BANGKA BELITUNG,200,2,142,56,13646,11747,213,1686
02/05/2021,KEPULAUAN BANGKA BELITUNG,93,4,89,0,13739,11836,217,1686
03/05/2021,KEPULAUAN BANGKA BELITUNG,82,1,140,-59,13821,11976,218,1627
04/05/2021,KEPULAUAN BANGKA BELITUNG,167,2,223,-58,13988,12199,220,1569
05/05/2021,KEPULAUAN BANGKA BELITUNG,125,1,130,-6,14113,12329,221,1563
06/05/2021,KEPULAUAN BANGKA BELITUNG,168,1,151,16,14281,12480,222,1579
07/05/2021,KEPULAUAN BANGKA BELITUNG,197,1,343,-147,14478,12823,223,1432
08/05/2021,KEPULAUAN BANGKA BELITUNG,267,6,154,107,14745,12977,229,1539
09/05/2021,KEPULAUAN BANGKA BELITUNG,184,3,157,24,14929,13134,232,1563
10/05/2021,KEPULAUAN BANGKA BELITUNG,112,0,132,-20,15041,13266,232,1543
11/05/2021,KEPULAUAN BANGKA BELITUNG,143,1,188,-46,15184,13454,233,1497
12/05/2021,KEPULAUAN BANGKA BELITUNG,211,2,110,99,15395,13564,235,1596
13/05/2021,KEPULAUAN BANGKA BELITUNG,73,2,71,0,15468,13635,237,1596
14/05/2021,KEPULAUAN BANGKA BELITUNG,65,0,132,-67,15533,13767,237,1529
15/05/2021,KEPULAUAN BANGKA BELITUNG,41,2,146,-107,15574,13913,239,1422
16/05/2021,KEPULAUAN BANGKA BELITUNG,75,3,173,-101,15649,14086,242,1321
17/05/2021,KEPULAUAN BANGKA BELITUNG,108,1,214,-107,15757,14300,243,1214
18/05/2021,KEPULAUAN BANGKA BELITUNG,131,2,308,-179,15888,14608,245,1035
19/05/2021,KEPULAUAN BANGKA BELITUNG,164,2,139,23,16052,14747,247,1058
20/05/2021,KEPULAUAN BANGKA BELITUNG,194,2,149,43,16246,14896,249,1101
21/05/2021,KEPULAUAN BANGKA BELITUNG,240,1,88,151,16486,14984,250,1252
22/05/2021,KEPULAUAN BANGKA BELITUNG,190,1,66,123,16676,15050,251,1375
23/05/2021,KEPULAUAN BANGKA BELITUNG,183,0,133,50,16859,15183,251,1425
24/05/2021,KEPULAUAN BANGKA BELITUNG,135,0,99,36,16994,15282,251,1461
25/05/2021,KEPULAUAN BANGKA BELITUNG,166,5,63,98,17160,15345,256,1559
26/05/2021,KEPULAUAN BANGKA BELITUNG,271,2,78,191,17431,15423,258,1750
27/05/2021,KEPULAUAN BANGKA BELITUNG,132,2,102,28,17563,15525,260,1778
28/05/2021,KEPULAUAN BANGKA BELITUNG,183,7,122,54,17746,15647,267,1832
29/05/2021,KEPULAUAN BANGKA BELITUNG,176,2,213,-39,17922,15860,269,1793
30/05/2021,KEPULAUAN BANGKA BELITUNG,245,0,120,125,18167,15980,269,1918
31/05/2021,KEPULAUAN BANGKA BELITUNG,130,0,254,-124,18297,16234,269,1794
01/06/2021,KEPULAUAN BANGKA BELITUNG,90,1,175,-86,18387,16409,270,1708
02/06/2021,KEPULAUAN BANGKA BELITUNG,100,4,152,-56,18487,16561,274,1652
03/06/2021,KEPULAUAN BANGKA BELITUNG,159,0,238,-79,18646,16799,274,1573
04/06/2021,KEPULAUAN BANGKA BELITUNG,279,3,163,113,18925,16962,277,1686
05/06/2021,KEPULAUAN BANGKA BELITUNG,149,3,138,8,19074,17100,280,1694
06/06/2021,KEPULAUAN BANGKA BELITUNG,52,3,189,-140,19126,17289,283,1554
07/06/2021,KEPULAUAN BANGKA BELITUNG,68,4,236,-172,19194,17525,287,1382
08/06/2021,KEPULAUAN BANGKA BELITUNG,113,2,114,-3,19307,17639,289,1379
09/06/2021,KEPULAUAN BANGKA BELITUNG,108,5,156,-53,19415,17795,294,1326
10/06/2021,KEPULAUAN BANGKA BELITUNG,89,4,148,-63,19504,17943,298,1263
11/06/2021,KEPULAUAN BANGKA BELITUNG,97,2,147,-52,19601,18090,300,1211
12/06/2021,KEPULAUAN BANGKA BELITUNG,57,1,194,-138,19658,18284,301,1073
13/06/2021,KEPULAUAN BANGKA BELITUNG,43,0,140,-97,19701,18424,301,976
26/03/2020,ACEH,1,0,0,1,1,0,0,1
27/03/2020,ACEH,3,0,0,3,4,0,0,4
28/03/2020,ACEH,1,0,0,1,5,0,0,5
29/03/2020,ACEH,0,0,0,0,5,0,0,5
30/03/2020,ACEH,0,0,0,0,5,0,0,5
31/03/2020,ACEH,0,0,0,0,5,0,0,5
01/04/2020,ACEH,0,0,0,0,5,0,0,5
02/04/2020,ACEH,0,0,0,0,5,0,0,5
03/04/2020,ACEH,0,0,0,0,5,0,0,5
04/04/2020,ACEH,0,0,0,0,5,0,0,5
05/04/2020,ACEH,0,0,0,0,5,0,0,5
06/04/2020,ACEH,0,0,0,0,5,0,0,5
07/04/2020,ACEH,0,0,0,0,5,0,0,5
08/04/2020,ACEH,0,0,0,0,5,0,0,5
09/04/2020,ACEH,0,0,1,-1,5,1,0,4
10/04/2020,ACEH,0,0,0,0,5,1,0,4
11/04/2020,ACEH,0,0,0,0,5,1,0,4
12/04/2020,ACEH,0,0,0,0,5,1,0,4
13/04/2020,ACEH,0,0,2,-2,5,3,0,2
14/04/2020,ACEH,0,0,0,0,5,3,0,2
15/04/2020,ACEH,0,0,0,0,5,3,0,2
16/04/2020,ACEH,0,0,0,0,5,3,0,2
17/04/2020,ACEH,0,0,0,0,5,3,0,2
18/04/2020,ACEH,1,0,0,1,6,3,0,3
19/04/2020,ACEH,1,0,0,1,7,3,0,4
20/04/2020,ACEH,0,0,0,0,7,3,0,4
21/04/2020,ACEH,0,0,0,0,7,3,0,4
22/04/2020,ACEH,0,0,0,0,7,3,0,4
23/04/2020,ACEH,0,1,0,-1,7,3,1,3
24/04/2020,ACEH,1,0,0,1,8,3,1,4
25/04/2020,ACEH,1,0,0,1,9,3,1,5
26/04/2020,ACEH,0,0,0,0,9,3,1,5
27/04/2020,ACEH,0,0,1,-1,9,4,1,4
28/04/2020,ACEH,0,0,1,-1,9,5,1,3
29/04/2020,ACEH,0,0,1,-1,9,6,1,2
30/04/2020,ACEH,1,0,0,1,10,6,1,3
01/05/2020,ACEH,1,0,0,1,11,6,1,4
02/05/2020,ACEH,0,0,0,0,11,6,1,4
03/05/2020,ACEH,1,0,2,-1,12,8,1,3
04/05/2020,ACEH,0,0,0,0,12,8,1,3
05/05/2020,ACEH,0,0,0,0,12,8,1,3
06/05/2020,ACEH,5,0,0,5,17,8,1,8
07/05/2020,ACEH,0,0,0,0,17,8,1,8
08/05/2020,ACEH,0,0,3,-3,17,11,1,5
09/05/2020,ACEH,0,0,0,0,17,11,1,5
10/05/2020,ACEH,0,0,0,0,17,11,1,5
11/05/2020,ACEH,0,0,1,-1,17,12,1,4
12/05/2020,ACEH,0,0,0,0,17,12,1,4
13/05/2020,ACEH,0,0,1,-1,17,13,1,3
14/05/2020,ACEH,0,0,0,0,17,13,1,3
15/05/2020,ACEH,0,0,0,0,17,13,1,3
16/05/2020,ACEH,1,0,2,-1,18,15,1,2
17/05/2020,ACEH,0,0,0,0,18,15,1,2
18/05/2020,ACEH,0,0,0,0,18,15,1,2
19/05/2020,ACEH,0,0,0,0,18,15,1,2
20/05/2020,ACEH,0,0,0,0,18,15,1,2
21/05/2020,ACEH,0,0,0,0,18,15,1,2
22/05/2020,ACEH,1,0,1,0,19,16,1,2
23/05/2020,ACEH,0,0,1,-1,19,17,1,1
24/05/2020,ACEH,0,0,0,0,19,17,1,1
25/05/2020,ACEH,0,0,0,0,19,17,1,1
26/05/2020,ACEH,0,0,0,0,19,17,1,1
27/05/2020,ACEH,0,0,0,0,19,17,1,1
28/05/2020,ACEH,1,0,0,1,20,17,1,2
29/05/2020,ACEH,0,0,0,0,20,17,1,2
30/05/2020,ACEH,0,0,0,0,20,17,1,2
31/05/2020,ACEH,0,0,0,0,20,17,1,2
01/06/2020,ACEH,0,0,0,0,20,17,1,2
02/06/2020,ACEH,0,0,0,0,20,17,1,2
03/06/2020,ACEH,0,0,1,-1,20,18,1,1
04/06/2020,ACEH,0,0,0,0,20,18,1,1
05/06/2020,ACEH,0,0,0,0,20,18,1,1
06/06/2020,ACEH,0,0,0,0,20,18,1,1
07/06/2020,ACEH,0,0,0,0,20,18,1,1
08/06/2020,ACEH,0,0,0,0,20,18,1,1
09/06/2020,ACEH,0,0,0,0,20,18,1,1
10/06/2020,ACEH,2,0,0,2,22,18,1,3
11/06/2020,ACEH,0,0,0,0,22,18,1,3
12/06/2020,ACEH,0,0,0,0,22,18,1,3
13/06/2020,ACEH,0,0,1,-1,22,19,1,2
14/06/2020,ACEH,5,0,0,5,27,19,1,7
15/06/2020,ACEH,0,0,0,0,27,19,1,7
16/06/2020,ACEH,0,0,1,-1,27,20,1,6
17/06/2020,ACEH,10,1,0,9,37,20,2,15
18/06/2020,ACEH,1,0,0,1,38,20,2,16
19/06/2020,ACEH,0,0,0,0,38,20,2,16
20/06/2020,ACEH,1,0,0,1,39,20,2,17
21/06/2020,ACEH,10,0,0,10,49,20,2,27
22/06/2020,ACEH,0,0,0,0,49,20,2,27
23/06/2020,ACEH,0,0,0,0,49,20,2,27
24/06/2020,ACEH,4,0,0,4,53,20,2,31
25/06/2020,ACEH,13,0,0,13,66,20,2,44
26/06/2020,ACEH,3,0,0,3,69,20,2,47
27/06/2020,ACEH,8,0,2,6,77,22,2,53
28/06/2020,ACEH,2,0,3,-1,79,25,2,52
29/06/2020,ACEH,0,1,0,-1,79,25,3,51
30/06/2020,ACEH,1,0,1,0,80,26,3,51
01/07/2020,ACEH,6,0,5,1,86,31,3,52
02/07/2020,ACEH,0,0,0,0,86,31,3,52
03/07/2020,ACEH,1,0,0,1,87,31,3,53
04/07/2020,ACEH,0,0,0,0,87,31,3,53
05/07/2020,ACEH,0,0,0,0,87,31,3,53
06/07/2020,ACEH,0,0,9,-9,87,40,3,44
07/07/2020,ACEH,1,0,2,-1,88,42,3,43
08/07/2020,ACEH,1,0,9,-8,89,51,3,35
09/07/2020,ACEH,1,0,3,-2,90,54,3,33
10/07/2020,ACEH,0,0,5,-5,90,59,3,28
11/07/2020,ACEH,9,1,4,4,99,63,4,32
12/07/2020,ACEH,7,0,0,7,106,63,4,39
13/07/2020,ACEH,0,1,0,-1,106,63,5,38
14/07/2020,ACEH,4,0,1,3,110,64,5,41
15/07/2020,ACEH,27,2,1,24,137,65,7,65
16/07/2020,ACEH,3,1,1,1,140,66,8,66
17/07/2020,ACEH,5,0,0,5,145,66,8,71
18/07/2020,ACEH,0,0,0,0,145,66,8,71
19/07/2020,ACEH,1,1,0,0,146,66,9,71
20/07/2020,ACEH,2,0,1,1,148,67,9,72
21/07/2020,ACEH,1,0,5,-4,149,72,9,68
22/07/2020,ACEH,2,0,4,-2,151,76,9,66
23/07/2020,ACEH,7,1,1,5,158,77,10,71
24/07/2020,ACEH,4,0,12,-8,162,89,10,63
25/07/2020,ACEH,6,0,2,4,168,91,10,67
26/07/2020,ACEH,0,0,0,0,168,91,10,67
27/07/2020,ACEH,0,0,0,0,168,91,10,67
28/07/2020,ACEH,25,0,0,25,193,91,10,92
29/07/2020,ACEH,45,3,0,42,238,91,13,134
30/07/2020,ACEH,74,0,0,74,312,91,13,208
31/07/2020,ACEH,98,0,0,98,410,91,13,306
01/08/2020,ACEH,0,1,0,-1,410,91,14,305
02/08/2020,ACEH,21,2,0,19,431,91,16,324
03/08/2020,ACEH,2,1,0,1,433,91,17,325
04/08/2020,ACEH,7,0,0,7,440,91,17,332
05/08/2020,ACEH,2,1,0,1,442,91,18,333
06/08/2020,ACEH,41,0,1,40,483,92,18,373
07/08/2020,ACEH,53,0,0,53,536,92,18,426
08/08/2020,ACEH,0,0,0,0,536,92,18,426
09/08/2020,ACEH,44,1,0,43,580,92,19,469
10/08/2020,ACEH,96,0,1,95,676,93,19,564
11/08/2020,ACEH,0,1,0,-1,676,93,20,563
12/08/2020,ACEH,72,2,98,-28,748,191,22,535
13/08/2020,ACEH,1,1,0,0,749,191,23,535
14/08/2020,ACEH,92,0,0,92,841,191,23,627
15/08/2020,ACEH,25,2,0,23,866,191,25,650
16/08/2020,ACEH,11,0,0,11,877,191,25,661
17/08/2020,ACEH,168,0,0,168,1045,191,25,829
18/08/2020,ACEH,25,2,0,23,1070,191,27,852
19/08/2020,ACEH,63,0,0,63,1133,191,27,915
20/08/2020,ACEH,4,0,0,4,1137,191,27,919
21/08/2020,ACEH,4,2,0,2,1141,191,29,921
22/08/2020,ACEH,70,0,0,70,1211,191,29,991
23/08/2020,ACEH,0,2,0,-2,1211,191,31,989
24/08/2020,ACEH,30,3,0,27,1241,191,34,1016
25/08/2020,ACEH,20,3,0,17,1261,191,37,1033
26/08/2020,ACEH,30,0,0,30,1291,191,37,1063
27/08/2020,ACEH,108,0,0,108,1399,191,37,1171
28/08/2020,ACEH,50,11,0,39,1449,191,48,1210
29/08/2020,ACEH,97,6,0,91,1546,191,54,1301
30/08/2020,ACEH,54,4,56,-6,1600,247,58,1295
31/08/2020,ACEH,33,2,66,-35,1633,313,60,1260
01/09/2020,ACEH,16,3,82,-69,1649,395,63,1191
02/09/2020,ACEH,48,3,1,44,1697,396,66,1235
03/09/2020,ACEH,97,3,8,86,1794,404,69,1321
04/09/2020,ACEH,90,3,31,56,1884,435,72,1377
05/09/2020,ACEH,61,1,0,60,1945,435,73,1437
06/09/2020,ACEH,78,2,0,76,2023,435,75,1513
07/09/2020,ACEH,19,3,0,16,2042,435,78,1529
08/09/2020,ACEH,12,2,58,-48,2054,493,80,1481
09/09/2020,ACEH,98,1,9,88,2152,502,81,1569
10/09/2020,ACEH,106,2,1,103,2258,503,83,1672
11/09/2020,ACEH,145,2,2,141,2403,505,85,1813
12/09/2020,ACEH,124,0,1,123,2527,506,85,1936
13/09/2020,ACEH,212,5,0,207,2739,506,90,2143
14/09/2020,ACEH,153,5,52,96,2892,558,95,2239
15/09/2020,ACEH,140,6,142,-8,3032,700,101,2231
16/09/2020,ACEH,95,12,390,-307,3127,1090,113,1924
17/09/2020,ACEH,109,12,1,96,3236,1091,125,2020
18/09/2020,ACEH,116,4,160,-48,3352,1251,129,1972
19/09/2020,ACEH,175,0,45,130,3527,1296,129,2102
20/09/2020,ACEH,68,4,0,64,3595,1296,133,2166
21/09/2020,ACEH,99,2,366,-269,3694,1662,135,1897
22/09/2020,ACEH,91,7,95,-11,3785,1757,142,1886
23/09/2020,ACEH,50,3,3,44,3835,1760,145,1930
24/09/2020,ACEH,56,1,115,-60,3891,1875,146,1870
25/09/2020,ACEH,91,2,1,88,3982,1876,148,1958
26/09/2020,ACEH,191,3,1,187,4173,1877,151,2145
27/09/2020,ACEH,73,5,149,-81,4246,2026,156,2064
28/09/2020,ACEH,79,13,161,-95,4325,2187,169,1969
29/09/2020,ACEH,146,9,120,17,4471,2307,178,1986
30/09/2020,ACEH,83,3,2,78,4554,2309,181,2064
01/10/2020,ACEH,112,3,158,-49,4666,2467,184,2015
02/10/2020,ACEH,188,6,0,182,4854,2467,190,2197
03/10/2020,ACEH,73,3,150,-80,4927,2617,193,2117
04/10/2020,ACEH,67,7,187,-127,4994,2804,200,1990
05/10/2020,ACEH,70,6,173,-109,5064,2977,206,1881
06/10/2020,ACEH,119,4,99,16,5183,3076,210,1897
07/10/2020,ACEH,72,2,211,-141,5255,3287,212,1756
08/10/2020,ACEH,168,2,165,1,5423,3452,214,1757
09/10/2020,ACEH,123,4,93,26,5546,3545,218,1783
10/10/2020,ACEH,98,2,1,95,5644,3546,220,1878
11/10/2020,ACEH,123,1,0,122,5767,3546,221,2000
12/10/2020,ACEH,77,2,157,-82,5844,3703,223,1918
13/10/2020,ACEH,51,1,105,-55,5895,3808,224,1863
14/10/2020,ACEH,65,3,58,4,5960,3866,227,1867
15/10/2020,ACEH,117,2,148,-33,6077,4014,229,1834
16/10/2020,ACEH,177,6,130,41,6254,4144,235,1875
17/10/2020,ACEH,182,1,130,51,6436,4274,236,1926
18/10/2020,ACEH,115,6,284,-175,6551,4558,242,1751
19/10/2020,ACEH,116,2,211,-97,6667,4769,244,1654
20/10/2020,ACEH,98,2,215,-119,6765,4984,246,1535
21/10/2020,ACEH,80,3,0,77,6845,4984,249,1612
22/10/2020,ACEH,102,3,0,99,6947,4984,252,1711
23/10/2020,ACEH,90,4,3,83,7037,4987,256,1794
24/10/2020,ACEH,88,5,0,83,7125,4987,261,1877
25/10/2020,ACEH,87,2,0,85,7212,4987,263,1962
26/10/2020,ACEH,40,5,0,35,7252,4987,268,1997
27/10/2020,ACEH,13,4,0,9,7265,4987,272,2006
28/10/2020,ACEH,74,4,0,70,7339,4987,276,2076
29/10/2020,ACEH,34,0,1,33,7373,4988,276,2109
30/10/2020,ACEH,21,2,0,19,7394,4988,278,2128
31/10/2020,ACEH,11,1,0,10,7405,4988,279,2138
01/11/2020,ACEH,20,0,0,20,7425,4988,279,2158
02/11/2020,ACEH,30,0,137,-107,7455,5125,279,2051
03/11/2020,ACEH,24,3,176,-155,7479,5301,282,1896
04/11/2020,ACEH,44,5,174,-135,7523,5475,287,1761
05/11/2020,ACEH,35,1,1,33,7558,5476,288,1794
06/11/2020,ACEH,71,0,185,-114,7629,5661,288,1680
07/11/2020,ACEH,27,3,80,-56,7656,5741,291,1624
08/11/2020,ACEH,26,0,251,-225,7682,5992,291,1399
09/11/2020,ACEH,3,0,201,-198,7685,6193,291,1201
10/11/2020,ACEH,29,1,3,25,7714,6196,292,1226
11/11/2020,ACEH,51,1,0,50,7765,6196,293,1276
12/11/2020,ACEH,32,0,0,32,7797,6196,293,1308
13/11/2020,ACEH,45,0,0,45,7842,6196,293,1353
14/11/2020,ACEH,20,0,2,18,7862,6198,293,1371
15/11/2020,ACEH,49,0,0,49,7911,6198,293,1420
16/11/2020,ACEH,21,0,13,8,7932,6211,293,1428
17/11/2020,ACEH,43,3,28,12,7975,6239,296,1440
18/11/2020,ACEH,18,22,115,-119,7993,6354,318,1321
19/11/2020,ACEH,50,1,0,49,8043,6354,319,1370
20/11/2020,ACEH,21,0,0,21,8064,6354,319,1391
21/11/2020,ACEH,42,0,0,42,8106,6354,319,1433
22/11/2020,ACEH,18,0,0,18,8124,6354,319,1451
23/11/2020,ACEH,30,0,2,28,8154,6356,319,1479
24/11/2020,ACEH,6,0,0,6,8160,6356,319,1485
25/11/2020,ACEH,39,5,139,-105,8199,6495,324,1380
26/11/2020,ACEH,24,5,27,-8,8223,6522,329,1372
27/11/2020,ACEH,21,1,4,16,8244,6526,330,1388
28/11/2020,ACEH,11,1,0,10,8255,6526,331,1398
29/11/2020,ACEH,27,4,25,-2,8282,6551,335,1396
30/11/2020,ACEH,10,1,9,0,8292,6560,336,1396
01/12/2020,ACEH,9,2,14,-7,8301,6574,338,1389
02/12/2020,ACEH,10,0,28,-18,8311,6602,338,1371
03/12/2020,ACEH,44,0,6,38,8355,6608,338,1409
04/12/2020,ACEH,14,6,3,5,8369,6611,344,1414
05/12/2020,ACEH,15,0,8,7,8384,6619,344,1421
06/12/2020,ACEH,38,0,119,-81,8422,6738,344,1340
07/12/2020,ACEH,4,0,5,-1,8426,6743,344,1339
08/12/2020,ACEH,18,1,7,10,8444,6750,345,1349
09/12/2020,ACEH,6,0,4,2,8450,6754,345,1351
10/12/2020,ACEH,8,1,8,-1,8458,6762,346,1350
11/12/2020,ACEH,20,4,62,-46,8478,6824,350,1304
12/12/2020,ACEH,29,0,11,18,8507,6835,350,1322
13/12/2020,ACEH,15,0,4,11,8522,6839,350,1333
14/12/2020,ACEH,4,2,54,-52,8526,6893,352,1281
15/12/2020,ACEH,12,2,86,-76,8538,6979,354,1205
16/12/2020,ACEH,8,0,6,2,8546,6985,354,1207
17/12/2020,ACEH,8,0,8,0,8554,6993,354,1207
18/12/2020,ACEH,3,0,55,-52,8557,7048,354,1155
19/12/2020,ACEH,12,0,6,6,8569,7054,354,1161
20/12/2020,ACEH,4,1,13,-10,8573,7067,355,1151
21/12/2020,ACEH,18,0,4,14,8591,7071,355,1165
22/12/2020,ACEH,29,0,9,20,8620,7080,355,1185
23/12/2020,ACEH,30,1,9,20,8650,7089,356,1205
24/12/2020,ACEH,14,1,13,0,8664,7102,357,1205
25/12/2020,ACEH,15,0,1,14,8679,7103,357,1219
26/12/2020,ACEH,19,1,6,12,8698,7109,358,1231
27/12/2020,ACEH,13,0,0,13,8711,7109,358,1244
28/12/2020,ACEH,16,0,16,0,8727,7125,358,1244
29/12/2020,ACEH,9,0,4,5,8736,7129,358,1249
30/12/2020,ACEH,6,0,2,4,8742,7131,358,1253
31/12/2020,ACEH,4,0,9,-5,8746,7140,358,1248
01/01/2021,ACEH,7,0,10,-3,8753,7150,358,1245
02/01/2021,ACEH,8,0,7,1,8761,7157,358,1246
03/01/2021,ACEH,2,0,0,2,8763,7157,358,1248
04/01/2021,ACEH,5,0,10,-5,8768,7167,358,1243
05/01/2021,ACEH,8,2,17,-11,8776,7184,360,1232
06/01/2021,ACEH,29,0,14,15,8805,7198,360,1247
07/01/2021,ACEH,31,3,84,-56,8836,7282,363,1191
08/01/2021,ACEH,42,0,5,37,8878,7287,363,1228
09/01/2021,ACEH,16,1,7,8,8894,7294,364,1236
10/01/2021,ACEH,15,1,14,0,8909,7308,365,1236
11/01/2021,ACEH,10,0,1,9,8919,7309,365,1245
12/01/2021,ACEH,48,4,0,44,8967,7309,369,1289
13/01/2021,ACEH,24,2,5,17,8991,7314,371,1306
14/01/2021,ACEH,11,2,13,-4,9002,7327,373,1302
15/01/2021,ACEH,16,1,36,-21,9018,7363,374,1281
16/01/2021,ACEH,17,1,1,15,9035,7364,375,1296
17/01/2021,ACEH,18,0,0,18,9053,7364,375,1314
18/01/2021,ACEH,2,3,26,-27,9055,7390,378,1287
19/01/2021,ACEH,16,0,143,-127,9071,7533,378,1160
20/01/2021,ACEH,18,1,28,-11,9089,7561,379,1149
21/01/2021,ACEH,11,0,36,-25,9100,7597,379,1124
22/01/2021,ACEH,15,0,6,9,9115,7603,379,1133
23/01/2021,ACEH,11,0,2,9,9126,7605,379,1142
24/01/2021,ACEH,18,0,2,16,9144,7607,379,1158
25/01/2021,ACEH,0,0,5,-5,9144,7612,379,1153
26/01/2021,ACEH,5,0,4,1,9149,7616,379,1154
27/01/2021,ACEH,14,0,9,5,9163,7625,379,1159
28/01/2021,ACEH,18,0,0,18,9181,7625,379,1177
29/01/2021,ACEH,21,0,8,13,9202,7633,379,1190
30/01/2021,ACEH,22,0,7,15,9224,7640,379,1205
31/01/2021,ACEH,4,0,3,1,9228,7643,379,1206
01/02/2021,ACEH,2,0,5,-3,9230,7648,379,1203
02/02/2021,ACEH,22,1,11,10,9252,7659,380,1213
03/02/2021,ACEH,14,0,20,-6,9266,7679,380,1207
04/02/2021,ACEH,10,0,4,6,9276,7683,380,1213
05/02/2021,ACEH,9,0,0,9,9285,7683,380,1222
06/02/2021,ACEH,13,0,8,5,9298,7691,380,1227
07/02/2021,ACEH,14,0,2,12,9312,7693,380,1239
08/02/2021,ACEH,11,1,31,-21,9323,7724,381,1218
09/02/2021,ACEH,47,0,1,46,9370,7725,381,1264
10/02/2021,ACEH,3,0,21,-18,9373,7746,381,1246
11/02/2021,ACEH,17,0,5,12,9390,7751,381,1258
12/02/2021,ACEH,8,0,0,8,9398,7751,381,1266
13/02/2021,ACEH,1,2,3,-4,9399,7754,383,1262
14/02/2021,ACEH,4,0,0,4,9403,7754,383,1266
15/02/2021,ACEH,0,0,0,0,9403,7754,383,1266
16/02/2021,ACEH,0,0,0,0,9403,7754,383,1266
17/02/2021,ACEH,0,0,0,0,9403,7754,383,1266
18/02/2021,ACEH,32,0,5,27,9435,7759,383,1293
19/02/2021,ACEH,13,0,9,4,9448,7768,383,1297
20/02/2021,ACEH,8,0,18,-10,9456,7786,383,1287
21/02/2021,ACEH,1,0,0,1,9457,7786,383,1288
22/02/2021,ACEH,1,0,5,-4,9458,7791,383,1284
23/02/2021,ACEH,29,0,7,22,9487,7798,383,1306
24/02/2021,ACEH,26,0,8,18,9513,7806,383,1324
25/02/2021,ACEH,10,1,0,9,9523,7806,384,1333
26/02/2021,ACEH,8,0,21,-13,9531,7827,384,1320
27/02/2021,ACEH,3,1,8,-6,9534,7835,385,1314
28/02/2021,ACEH,7,0,0,7,9541,7835,385,1321
01/03/2021,ACEH,2,0,16,-14,9543,7851,385,1307
02/03/2021,ACEH,14,0,4,10,9557,7855,385,1317
03/03/2021,ACEH,13,3,6,4,9570,7861,388,1321
04/03/2021,ACEH,10,0,2,8,9580,7863,388,1329
05/03/2021,ACEH,9,0,4,5,9589,7867,388,1334
06/03/2021,ACEH,16,0,18,-2,9605,7885,388,1332
07/03/2021,ACEH,4,0,0,4,9609,7885,388,1336
08/03/2021,ACEH,7,0,4,3,9616,7889,388,1339
09/03/2021,ACEH,26,0,26,0,9642,7915,388,1339
10/03/2021,ACEH,0,0,4,-4,9642,7919,388,1335
11/03/2021,ACEH,19,0,0,19,9661,7919,388,1354
12/03/2021,ACEH,6,1,7,-2,9667,7926,389,1352
13/03/2021,ACEH,14,0,0,14,9681,7926,389,1366
14/03/2021,ACEH,5,0,28,-23,9686,7954,389,1343
15/03/2021,ACEH,0,0,6,-6,9686,7960,389,1337
16/03/2021,ACEH,10,0,21,-11,9696,7981,389,1326
17/03/2021,ACEH,6,0,3,3,9702,7984,389,1329
18/03/2021,ACEH,10,0,3,7,9712,7987,389,1336
19/03/2021,ACEH,16,0,0,16,9728,7987,389,1352
20/03/2021,ACEH,15,0,23,-8,9743,8010,389,1344
21/03/2021,ACEH,0,0,0,0,9743,8010,389,1344
22/03/2021,ACEH,20,0,3,17,9763,8013,389,1361
23/03/2021,ACEH,15,1,8,6,9778,8021,390,1367
24/03/2021,ACEH,13,1,0,12,9791,8021,391,1379
25/03/2021,ACEH,6,3,2,1,9797,8023,394,1380
26/03/2021,ACEH,15,0,16,-1,9812,8039,394,1379
27/03/2021,ACEH,21,2,6,13,9833,8045,396,1392
28/03/2021,ACEH,12,0,19,-7,9845,8064,396,1385
29/03/2021,ACEH,8,1,6,1,9853,8070,397,1386
30/03/2021,ACEH,9,0,0,9,9862,8070,397,1395
31/03/2021,ACEH,30,0,2,28,9892,8072,397,1423
01/04/2021,ACEH,11,0,1,10,9903,8073,397,1433
02/04/2021,ACEH,9,0,6,3,9912,8079,397,1436
03/04/2021,ACEH,6,0,6,0,9918,8085,397,1436
04/04/2021,ACEH,4,0,2,2,9922,8087,397,1438
05/04/2021,ACEH,11,1,0,10,9933,8087,398,1448
06/04/2021,ACEH,13,1,31,-19,9946,8118,399,1429
07/04/2021,ACEH,39,0,21,18,9985,8139,399,1447
08/04/2021,ACEH,42,1,7,34,10027,8146,400,1481
09/04/2021,ACEH,28,1,6,21,10055,8152,401,1502
10/04/2021,ACEH,20,3,5,12,10075,8157,404,1514
11/04/2021,ACEH,7,0,0,7,10082,8157,404,1521
12/04/2021,ACEH,24,2,17,5,10106,8174,406,1526
13/04/2021,ACEH,28,0,35,-7,10134,8209,406,1519
14/04/2021,ACEH,26,0,21,5,10160,8230,406,1524
15/04/2021,ACEH,40,1,101,-62,10200,8331,407,1462
16/04/2021,ACEH,22,0,121,-99,10222,8452,407,1363
17/04/2021,ACEH,35,1,113,-79,10257,8565,408,1284
18/04/2021,ACEH,43,1,100,-58,10300,8665,409,1226
19/04/2021,ACEH,13,1,101,-89,10313,8766,410,1137
20/04/2021,ACEH,52,6,113,-67,10365,8879,416,1070
21/04/2021,ACEH,64,2,114,-52,10429,8993,418,1018
22/04/2021,ACEH,87,2,105,-20,10516,9098,420,998
23/04/2021,ACEH,91,2,9,80,10607,9107,422,1078
24/04/2021,ACEH,46,5,107,-66,10653,9214,427,1012
25/04/2021,ACEH,24,2,111,-89,10677,9325,429,923
26/04/2021,ACEH,67,3,33,31,10744,9358,432,954
27/04/2021,ACEH,70,0,10,60,10814,9368,432,1014
28/04/2021,ACEH,71,4,107,-40,10885,9475,436,974
29/04/2021,ACEH,82,3,56,23,10967,9531,439,997
30/04/2021,ACEH,78,1,83,-6,11045,9614,440,991
01/05/2021,ACEH,124,2,119,3,11169,9733,442,994
02/05/2021,ACEH,68,7,53,8,11237,9786,449,1002
03/05/2021,ACEH,56,1,14,41,11293,9800,450,1043
04/05/2021,ACEH,98,5,9,84,11391,9809,455,1127
05/05/2021,ACEH,91,6,18,67,11482,9827,461,1194
06/05/2021,ACEH,107,1,38,68,11589,9865,462,1262
07/05/2021,ACEH,113,4,114,-5,11702,9979,466,1257
08/05/2021,ACEH,100,4,5,91,11802,9984,470,1348
09/05/2021,ACEH,28,6,93,-71,11830,10077,476,1277
10/05/2021,ACEH,68,5,87,-24,11898,10164,481,1253
11/05/2021,ACEH,100,2,32,66,11998,10196,483,1319
12/05/2021,ACEH,128,3,32,93,12126,10228,486,1412
13/05/2021,ACEH,26,1,22,3,12152,10250,487,1415
14/05/2021,ACEH,5,3,18,-16,12157,10268,490,1399
15/05/2021,ACEH,57,2,12,43,12214,10280,492,1442
16/05/2021,ACEH,35,2,74,-41,12249,10354,494,1401
17/05/2021,ACEH,91,5,22,64,12340,10376,499,1465
18/05/2021,ACEH,128,4,74,50,12468,10450,503,1515
19/05/2021,ACEH,147,9,62,76,12615,10512,512,1591
20/05/2021,ACEH,199,3,2,194,12814,10514,515,1785
21/05/2021,ACEH,176,9,102,65,12990,10616,524,1850
22/05/2021,ACEH,135,6,9,120,13125,10625,530,1970
23/05/2021,ACEH,104,6,92,6,13229,10717,536,1976
24/05/2021,ACEH,167,8,257,-98,13396,10974,544,1878
25/05/2021,ACEH,185,9,151,25,13581,11125,553,1903
26/05/2021,ACEH,267,4,39,224,13848,11164,557,2127
27/05/2021,ACEH,230,7,129,94,14078,11293,564,2221
28/05/2021,ACEH,260,8,145,107,14338,11438,572,2328
29/05/2021,ACEH,293,7,126,160,14631,11564,579,2488
30/05/2021,ACEH,270,3,117,150,14901,11681,582,2638
31/05/2021,ACEH,116,15,132,-31,15017,11813,597,2607
01/06/2021,ACEH,122,1,120,1,15139,11933,598,2608
02/06/2021,ACEH,101,2,1,98,15240,11934,600,2706
03/06/2021,ACEH,214,7,48,159,15454,11982,607,2865
04/06/2021,ACEH,209,9,39,161,15663,12021,616,3026
05/06/2021,ACEH,206,3,122,81,15869,12143,619,3107
06/06/2021,ACEH,196,2,139,55,16065,12282,621,3162
07/06/2021,ACEH,130,8,189,-67,16195,12471,629,3095
08/06/2021,ACEH,157,5,68,84,16352,12539,634,3179
09/06/2021,ACEH,226,15,114,97,16578,12653,649,3276
10/06/2021,ACEH,247,8,35,204,16825,12688,657,3480
11/06/2021,ACEH,284,7,87,190,17109,12775,664,3670
12/06/2021,ACEH,108,14,189,-95,17217,12964,678,3575
13/06/2021,ACEH,159,6,38,115,17376,13002,684,3690
31/03/2020,BENGKULU,1,1,0,0,1,0,1,0
01/04/2020,BENGKULU,0,0,0,0,1,0,1,0
02/04/2020,BENGKULU,0,0,0,0,1,0,1,0
03/04/2020,BENGKULU,1,0,0,1,2,0,1,1
04/04/2020,BENGKULU,0,0,0,0,2,0,1,1
05/04/2020,BENGKULU,0,0,0,0,2,0,1,1
06/04/2020,BENGKULU,0,0,0,0,2,0,1,1
07/04/2020,BENGKULU,0,0,0,0,2,0,1,1
08/04/2020,BENGKULU,0,0,0,0,2,0,1,1
09/04/2020,BENGKULU,2,0,0,2,4,0,1,3
10/04/2020,BENGKULU,0,0,0,0,4,0,1,3
11/04/2020,BENGKULU,0,0,0,0,4,0,1,3
12/04/2020,BENGKULU,0,0,0,0,4,0,1,3
13/04/2020,BENGKULU,0,0,0,0,4,0,1,3
14/04/2020,BENGKULU,0,0,0,0,4,0,1,3
15/04/2020,BENGKULU,0,0,0,0,4,0,1,3
16/04/2020,BENGKULU,0,0,0,0,4,0,1,3
17/04/2020,BENGKULU,0,0,0,0,4,0,1,3
18/04/2020,BENGKULU,0,0,1,-1,4,1,1,2
19/04/2020,BENGKULU,0,0,0,0,4,1,1,2
20/04/2020,BENGKULU,0,0,0,0,4,1,1,2
21/04/2020,BENGKULU,4,0,0,4,8,1,1,6
22/04/2020,BENGKULU,0,0,0,0,8,1,1,6
23/04/2020,BENGKULU,0,0,0,0,8,1,1,6
24/04/2020,BENGKULU,0,0,0,0,8,1,1,6
25/04/2020,BENGKULU,0,0,0,0,8,1,1,6
26/04/2020,BENGKULU,0,0,0,0,8,1,1,6
27/04/2020,BENGKULU,0,0,0,0,8,1,1,6
28/04/2020,BENGKULU,0,1,0,-1,8,1,2,5
29/04/2020,BENGKULU,4,0,0,4,12,1,2,9
30/04/2020,BENGKULU,0,0,0,0,12,1,2,9
01/05/2020,BENGKULU,0,0,0,0,12,1,2,9
02/05/2020,BENGKULU,0,0,0,0,12,1,2,9
03/05/2020,BENGKULU,0,0,0,0,12,1,2,9
04/05/2020,BENGKULU,0,0,0,0,12,1,2,9
05/05/2020,BENGKULU,0,0,0,0,12,1,2,9
06/05/2020,BENGKULU,2,0,0,2,14,1,2,11
07/05/2020,BENGKULU,0,0,0,0,14,1,2,11
08/05/2020,BENGKULU,0,0,0,0,14,1,2,11
09/05/2020,BENGKULU,23,0,0,23,37,1,2,34
10/05/2020,BENGKULU,0,0,0,0,37,1,2,34
11/05/2020,BENGKULU,0,0,0,0,37,1,2,34
12/05/2020,BENGKULU,3,0,0,3,40,1,2,37
13/05/2020,BENGKULU,0,0,0,0,40,1,2,37
14/05/2020,BENGKULU,2,0,0,2,42,1,2,39
15/05/2020,BENGKULU,11,0,0,11,53,1,2,50
16/05/2020,BENGKULU,3,0,0,3,56,1,2,53
17/05/2020,BENGKULU,9,0,0,9,65,1,2,62
18/05/2020,BENGKULU,1,0,0,1,66,1,2,63
19/05/2020,BENGKULU,1,0,0,1,67,1,2,64
20/05/2020,BENGKULU,0,0,6,-6,67,7,2,58
21/05/2020,BENGKULU,2,0,2,0,69,9,2,58
22/05/2020,BENGKULU,0,0,0,0,69,9,2,58
23/05/2020,BENGKULU,0,0,0,0,69,9,2,58
24/05/2020,BENGKULU,0,0,0,0,69,9,2,58
25/05/2020,BENGKULU,0,0,0,0,69,9,2,58
26/05/2020,BENGKULU,0,1,2,-3,69,11,3,55
27/05/2020,BENGKULU,0,0,8,-8,69,19,3,47
28/05/2020,BENGKULU,2,0,1,1,71,20,3,48
29/05/2020,BENGKULU,1,0,2,-1,72,22,3,47
30/05/2020,BENGKULU,14,0,0,14,86,22,3,61
31/05/2020,BENGKULU,5,0,0,5,91,22,3,66
01/06/2020,BENGKULU,0,0,3,-3,91,25,3,63
02/06/2020,BENGKULU,1,0,0,1,92,25,3,64
03/06/2020,BENGKULU,0,0,0,0,92,25,3,64
04/06/2020,BENGKULU,0,0,0,0,92,25,3,64
05/06/2020,BENGKULU,0,1,0,-1,92,25,4,63
06/06/2020,BENGKULU,0,0,12,-12,92,37,4,51
07/06/2020,BENGKULU,0,0,3,-3,92,40,4,48
08/06/2020,BENGKULU,0,0,0,0,92,40,4,48
09/06/2020,BENGKULU,0,0,6,-6,92,46,4,42
10/06/2020,BENGKULU,0,0,1,-1,92,47,4,41
11/06/2020,BENGKULU,0,0,1,-1,92,48,4,40
12/06/2020,BENGKULU,3,1,1,1,95,49,5,41
13/06/2020,BENGKULU,3,1,9,-7,98,58,6,34
14/06/2020,BENGKULU,3,0,0,3,101,58,6,37
15/06/2020,BENGKULU,0,0,4,-4,101,62,6,33
16/06/2020,BENGKULU,3,0,1,2,104,63,6,35
17/06/2020,BENGKULU,1,0,2,-1,105,65,6,34
18/06/2020,BENGKULU,0,2,0,-2,105,65,8,32
19/06/2020,BENGKULU,2,0,3,-1,107,68,8,31
20/06/2020,BENGKULU,9,0,3,6,116,71,8,37
21/06/2020,BENGKULU,0,1,1,-2,116,72,9,35
22/06/2020,BENGKULU,0,0,0,0,116,72,9,35
23/06/2020,BENGKULU,2,1,0,1,118,72,10,36
24/06/2020,BENGKULU,0,0,1,-1,118,73,10,35
25/06/2020,BENGKULU,2,0,5,-3,120,78,10,32
26/06/2020,BENGKULU,4,0,10,-6,124,88,10,26
27/06/2020,BENGKULU,1,0,1,0,125,89,10,26
28/06/2020,BENGKULU,0,1,0,-1,125,89,11,25
29/06/2020,BENGKULU,0,1,0,-1,125,89,12,24
30/06/2020,BENGKULU,0,0,0,0,125,89,12,24
01/07/2020,BENGKULU,4,0,1,3,129,90,12,27
02/07/2020,BENGKULU,1,0,1,0,130,91,12,27
03/07/2020,BENGKULU,6,1,3,2,136,94,13,29
04/07/2020,BENGKULU,1,0,0,1,137,94,13,30
05/07/2020,BENGKULU,4,0,1,3,141,95,13,33
06/07/2020,BENGKULU,0,0,0,0,141,95,13,33
07/07/2020,BENGKULU,3,0,1,2,144,96,13,35
08/07/2020,BENGKULU,7,1,2,4,151,98,14,39
09/07/2020,BENGKULU,4,0,1,3,155,99,14,42
10/07/2020,BENGKULU,3,2,2,-1,158,101,16,41
11/07/2020,BENGKULU,4,0,1,3,162,102,16,44
12/07/2020,BENGKULU,1,0,0,1,163,102,16,45
13/07/2020,BENGKULU,0,0,1,-1,163,103,16,44
14/07/2020,BENGKULU,5,0,1,4,168,104,16,48
15/07/2020,BENGKULU,2,0,1,1,170,105,16,49
16/07/2020,BENGKULU,1,0,1,0,171,106,16,49
17/07/2020,BENGKULU,2,0,1,1,173,107,16,50
18/07/2020,BENGKULU,6,0,0,6,179,107,16,56
19/07/2020,BENGKULU,2,0,3,-1,181,110,16,55
20/07/2020,BENGKULU,0,0,0,0,181,110,16,55
21/07/2020,BENGKULU,0,0,1,-1,181,111,16,54
22/07/2020,BENGKULU,4,0,0,4,185,111,16,58
23/07/2020,BENGKULU,10,0,5,5,195,116,16,63
24/07/2020,BENGKULU,1,0,1,0,196,117,16,63
25/07/2020,BENGKULU,4,0,0,4,200,117,16,67
26/07/2020,BENGKULU,0,0,0,0,200,117,16,67
27/07/2020,BENGKULU,0,0,0,0,200,117,16,67
28/07/2020,BENGKULU,10,0,0,10,210,117,16,77
29/07/2020,BENGKULU,2,2,1,-1,212,118,18,76
30/07/2020,BENGKULU,2,0,0,2,214,118,18,78
31/07/2020,BENGKULU,3,0,0,3,217,118,18,81
01/08/2020,BENGKULU,1,1,0,0,218,118,19,81
02/08/2020,BENGKULU,17,0,0,17,235,118,19,98
03/08/2020,BENGKULU,0,0,0,0,235,118,19,98
04/08/2020,BENGKULU,3,1,0,2,238,118,20,100
05/08/2020,BENGKULU,1,0,17,-16,239,135,20,84
06/08/2020,BENGKULU,1,0,0,1,240,135,20,85
07/08/2020,BENGKULU,0,0,13,-13,240,148,20,72
08/08/2020,BENGKULU,3,1,0,2,243,148,21,74
09/08/2020,BENGKULU,9,0,0,9,252,148,21,83
10/08/2020,BENGKULU,1,1,1,-1,253,149,22,82
11/08/2020,BENGKULU,5,0,2,3,258,151,22,85
12/08/2020,BENGKULU,2,2,0,0,260,151,24,85
13/08/2020,BENGKULU,4,0,7,-3,264,158,24,82
14/08/2020,BENGKULU,10,0,0,10,274,158,24,92
15/08/2020,BENGKULU,3,0,0,3,277,158,24,95
16/08/2020,BENGKULU,2,0,0,2,279,158,24,97
17/08/2020,BENGKULU,0,0,0,0,279,158,24,97
18/08/2020,BENGKULU,1,0,0,1,280,158,24,98
19/08/2020,BENGKULU,6,0,0,6,286,158,24,104
20/08/2020,BENGKULU,0,0,1,-1,286,159,24,103
21/08/2020,BENGKULU,1,0,1,0,287,160,24,103
22/08/2020,BENGKULU,1,0,0,1,288,160,24,104
23/08/2020,BENGKULU,0,0,4,-4,288,164,24,100
24/08/2020,BENGKULU,1,0,1,0,289,165,24,100
25/08/2020,BENGKULU,11,0,1,10,300,166,24,110
26/08/2020,BENGKULU,3,0,5,-2,303,171,24,108
27/08/2020,BENGKULU,2,1,0,1,305,171,25,109
28/08/2020,BENGKULU,24,0,2,22,329,173,25,131
29/08/2020,BENGKULU,3,0,0,3,332,173,25,134
30/08/2020,BENGKULU,11,0,9,2,343,182,25,136
31/08/2020,BENGKULU,0,0,4,-4,343,186,25,132
01/09/2020,BENGKULU,6,0,0,6,349,186,25,138
02/09/2020,BENGKULU,4,0,0,4,353,186,25,142
03/09/2020,BENGKULU,8,0,0,8,361,186,25,150
04/09/2020,BENGKULU,3,0,0,3,364,186,25,153
05/09/2020,BENGKULU,5,1,1,3,369,187,26,156
06/09/2020,BENGKULU,22,0,0,22,391,187,26,178
07/09/2020,BENGKULU,0,0,10,-10,391,197,26,168
08/09/2020,BENGKULU,3,0,0,3,394,197,26,171
09/09/2020,BENGKULU,3,0,5,-2,397,202,26,169
10/09/2020,BENGKULU,3,1,8,-6,400,210,27,163
11/09/2020,BENGKULU,30,1,0,29,430,210,28,192
12/09/2020,BENGKULU,28,2,0,26,458,210,30,218
13/09/2020,BENGKULU,8,0,0,8,466,210,30,226
14/09/2020,BENGKULU,1,0,0,1,467,210,30,227
15/09/2020,BENGKULU,9,0,27,-18,476,237,30,209
16/09/2020,BENGKULU,4,0,16,-12,480,253,30,197
17/09/2020,BENGKULU,30,0,18,12,510,271,30,209
18/09/2020,BENGKULU,13,0,4,9,523,275,30,218
19/09/2020,BENGKULU,7,1,1,5,530,276,31,223
20/09/2020,BENGKULU,6,0,4,2,536,280,31,225
21/09/2020,BENGKULU,0,0,27,-27,536,307,31,198
22/09/2020,BENGKULU,5,0,28,-23,541,335,31,175
23/09/2020,BENGKULU,31,0,18,13,572,353,31,188
24/09/2020,BENGKULU,7,0,14,-7,579,367,31,181
25/09/2020,BENGKULU,11,1,12,-2,590,379,32,179
26/09/2020,BENGKULU,10,2,12,-4,600,391,34,175
27/09/2020,BENGKULU,45,0,11,34,645,402,34,209
28/09/2020,BENGKULU,2,0,0,2,647,402,34,211
29/09/2020,BENGKULU,18,0,19,-1,665,421,34,210
30/09/2020,BENGKULU,28,0,20,8,693,441,34,218
01/10/2020,BENGKULU,20,2,15,3,713,456,36,221
02/10/2020,BENGKULU,9,1,10,-2,722,466,37,219
03/10/2020,BENGKULU,2,0,0,2,724,466,37,221
04/10/2020,BENGKULU,4,0,6,-2,728,472,37,219
05/10/2020,BENGKULU,24,0,29,-5,752,501,37,214
06/10/2020,BENGKULU,6,0,30,-24,758,531,37,190
07/10/2020,BENGKULU,4,0,20,-16,762,551,37,174
08/10/2020,BENGKULU,12,0,20,-8,774,571,37,166
09/10/2020,BENGKULU,11,1,14,-4,785,585,38,162
10/10/2020,BENGKULU,11,0,25,-14,796,610,38,148
11/10/2020,BENGKULU,7,1,30,-24,803,640,39,124
12/10/2020,BENGKULU,1,0,30,-29,804,670,39,95
13/10/2020,BENGKULU,3,0,0,3,807,670,39,98
14/10/2020,BENGKULU,18,0,14,4,825,684,39,102
15/10/2020,BENGKULU,7,0,0,7,832,684,39,109
16/10/2020,BENGKULU,7,1,15,-9,839,699,40,100
17/10/2020,BENGKULU,23,3,2,18,862,701,43,118
18/10/2020,BENGKULU,15,1,20,-6,877,721,44,112
19/10/2020,BENGKULU,3,0,0,3,880,721,44,115
20/10/2020,BENGKULU,35,1,6,28,915,727,45,143
21/10/2020,BENGKULU,2,0,0,2,917,727,45,145
22/10/2020,BENGKULU,11,1,20,-10,928,747,46,135
23/10/2020,BENGKULU,33,0,13,20,961,760,46,155
24/10/2020,BENGKULU,8,1,0,7,969,760,47,162
25/10/2020,BENGKULU,26,1,8,17,995,768,48,179
26/10/2020,BENGKULU,0,0,5,-5,995,773,48,174
27/10/2020,BENGKULU,22,0,12,10,1017,785,48,184
28/10/2020,BENGKULU,23,0,3,20,1040,788,48,204
29/10/2020,BENGKULU,9,0,5,4,1049,793,48,208
30/10/2020,BENGKULU,32,0,10,22,1081,803,48,230
31/10/2020,BENGKULU,0,1,0,-1,1081,803,49,229
01/11/2020,BENGKULU,1,0,0,1,1082,803,49,230
02/11/2020,BENGKULU,5,3,30,-28,1087,833,52,202
03/11/2020,BENGKULU,12,2,9,1,1099,842,54,203
04/11/2020,BENGKULU,18,0,13,5,1117,855,54,208
05/11/2020,BENGKULU,23,0,33,-10,1140,888,54,198
06/11/2020,BENGKULU,17,0,5,12,1157,893,54,210
07/11/2020,BENGKULU,40,2,8,30,1197,901,56,240
08/11/2020,BENGKULU,38,0,25,13,1235,926,56,253
09/11/2020,BENGKULU,4,2,22,-20,1239,948,58,233
10/11/2020,BENGKULU,24,0,27,-3,1263,975,58,230
11/11/2020,BENGKULU,18,0,16,2,1281,991,58,232
12/11/2020,BENGKULU,13,0,11,2,1294,1002,58,234
13/11/2020,BENGKULU,61,1,15,45,1355,1017,59,279
14/11/2020,BENGKULU,37,1,29,7,1392,1046,60,286
15/11/2020,BENGKULU,11,2,13,-4,1403,1059,62,282
16/11/2020,BENGKULU,2,0,4,-2,1405,1063,62,280
17/11/2020,BENGKULU,14,1,25,-12,1419,1088,63,268
18/11/2020,BENGKULU,21,1,20,0,1440,1108,64,268
19/11/2020,BENGKULU,21,2,15,4,1461,1123,66,272
20/11/2020,BENGKULU,15,0,41,-26,1476,1164,66,246
21/11/2020,BENGKULU,62,0,15,47,1538,1179,66,293
22/11/2020,BENGKULU,31,1,25,5,1569,1204,67,298
23/11/2020,BENGKULU,5,4,43,-42,1574,1247,71,256
24/11/2020,BENGKULU,13,0,19,-6,1587,1266,71,250
25/11/2020,BENGKULU,48,1,20,27,1635,1286,72,277
26/11/2020,BENGKULU,30,1,23,6,1665,1309,73,283
27/11/2020,BENGKULU,42,1,25,16,1707,1334,74,299
28/11/2020,BENGKULU,43,3,30,10,1750,1364,77,309
29/11/2020,BENGKULU,71,0,35,36,1821,1399,77,345
30/11/2020,BENGKULU,2,0,32,-30,1823,1431,77,315
01/12/2020,BENGKULU,19,1,18,0,1842,1449,78,315
02/12/2020,BENGKULU,12,0,29,-17,1854,1478,78,298
03/12/2020,BENGKULU,59,2,1,56,1913,1479,80,354
04/12/2020,BENGKULU,90,3,30,57,2003,1509,83,411
05/12/2020,BENGKULU,35,2,39,-6,2038,1548,85,405
06/12/2020,BENGKULU,60,3,39,18,2098,1587,88,423
07/12/2020,BENGKULU,11,1,26,-16,2109,1613,89,407
08/12/2020,BENGKULU,65,0,29,36,2174,1642,89,443
09/12/2020,BENGKULU,8,2,0,6,2182,1642,91,449
10/12/2020,BENGKULU,62,1,19,42,2244,1661,92,491
11/12/2020,BENGKULU,50,1,30,19,2294,1691,93,510
12/12/2020,BENGKULU,90,1,20,69,2384,1711,94,579
13/12/2020,BENGKULU,51,1,32,18,2435,1743,95,597
14/12/2020,BENGKULU,28,3,38,-13,2463,1781,98,584
15/12/2020,BENGKULU,80,4,30,46,2543,1811,102,630
16/12/2020,BENGKULU,156,0,0,156,2699,1811,102,786
17/12/2020,BENGKULU,80,1,50,29,2779,1861,103,815
18/12/2020,BENGKULU,171,0,50,121,2950,1911,103,936
19/12/2020,BENGKULU,51,1,64,-14,3001,1975,104,922
20/12/2020,BENGKULU,75,2,46,27,3076,2021,106,949
21/12/2020,BENGKULU,54,0,61,-7,3130,2082,106,942
22/12/2020,BENGKULU,22,0,2,20,3152,2084,106,962
23/12/2020,BENGKULU,31,0,28,3,3183,2112,106,965
24/12/2020,BENGKULU,60,0,50,10,3243,2162,106,975
25/12/2020,BENGKULU,109,1,62,46,3352,2224,107,1021
26/12/2020,BENGKULU,2,0,6,-4,3354,2230,107,1017
27/12/2020,BENGKULU,100,1,73,26,3454,2303,108,1043
28/12/2020,BENGKULU,20,1,61,-42,3474,2364,109,1001
29/12/2020,BENGKULU,17,1,65,-49,3491,2429,110,952
30/12/2020,BENGKULU,40,0,4,36,3531,2433,110,988
31/12/2020,BENGKULU,72,2,126,-56,3603,2559,112,932
01/01/2021,BENGKULU,68,5,98,-35,3671,2657,117,897
02/01/2021,BENGKULU,19,1,71,-53,3690,2728,118,844
03/01/2021,BENGKULU,45,0,91,-46,3735,2819,118,798
04/01/2021,BENGKULU,24,1,81,-58,3759,2900,119,740
05/01/2021,BENGKULU,20,0,75,-55,3779,2975,119,685
06/01/2021,BENGKULU,42,2,70,-30,3821,3045,121,655
07/01/2021,BENGKULU,121,2,75,44,3942,3120,123,699
08/01/2021,BENGKULU,32,1,62,-31,3974,3182,124,668
09/01/2021,BENGKULU,39,2,91,-54,4013,3273,126,614
10/01/2021,BENGKULU,49,1,102,-54,4062,3375,127,560
11/01/2021,BENGKULU,7,2,101,-96,4069,3476,129,464
12/01/2021,BENGKULU,27,1,71,-45,4096,3547,130,419
13/01/2021,BENGKULU,51,0,70,-19,4147,3617,130,400
14/01/2021,BENGKULU,17,3,81,-67,4164,3698,133,333
15/01/2021,BENGKULU,27,0,75,-48,4191,3773,133,285
16/01/2021,BENGKULU,35,0,50,-15,4226,3823,133,270
17/01/2021,BENGKULU,40,1,60,-21,4266,3883,134,249
18/01/2021,BENGKULU,2,1,41,-40,4268,3924,135,209
19/01/2021,BENGKULU,25,0,24,1,4293,3948,135,210
20/01/2021,BENGKULU,20,1,0,19,4313,3948,136,229
21/01/2021,BENGKULU,50,0,0,50,4363,3948,136,279
22/01/2021,BENGKULU,15,0,39,-24,4378,3987,136,255
23/01/2021,BENGKULU,55,1,35,19,4433,4022,137,274
24/01/2021,BENGKULU,15,1,31,-17,4448,4053,138,257
25/01/2021,BENGKULU,15,1,30,-16,4463,4083,139,241
26/01/2021,BENGKULU,18,0,25,-7,4481,4108,139,234
27/01/2021,BENGKULU,17,0,18,-1,4498,4126,139,233
28/01/2021,BENGKULU,13,1,32,-20,4511,4158,140,213
29/01/2021,BENGKULU,16,0,30,-14,4527,4188,140,199
30/01/2021,BENGKULU,30,0,15,15,4557,4203,140,214
31/01/2021,BENGKULU,22,1,25,-4,4579,4228,141,210
01/02/2021,BENGKULU,4,0,24,-20,4583,4252,141,190
02/02/2021,BENGKULU,13,0,15,-2,4596,4267,141,188
03/02/2021,BENGKULU,12,0,25,-13,4608,4292,141,175
04/02/2021,BENGKULU,13,0,20,-7,4621,4312,141,168
05/02/2021,BENGKULU,6,1,15,-10,4627,4327,142,158
06/02/2021,BENGKULU,6,0,15,-9,4633,4342,142,149
07/02/2021,BENGKULU,8,1,15,-8,4641,4357,143,141
08/02/2021,BENGKULU,6,0,15,-9,4647,4372,143,132
09/02/2021,BENGKULU,12,0,15,-3,4659,4387,143,129
10/02/2021,BENGKULU,7,0,15,-8,4666,4402,143,121
11/02/2021,BENGKULU,11,1,20,-10,4677,4422,144,111
12/02/2021,BENGKULU,17,0,15,2,4694,4437,144,113
13/02/2021,BENGKULU,9,0,3,6,4703,4440,144,119
14/02/2021,BENGKULU,18,0,9,9,4721,4449,144,128
15/02/2021,BENGKULU,5,0,15,-10,4726,4464,144,118
16/02/2021,BENGKULU,17,0,0,17,4743,4464,144,135
17/02/2021,BENGKULU,9,0,0,9,4752,4464,144,144
18/02/2021,BENGKULU,5,0,0,5,4757,4464,144,149
19/02/2021,BENGKULU,14,0,0,14,4771,4464,144,163
20/02/2021,BENGKULU,19,0,0,19,4790,4464,144,182
21/02/2021,BENGKULU,13,1,69,-57,4803,4533,145,125
22/02/2021,BENGKULU,22,0,6,16,4825,4539,145,141
23/02/2021,BENGKULU,42,0,10,32,4867,4549,145,173
24/02/2021,BENGKULU,16,0,10,6,4883,4559,145,179
25/02/2021,BENGKULU,11,0,1,10,4894,4560,145,189
26/02/2021,BENGKULU,20,1,15,4,4914,4575,146,193
27/02/2021,BENGKULU,13,1,12,0,4927,4587,147,193
28/02/2021,BENGKULU,6,0,11,-5,4933,4598,147,188
01/03/2021,BENGKULU,3,0,10,-7,4936,4608,147,181
02/03/2021,BENGKULU,13,0,10,3,4949,4618,147,184
03/03/2021,BENGKULU,33,0,14,19,4982,4632,147,203
04/03/2021,BENGKULU,12,0,0,12,4994,4632,147,215
05/03/2021,BENGKULU,15,0,10,5,5009,4642,147,220
06/03/2021,BENGKULU,8,0,0,8,5017,4642,147,228
07/03/2021,BENGKULU,10,0,21,-11,5027,4663,147,217
08/03/2021,BENGKULU,40,3,12,25,5067,4675,150,242
09/03/2021,BENGKULU,8,0,10,-2,5075,4685,150,240
10/03/2021,BENGKULU,9,0,10,-1,5084,4695,150,239
11/03/2021,BENGKULU,11,0,15,-4,5095,4710,150,235
12/03/2021,BENGKULU,27,0,13,14,5122,4723,150,249
13/03/2021,BENGKULU,3,0,10,-7,5125,4733,150,242
14/03/2021,BENGKULU,20,0,13,7,5145,4746,150,249
15/03/2021,BENGKULU,9,0,20,-11,5154,4766,150,238
16/03/2021,BENGKULU,15,0,15,0,5169,4781,150,238
17/03/2021,BENGKULU,35,0,25,10,5204,4806,150,248
18/03/2021,BENGKULU,8,1,21,-14,5212,4827,151,234
19/03/2021,BENGKULU,20,1,20,-1,5232,4847,152,233
20/03/2021,BENGKULU,10,1,10,-1,5242,4857,153,232
21/03/2021,BENGKULU,13,0,15,-2,5255,4872,153,230
22/03/2021,BENGKULU,3,0,15,-12,5258,4887,153,218
23/03/2021,BENGKULU,35,0,15,20,5293,4902,153,238
24/03/2021,BENGKULU,24,0,15,9,5317,4917,153,247
25/03/2021,BENGKULU,7,0,15,-8,5324,4932,153,239
26/03/2021,BENGKULU,8,1,15,-8,5332,4947,154,231
27/03/2021,BENGKULU,5,0,0,5,5337,4947,154,236
28/03/2021,BENGKULU,27,0,0,27,5364,4947,154,263
29/03/2021,BENGKULU,10,0,42,-32,5374,4989,154,231
30/03/2021,BENGKULU,52,0,18,34,5426,5007,154,265
31/03/2021,BENGKULU,35,0,17,18,5461,5024,154,283
01/04/2021,BENGKULU,23,0,18,5,5484,5042,154,288
02/04/2021,BENGKULU,7,0,15,-8,5491,5057,154,280
03/04/2021,BENGKULU,6,0,15,-9,5497,5072,154,271
04/04/2021,BENGKULU,38,0,0,38,5535,5072,154,309
05/04/2021,BENGKULU,14,3,40,-29,5549,5112,157,280
06/04/2021,BENGKULU,28,1,18,9,5577,5130,158,289
07/04/2021,BENGKULU,42,0,20,22,5619,5150,158,311
08/04/2021,BENGKULU,68,0,15,53,5687,5165,158,364
09/04/2021,BENGKULU,47,0,32,15,5734,5197,158,379
10/04/2021,BENGKULU,16,0,19,-3,5750,5216,158,376
11/04/2021,BENGKULU,45,0,30,15,5795,5246,158,391
12/04/2021,BENGKULU,6,2,27,-23,5801,5273,160,368
13/04/2021,BENGKULU,25,0,20,5,5826,5293,160,373
14/04/2021,BENGKULU,15,0,26,-11,5841,5319,160,362
15/04/2021,BENGKULU,46,2,20,24,5887,5339,162,386
16/04/2021,BENGKULU,55,0,30,25,5942,5369,162,411
17/04/2021,BENGKULU,54,1,29,24,5996,5398,163,435
18/04/2021,BENGKULU,95,1,35,59,6091,5433,164,494
19/04/2021,BENGKULU,27,1,34,-8,6118,5467,165,486
20/04/2021,BENGKULU,50,0,31,19,6168,5498,165,505
21/04/2021,BENGKULU,86,1,40,45,6254,5538,166,550
22/04/2021,BENGKULU,20,0,21,-1,6274,5559,166,549
23/04/2021,BENGKULU,90,0,31,59,6364,5590,166,608
24/04/2021,BENGKULU,40,0,25,15,6404,5615,166,623
25/04/2021,BENGKULU,114,0,51,63,6518,5666,166,686
26/04/2021,BENGKULU,42,5,40,-3,6560,5706,171,683
27/04/2021,BENGKULU,70,1,40,29,6630,5746,172,712
28/04/2021,BENGKULU,65,0,40,25,6695,5786,172,737
29/04/2021,BENGKULU,44,0,30,14,6739,5816,172,751
30/04/2021,BENGKULU,43,0,36,7,6782,5852,172,758
01/05/2021,BENGKULU,102,0,40,62,6884,5892,172,820
02/05/2021,BENGKULU,75,1,47,27,6959,5939,173,847
03/05/2021,BENGKULU,7,1,15,-9,6966,5954,174,838
04/05/2021,BENGKULU,54,0,38,16,7020,5992,174,854
05/05/2021,BENGKULU,35,0,41,-6,7055,6033,174,848
06/05/2021,BENGKULU,50,1,45,4,7105,6078,175,852
07/05/2021,BENGKULU,65,0,35,30,7170,6113,175,882
08/05/2021,BENGKULU,76,0,48,28,7246,6161,175,910
09/05/2021,BENGKULU,37,0,61,-24,7283,6222,175,886
10/05/2021,BENGKULU,18,0,53,-35,7301,6275,175,851
11/05/2021,BENGKULU,16,0,40,-24,7317,6315,175,827
12/05/2021,BENGKULU,50,0,51,-1,7367,6366,175,826
13/05/2021,BENGKULU,35,0,61,-26,7402,6427,175,800
14/05/2021,BENGKULU,29,0,40,-11,7431,6467,175,789
15/05/2021,BENGKULU,4,0,52,-48,7435,6519,175,741
16/05/2021,BENGKULU,8,0,35,-27,7443,6554,175,714
17/05/2021,BENGKULU,4,0,17,-13,7447,6571,175,701
18/05/2021,BENGKULU,26,0,51,-25,7473,6622,175,676
19/05/2021,BENGKULU,35,0,12,23,7508,6634,175,699
20/05/2021,BENGKULU,37,0,3,34,7545,6637,175,733
21/05/2021,BENGKULU,80,0,56,24,7625,6693,175,757
22/05/2021,BENGKULU,60,0,50,10,7685,6743,175,767
23/05/2021,BENGKULU,70,0,51,19,7755,6794,175,786
24/05/2021,BENGKULU,8,1,40,-33,7763,6834,176,753
25/05/2021,BENGKULU,30,1,55,-26,7793,6889,177,727
26/05/2021,BENGKULU,27,0,31,-4,7820,6920,177,723
27/05/2021,BENGKULU,19,0,42,-23,7839,6962,177,700
28/05/2021,BENGKULU,66,0,41,25,7905,7003,177,725
29/05/2021,BENGKULU,81,1,63,17,7986,7066,178,742
30/05/2021,BENGKULU,70,1,62,7,8056,7128,179,749
31/05/2021,BENGKULU,18,1,20,-3,8074,7148,180,746
01/06/2021,BENGKULU,40,0,48,-8,8114,7196,180,738
02/06/2021,BENGKULU,13,0,40,-27,8127,7236,180,711
03/06/2021,BENGKULU,30,0,36,-6,8157,7272,180,705
04/06/2021,BENGKULU,67,1,55,11,8224,7327,181,716
05/06/2021,BENGKULU,53,0,0,53,8277,7327,181,769
06/06/2021,BENGKULU,63,0,46,17,8340,7373,181,786
07/06/2021,BENGKULU,35,0,54,-19,8375,7427,181,767
08/06/2021,BENGKULU,26,0,64,-38,8401,7491,181,729
09/06/2021,BENGKULU,24,0,77,-53,8425,7568,181,676
10/06/2021,BENGKULU,33,0,34,-1,8458,7602,181,675
11/06/2021,BENGKULU,64,1,42,21,8522,7644,182,696
12/06/2021,BENGKULU,43,1,35,7,8565,7679,183,703
13/06/2021,BENGKULU,103,1,50,52,8668,7729,184,755
09/04/2020,NUSA TENGGARA TIMUR,1,0,0,1,1,0,0,1
10/04/2020,NUSA TENGGARA TIMUR,0,0,0,0,1,0,0,1
11/04/2020,NUSA TENGGARA TIMUR,0,0,0,0,1,0,0,1
12/04/2020,NUSA TENGGARA TIMUR,0,0,0,0,1,0,0,1
13/04/2020,NUSA TENGGARA TIMUR,0,0,0,0,1,0,0,1
14/04/2020,NUSA TENGGARA TIMUR,0,0,0,0,1,0,0,1
15/04/2020,NUSA TENGGARA TIMUR,0,0,0,0,1,0,0,1
16/04/2020,NUSA TENGGARA TIMUR,0,0,0,0,1,0,0,1
17/04/2020,NUSA TENGGARA TIMUR,0,0,0,0,1,0,0,1
18/04/2020,NUSA TENGGARA TIMUR,0,0,0,0,1,0,0,1
19/04/2020,NUSA TENGGARA TIMUR,0,0,0,0,1,0,0,1
20/04/2020,NUSA TENGGARA TIMUR,0,0,0,0,1,0,0,1
21/04/2020,NUSA TENGGARA TIMUR,0,0,0,0,1,0,0,1
22/04/2020,NUSA TENGGARA TIMUR,0,0,0,0,1,0,0,1
23/04/2020,NUSA TENGGARA TIMUR,0,0,0,0,1,0,0,1
24/04/2020,NUSA TENGGARA TIMUR,0,0,1,-1,1,1,0,0
25/04/2020,NUSA TENGGARA TIMUR,0,0,0,0,1,1,0,0
26/04/2020,NUSA TENGGARA TIMUR,0,0,0,0,1,1,0,0
27/04/2020,NUSA TENGGARA TIMUR,0,0,0,0,1,1,0,0
28/04/2020,NUSA TENGGARA TIMUR,0,0,0,0,1,1,0,0
29/04/2020,NUSA TENGGARA TIMUR,0,0,0,0,1,1,0,0
30/04/2020,NUSA TENGGARA TIMUR,2,0,0,2,3,1,0,2
01/05/2020,NUSA TENGGARA TIMUR,0,0,0,0,3,1,0,2
02/05/2020,NUSA TENGGARA TIMUR,0,0,0,0,3,1,0,2
03/05/2020,NUSA TENGGARA TIMUR,7,0,0,7,10,1,0,9
04/05/2020,NUSA TENGGARA TIMUR,0,0,0,0,10,1,0,9
05/05/2020,NUSA TENGGARA TIMUR,3,0,0,3,13,1,0,12
06/05/2020,NUSA TENGGARA TIMUR,0,0,0,0,13,1,0,12
07/05/2020,NUSA TENGGARA TIMUR,0,0,0,0,13,1,0,12
08/05/2020,NUSA TENGGARA TIMUR,0,0,0,0,13,1,0,12
09/05/2020,NUSA TENGGARA TIMUR,0,0,0,0,13,1,0,12
10/05/2020,NUSA TENGGARA TIMUR,1,0,0,1,14,1,0,13
11/05/2020,NUSA TENGGARA TIMUR,0,0,0,0,14,1,0,13
12/05/2020,NUSA TENGGARA TIMUR,1,0,0,1,15,1,0,14
13/05/2020,NUSA TENGGARA TIMUR,6,0,0,6,21,1,0,20
14/05/2020,NUSA TENGGARA TIMUR,2,1,0,1,23,1,1,21
15/05/2020,NUSA TENGGARA TIMUR,0,0,0,0,23,1,1,21
16/05/2020,NUSA TENGGARA TIMUR,27,0,1,26,50,2,1,47
17/05/2020,NUSA TENGGARA TIMUR,12,0,4,8,62,6,1,55
18/05/2020,NUSA TENGGARA TIMUR,14,0,0,14,76,6,1,69
19/05/2020,NUSA TENGGARA TIMUR,3,0,0,3,79,6,1,72
20/05/2020,NUSA TENGGARA TIMUR,2,0,0,2,81,6,1,74
21/05/2020,NUSA TENGGARA TIMUR,3,0,0,3,84,6,1,77
22/05/2020,NUSA TENGGARA TIMUR,0,0,0,0,84,6,1,77
23/05/2020,NUSA TENGGARA TIMUR,0,0,0,0,84,6,1,77
24/05/2020,NUSA TENGGARA TIMUR,0,0,0,0,84,6,1,77
25/05/2020,NUSA TENGGARA TIMUR,1,0,0,1,85,6,1,78
26/05/2020,NUSA TENGGARA TIMUR,3,0,1,2,88,7,1,80
27/05/2020,NUSA TENGGARA TIMUR,0,0,2,-2,88,9,1,78
28/05/2020,NUSA TENGGARA TIMUR,0,0,0,0,88,9,1,78
29/05/2020,NUSA TENGGARA TIMUR,2,0,3,-1,90,12,1,77
30/05/2020,NUSA TENGGARA TIMUR,1,0,0,1,91,12,1,78
31/05/2020,NUSA TENGGARA TIMUR,1,0,2,-1,92,14,1,77
01/06/2020,NUSA TENGGARA TIMUR,5,0,0,5,97,14,1,82
02/06/2020,NUSA TENGGARA TIMUR,0,0,0,0,97,14,1,82
03/06/2020,NUSA TENGGARA TIMUR,1,0,0,1,98,14,1,83
04/06/2020,NUSA TENGGARA TIMUR,0,0,0,0,98,14,1,83
05/06/2020,NUSA TENGGARA TIMUR,0,0,0,0,98,14,1,83
06/06/2020,NUSA TENGGARA TIMUR,0,0,0,0,98,14,1,83
07/06/2020,NUSA TENGGARA TIMUR,0,0,0,0,98,14,1,83
08/06/2020,NUSA TENGGARA TIMUR,5,0,16,-11,103,30,1,72
09/06/2020,NUSA TENGGARA TIMUR,0,0,0,0,103,30,1,72
10/06/2020,NUSA TENGGARA TIMUR,2,0,7,-5,105,37,1,67
11/06/2020,NUSA TENGGARA TIMUR,0,0,0,0,105,37,1,67
12/06/2020,NUSA TENGGARA TIMUR,1,0,5,-4,106,42,1,63
13/06/2020,NUSA TENGGARA TIMUR,0,0,0,0,106,42,1,63
14/06/2020,NUSA TENGGARA TIMUR,2,0,0,2,108,42,1,65
15/06/2020,NUSA TENGGARA TIMUR,0,0,0,0,108,42,1,65
16/06/2020,NUSA TENGGARA TIMUR,0,0,0,0,108,42,1,65
17/06/2020,NUSA TENGGARA TIMUR,0,0,2,-2,108,44,1,63
18/06/2020,NUSA TENGGARA TIMUR,0,0,0,0,108,44,1,63
19/06/2020,NUSA TENGGARA TIMUR,0,0,0,0,108,44,1,63
20/06/2020,NUSA TENGGARA TIMUR,0,0,0,0,108,44,1,63
21/06/2020,NUSA TENGGARA TIMUR,3,0,0,3,111,44,1,66
22/06/2020,NUSA TENGGARA TIMUR,0,0,1,-1,111,45,1,65
23/06/2020,NUSA TENGGARA TIMUR,1,0,1,0,112,46,1,65
24/06/2020,NUSA TENGGARA TIMUR,0,0,0,0,112,46,1,65
25/06/2020,NUSA TENGGARA TIMUR,0,0,1,-1,112,47,1,64
26/06/2020,NUSA TENGGARA TIMUR,1,0,0,1,113,47,1,65
27/06/2020,NUSA TENGGARA TIMUR,0,0,0,0,113,47,1,65
28/06/2020,NUSA TENGGARA TIMUR,0,0,0,0,113,47,1,65
29/06/2020,NUSA TENGGARA TIMUR,0,0,0,0,113,47,1,65
30/06/2020,NUSA TENGGARA TIMUR,0,0,0,0,113,47,1,65
01/07/2020,NUSA TENGGARA TIMUR,0,0,0,0,113,47,1,65
02/07/2020,NUSA TENGGARA TIMUR,5,0,10,-5,118,57,1,60
03/07/2020,NUSA TENGGARA TIMUR,0,0,0,0,118,57,1,60
04/07/2020,NUSA TENGGARA TIMUR,0,0,0,0,118,57,1,60
05/07/2020,NUSA TENGGARA TIMUR,0,0,0,0,118,57,1,60
06/07/2020,NUSA TENGGARA TIMUR,0,0,0,0,118,57,1,60
07/07/2020,NUSA TENGGARA TIMUR,0,0,0,0,118,57,1,60
08/07/2020,NUSA TENGGARA TIMUR,3,0,34,-31,121,91,1,29
09/07/2020,NUSA TENGGARA TIMUR,0,0,0,0,121,91,1,29
10/07/2020,NUSA TENGGARA TIMUR,0,0,0,0,121,91,1,29
11/07/2020,NUSA TENGGARA TIMUR,0,0,0,0,121,91,1,29
12/07/2020,NUSA TENGGARA TIMUR,0,0,0,0,121,91,1,29
13/07/2020,NUSA TENGGARA TIMUR,0,0,0,0,121,91,1,29
14/07/2020,NUSA TENGGARA TIMUR,0,0,0,0,121,91,1,29
15/07/2020,NUSA TENGGARA TIMUR,0,0,0,0,121,91,1,29
16/07/2020,NUSA TENGGARA TIMUR,0,0,1,-1,121,92,1,28
17/07/2020,NUSA TENGGARA TIMUR,0,0,0,0,121,92,1,28
18/07/2020,NUSA TENGGARA TIMUR,10,0,12,-2,131,104,1,26
19/07/2020,NUSA TENGGARA TIMUR,0,0,0,0,131,104,1,26
20/07/2020,NUSA TENGGARA TIMUR,3,0,3,0,134,107,1,26
21/07/2020,NUSA TENGGARA TIMUR,3,0,4,-1,137,111,1,25
22/07/2020,NUSA TENGGARA TIMUR,0,0,0,0,137,111,1,25
23/07/2020,NUSA TENGGARA TIMUR,0,0,0,0,137,111,1,25
24/07/2020,NUSA TENGGARA TIMUR,0,0,0,0,137,111,1,25
25/07/2020,NUSA TENGGARA TIMUR,0,0,0,0,137,111,1,25
26/07/2020,NUSA TENGGARA TIMUR,8,0,0,8,145,111,1,33
27/07/2020,NUSA TENGGARA TIMUR,0,0,0,0,145,111,1,33
28/07/2020,NUSA TENGGARA TIMUR,0,0,0,0,145,111,1,33
29/07/2020,NUSA TENGGARA TIMUR,0,0,0,0,145,111,1,33
30/07/2020,NUSA TENGGARA TIMUR,0,0,0,0,145,111,1,33
31/07/2020,NUSA TENGGARA TIMUR,0,0,0,0,145,111,1,33
01/08/2020,NUSA TENGGARA TIMUR,0,0,0,0,145,111,1,33
02/08/2020,NUSA TENGGARA TIMUR,6,0,9,-3,151,120,1,30
03/08/2020,NUSA TENGGARA TIMUR,0,0,0,0,151,120,1,30
04/08/2020,NUSA TENGGARA TIMUR,0,0,0,0,151,120,1,30
05/08/2020,NUSA TENGGARA TIMUR,1,0,9,-8,152,129,1,22
06/08/2020,NUSA TENGGARA TIMUR,0,0,0,0,152,129,1,22
07/08/2020,NUSA TENGGARA TIMUR,0,0,1,-1,152,130,1,21
08/08/2020,NUSA TENGGARA TIMUR,0,0,0,0,152,130,1,21
09/08/2020,NUSA TENGGARA TIMUR,0,0,0,0,152,130,1,21
10/08/2020,NUSA TENGGARA TIMUR,0,0,0,0,152,130,1,21
11/08/2020,NUSA TENGGARA TIMUR,3,0,1,2,155,131,1,23
12/08/2020,NUSA TENGGARA TIMUR,7,0,6,1,162,137,1,24
13/08/2020,NUSA TENGGARA TIMUR,0,0,0,0,162,137,1,24
14/08/2020,NUSA TENGGARA TIMUR,0,0,0,0,162,137,1,24
15/08/2020,NUSA TENGGARA TIMUR,3,0,1,2,165,138,1,26
16/08/2020,NUSA TENGGARA TIMUR,0,0,0,0,165,138,1,26
17/08/2020,NUSA TENGGARA TIMUR,0,0,0,0,165,138,1,26
18/08/2020,NUSA TENGGARA TIMUR,0,0,0,0,165,138,1,26
19/08/2020,NUSA TENGGARA TIMUR,0,0,0,0,165,138,1,26
20/08/2020,NUSA TENGGARA TIMUR,0,0,0,0,165,138,1,26
21/08/2020,NUSA TENGGARA TIMUR,0,0,0,0,165,138,1,26
22/08/2020,NUSA TENGGARA TIMUR,6,1,10,-5,171,148,2,21
23/08/2020,NUSA TENGGARA TIMUR,0,0,1,-1,171,149,2,20
24/08/2020,NUSA TENGGARA TIMUR,0,0,0,0,171,149,2,20
25/08/2020,NUSA TENGGARA TIMUR,1,0,0,1,172,149,2,21
26/08/2020,NUSA TENGGARA TIMUR,1,0,0,1,173,149,2,22
27/08/2020,NUSA TENGGARA TIMUR,1,0,6,-5,174,155,2,17
28/08/2020,NUSA TENGGARA TIMUR,2,0,1,1,176,156,2,18
29/08/2020,NUSA TENGGARA TIMUR,0,0,0,0,176,156,2,18
30/08/2020,NUSA TENGGARA TIMUR,1,0,0,1,177,156,2,19
31/08/2020,NUSA TENGGARA TIMUR,0,0,0,0,177,156,2,19
01/09/2020,NUSA TENGGARA TIMUR,2,0,0,2,179,156,2,21
02/09/2020,NUSA TENGGARA TIMUR,12,0,3,9,191,159,2,30
03/09/2020,NUSA TENGGARA TIMUR,9,0,4,5,200,163,2,35
04/09/2020,NUSA TENGGARA TIMUR,2,0,0,2,202,163,2,37
05/09/2020,NUSA TENGGARA TIMUR,2,0,6,-4,204,169,2,33
06/09/2020,NUSA TENGGARA TIMUR,2,0,1,1,206,170,2,34
07/09/2020,NUSA TENGGARA TIMUR,0,1,0,-1,206,170,3,33
08/09/2020,NUSA TENGGARA TIMUR,3,0,0,3,209,170,3,36
09/09/2020,NUSA TENGGARA TIMUR,4,1,0,3,213,170,4,39
10/09/2020,NUSA TENGGARA TIMUR,0,0,0,0,213,170,4,39
11/09/2020,NUSA TENGGARA TIMUR,0,0,0,0,213,170,4,39
12/09/2020,NUSA TENGGARA TIMUR,4,1,0,3,217,170,5,42
13/09/2020,NUSA TENGGARA TIMUR,20,0,2,18,237,172,5,60
14/09/2020,NUSA TENGGARA TIMUR,0,0,0,0,237,172,5,60
15/09/2020,NUSA TENGGARA TIMUR,39,0,0,39,276,172,5,99
16/09/2020,NUSA TENGGARA TIMUR,13,0,1,12,289,173,5,111
17/09/2020,NUSA TENGGARA TIMUR,13,0,2,11,302,175,5,122
18/09/2020,NUSA TENGGARA TIMUR,11,0,4,7,313,179,5,129
19/09/2020,NUSA TENGGARA TIMUR,2,0,1,1,315,180,5,130
20/09/2020,NUSA TENGGARA TIMUR,6,0,51,-45,321,231,5,85
21/09/2020,NUSA TENGGARA TIMUR,0,0,0,0,321,231,5,85
22/09/2020,NUSA TENGGARA TIMUR,11,0,0,11,332,231,5,96
23/09/2020,NUSA TENGGARA TIMUR,17,1,9,7,349,240,6,103
24/09/2020,NUSA TENGGARA TIMUR,18,0,0,18,367,240,6,121
25/09/2020,NUSA TENGGARA TIMUR,21,0,0,21,388,240,6,142
26/09/2020,NUSA TENGGARA TIMUR,6,0,10,-4,394,250,6,138
27/09/2020,NUSA TENGGARA TIMUR,8,0,0,8,402,250,6,146
28/09/2020,NUSA TENGGARA TIMUR,0,0,13,-13,402,263,6,133
29/09/2020,NUSA TENGGARA TIMUR,4,0,5,-1,406,268,6,132
30/09/2020,NUSA TENGGARA TIMUR,18,0,6,12,424,274,6,144
01/10/2020,NUSA TENGGARA TIMUR,5,0,8,-3,429,282,6,141
02/10/2020,NUSA TENGGARA TIMUR,10,0,3,7,439,285,6,148
03/10/2020,NUSA TENGGARA TIMUR,9,0,0,9,448,285,6,157
04/10/2020,NUSA TENGGARA TIMUR,16,0,21,-5,464,306,6,152
05/10/2020,NUSA TENGGARA TIMUR,1,0,13,-12,465,319,6,140
06/10/2020,NUSA TENGGARA TIMUR,2,0,14,-12,467,333,6,128
07/10/2020,NUSA TENGGARA TIMUR,18,0,3,15,485,336,6,143
08/10/2020,NUSA TENGGARA TIMUR,47,1,7,39,532,343,7,182
09/10/2020,NUSA TENGGARA TIMUR,19,0,6,13,551,349,7,195
10/10/2020,NUSA TENGGARA TIMUR,7,0,3,4,558,352,7,199
11/10/2020,NUSA TENGGARA TIMUR,7,0,0,7,565,352,7,206
12/10/2020,NUSA TENGGARA TIMUR,0,0,1,-1,565,353,7,205
13/10/2020,NUSA TENGGARA TIMUR,7,0,9,-2,572,362,7,203
14/10/2020,NUSA TENGGARA TIMUR,2,0,7,-5,574,369,7,198
15/10/2020,NUSA TENGGARA TIMUR,1,0,0,1,575,369,7,199
16/10/2020,NUSA TENGGARA TIMUR,7,0,31,-24,582,400,7,175
17/10/2020,NUSA TENGGARA TIMUR,2,0,6,-4,584,406,7,171
18/10/2020,NUSA TENGGARA TIMUR,3,0,0,3,587,406,7,174
19/10/2020,NUSA TENGGARA TIMUR,1,0,0,1,588,406,7,175
20/10/2020,NUSA TENGGARA TIMUR,4,0,5,-1,592,411,7,174
21/10/2020,NUSA TENGGARA TIMUR,13,0,5,8,605,416,7,182
22/10/2020,NUSA TENGGARA TIMUR,10,0,6,4,615,422,7,186
23/10/2020,NUSA TENGGARA TIMUR,19,0,12,7,634,434,7,193
24/10/2020,NUSA TENGGARA TIMUR,15,0,9,6,649,443,7,199
25/10/2020,NUSA TENGGARA TIMUR,3,0,0,3,652,443,7,202
26/10/2020,NUSA TENGGARA TIMUR,1,0,0,1,653,443,7,203
27/10/2020,NUSA TENGGARA TIMUR,14,0,6,8,667,449,7,211
28/10/2020,NUSA TENGGARA TIMUR,2,0,14,-12,669,463,7,199
29/10/2020,NUSA TENGGARA TIMUR,10,0,2,8,679,465,7,207
30/10/2020,NUSA TENGGARA TIMUR,0,0,33,-33,679,498,7,174
31/10/2020,NUSA TENGGARA TIMUR,2,0,0,2,681,498,7,176
01/11/2020,NUSA TENGGARA TIMUR,9,0,1,8,690,499,7,184
02/11/2020,NUSA TENGGARA TIMUR,4,0,1,3,694,500,7,187
03/11/2020,NUSA TENGGARA TIMUR,24,2,18,4,718,518,9,191
04/11/2020,NUSA TENGGARA TIMUR,10,0,5,5,728,523,9,196
05/11/2020,NUSA TENGGARA TIMUR,15,2,9,4,743,532,11,200
06/11/2020,NUSA TENGGARA TIMUR,8,0,21,-13,751,553,11,187
07/11/2020,NUSA TENGGARA TIMUR,17,0,4,13,768,557,11,200
08/11/2020,NUSA TENGGARA TIMUR,10,0,15,-5,778,572,11,195
09/11/2020,NUSA TENGGARA TIMUR,1,0,8,-7,779,580,11,188
10/11/2020,NUSA TENGGARA TIMUR,8,0,5,3,787,585,11,191
11/11/2020,NUSA TENGGARA TIMUR,6,0,0,6,793,585,11,197
12/11/2020,NUSA TENGGARA TIMUR,12,0,2,10,805,587,11,207
13/11/2020,NUSA TENGGARA TIMUR,18,3,8,7,823,595,14,214
14/11/2020,NUSA TENGGARA TIMUR,7,0,13,-6,830,608,14,208
15/11/2020,NUSA TENGGARA TIMUR,0,0,1,-1,830,609,14,207
16/11/2020,NUSA TENGGARA TIMUR,11,0,14,-3,841,623,14,204
17/11/2020,NUSA TENGGARA TIMUR,25,1,4,20,866,627,15,224
18/11/2020,NUSA TENGGARA TIMUR,33,0,6,27,899,633,15,251
19/11/2020,NUSA TENGGARA TIMUR,0,0,0,0,899,633,15,251
20/11/2020,NUSA TENGGARA TIMUR,13,0,21,-8,912,654,15,243
21/11/2020,NUSA TENGGARA TIMUR,25,0,2,23,937,656,15,266
22/11/2020,NUSA TENGGARA TIMUR,14,2,6,6,951,662,17,272
23/11/2020,NUSA TENGGARA TIMUR,8,0,14,-6,959,676,17,266
24/11/2020,NUSA TENGGARA TIMUR,1,0,1,0,960,677,17,266
25/11/2020,NUSA TENGGARA TIMUR,42,1,9,32,1002,686,18,298
26/11/2020,NUSA TENGGARA TIMUR,75,0,2,73,1077,688,18,371
27/11/2020,NUSA TENGGARA TIMUR,33,0,0,33,1110,688,18,404
28/11/2020,NUSA TENGGARA TIMUR,27,0,12,15,1137,700,18,419
29/11/2020,NUSA TENGGARA TIMUR,52,0,1,51,1189,701,18,470
30/11/2020,NUSA TENGGARA TIMUR,20,0,20,0,1209,721,18,470
01/12/2020,NUSA TENGGARA TIMUR,33,2,2,29,1242,723,20,499
02/12/2020,NUSA TENGGARA TIMUR,29,2,2,25,1271,725,22,524
03/12/2020,NUSA TENGGARA TIMUR,26,1,6,19,1297,731,23,543
04/12/2020,NUSA TENGGARA TIMUR,29,1,7,21,1326,738,24,564
05/12/2020,NUSA TENGGARA TIMUR,18,1,0,17,1344,738,25,581
06/12/2020,NUSA TENGGARA TIMUR,25,1,3,21,1369,741,26,602
07/12/2020,NUSA TENGGARA TIMUR,59,0,0,59,1428,741,26,661
08/12/2020,NUSA TENGGARA TIMUR,21,0,13,8,1449,754,26,669
09/12/2020,NUSA TENGGARA TIMUR,27,3,7,17,1476,761,29,686
10/12/2020,NUSA TENGGARA TIMUR,33,1,12,20,1509,773,30,706
11/12/2020,NUSA TENGGARA TIMUR,6,1,20,-15,1515,793,31,691
12/12/2020,NUSA TENGGARA TIMUR,22,2,19,1,1537,812,33,692
13/12/2020,NUSA TENGGARA TIMUR,10,1,19,-10,1547,831,34,682
14/12/2020,NUSA TENGGARA TIMUR,1,0,0,1,1548,831,34,683
15/12/2020,NUSA TENGGARA TIMUR,12,0,1,11,1560,832,34,694
16/12/2020,NUSA TENGGARA TIMUR,40,2,37,1,1600,869,36,695
17/12/2020,NUSA TENGGARA TIMUR,43,0,16,27,1643,885,36,722
18/12/2020,NUSA TENGGARA TIMUR,65,0,35,30,1708,920,36,752
19/12/2020,NUSA TENGGARA TIMUR,71,0,7,64,1779,927,36,816
20/12/2020,NUSA TENGGARA TIMUR,29,2,38,-11,1808,965,38,805
21/12/2020,NUSA TENGGARA TIMUR,13,2,8,3,1821,973,40,808
22/12/2020,NUSA TENGGARA TIMUR,86,1,15,70,1907,988,41,878
23/12/2020,NUSA TENGGARA TIMUR,52,0,83,-31,1959,1071,41,847
24/12/2020,NUSA TENGGARA TIMUR,37,0,14,23,1996,1085,41,870
25/12/2020,NUSA TENGGARA TIMUR,16,0,31,-15,2012,1116,41,855
26/12/2020,NUSA TENGGARA TIMUR,0,1,3,-4,2012,1119,42,851
27/12/2020,NUSA TENGGARA TIMUR,29,0,4,25,2041,1123,42,876
28/12/2020,NUSA TENGGARA TIMUR,17,1,3,13,2058,1126,43,889
29/12/2020,NUSA TENGGARA TIMUR,30,0,7,23,2088,1133,43,912
30/12/2020,NUSA TENGGARA TIMUR,53,4,66,-17,2141,1199,47,895
31/12/2020,NUSA TENGGARA TIMUR,26,2,4,20,2167,1203,49,915
01/01/2021,NUSA TENGGARA TIMUR,14,0,1,13,2181,1204,49,928
02/01/2021,NUSA TENGGARA TIMUR,35,0,3,32,2216,1207,49,960
03/01/2021,NUSA TENGGARA TIMUR,19,3,66,-50,2235,1273,52,910
04/01/2021,NUSA TENGGARA TIMUR,4,0,16,-12,2239,1289,52,898
05/01/2021,NUSA TENGGARA TIMUR,57,2,14,41,2296,1303,54,939
06/01/2021,NUSA TENGGARA TIMUR,24,1,38,-15,2320,1341,55,924
07/01/2021,NUSA TENGGARA TIMUR,79,0,52,27,2399,1393,55,951
08/01/2021,NUSA TENGGARA TIMUR,51,0,85,-34,2450,1478,55,917
09/01/2021,NUSA TENGGARA TIMUR,31,1,16,14,2481,1494,56,931
10/01/2021,NUSA TENGGARA TIMUR,45,3,14,28,2526,1508,59,959
11/01/2021,NUSA TENGGARA TIMUR,12,1,63,-52,2538,1571,60,907
12/01/2021,NUSA TENGGARA TIMUR,37,7,0,30,2575,1571,67,937
13/01/2021,NUSA TENGGARA TIMUR,171,4,18,149,2746,1589,71,1086
14/01/2021,NUSA TENGGARA TIMUR,56,6,9,41,2802,1598,77,1127
15/01/2021,NUSA TENGGARA TIMUR,57,1,24,32,2859,1622,78,1159
16/01/2021,NUSA TENGGARA TIMUR,118,6,30,82,2977,1652,84,1241
17/01/2021,NUSA TENGGARA TIMUR,67,1,28,38,3044,1680,85,1279
18/01/2021,NUSA TENGGARA TIMUR,101,3,27,71,3145,1707,88,1350
19/01/2021,NUSA TENGGARA TIMUR,7,0,0,7,3152,1707,88,1357
20/01/2021,NUSA TENGGARA TIMUR,192,4,34,154,3344,1741,92,1511
21/01/2021,NUSA TENGGARA TIMUR,44,0,25,19,3388,1766,92,1530
22/01/2021,NUSA TENGGARA TIMUR,275,10,68,197,3663,1834,102,1727
23/01/2021,NUSA TENGGARA TIMUR,271,5,83,183,3934,1917,107,1910
24/01/2021,NUSA TENGGARA TIMUR,74,1,85,-12,4008,2002,108,1898
25/01/2021,NUSA TENGGARA TIMUR,121,4,40,77,4129,2042,112,1975
26/01/2021,NUSA TENGGARA TIMUR,221,8,88,125,4350,2130,120,2100
27/01/2021,NUSA TENGGARA TIMUR,127,3,26,98,4477,2156,123,2198
28/01/2021,NUSA TENGGARA TIMUR,116,5,69,42,4593,2225,128,2240
29/01/2021,NUSA TENGGARA TIMUR,93,4,93,-4,4686,2318,132,2236
30/01/2021,NUSA TENGGARA TIMUR,163,7,21,135,4849,2339,139,2371
31/01/2021,NUSA TENGGARA TIMUR,56,3,44,9,4905,2383,142,2380
01/02/2021,NUSA TENGGARA TIMUR,134,1,20,113,5039,2403,143,2493
02/02/2021,NUSA TENGGARA TIMUR,173,2,14,157,5212,2417,145,2650
03/02/2021,NUSA TENGGARA TIMUR,112,2,97,13,5324,2514,147,2663
04/02/2021,NUSA TENGGARA TIMUR,158,2,11,145,5482,2525,149,2808
05/02/2021,NUSA TENGGARA TIMUR,389,0,123,266,5871,2648,149,3074
06/02/2021,NUSA TENGGARA TIMUR,198,1,14,183,6069,2662,150,3257
07/02/2021,NUSA TENGGARA TIMUR,213,5,89,119,6282,2751,155,3376
08/02/2021,NUSA TENGGARA TIMUR,83,5,106,-28,6365,2857,160,3348
09/02/2021,NUSA TENGGARA TIMUR,113,1,69,43,6478,2926,161,3391
10/02/2021,NUSA TENGGARA TIMUR,90,0,59,31,6568,2985,161,3422
11/02/2021,NUSA TENGGARA TIMUR,32,1,209,-178,6600,3194,162,3244
12/02/2021,NUSA TENGGARA TIMUR,185,10,559,-384,6785,3753,172,2860
13/02/2021,NUSA TENGGARA TIMUR,235,6,71,158,7020,3824,178,3018
14/02/2021,NUSA TENGGARA TIMUR,252,5,72,175,7272,3896,183,3193
15/02/2021,NUSA TENGGARA TIMUR,115,3,355,-243,7387,4251,186,2950
16/02/2021,NUSA TENGGARA TIMUR,130,1,298,-169,7517,4549,187,2781
17/02/2021,NUSA TENGGARA TIMUR,103,3,90,10,7620,4639,190,2791
18/02/2021,NUSA TENGGARA TIMUR,224,2,197,25,7844,4836,192,2816
19/02/2021,NUSA TENGGARA TIMUR,133,3,144,-14,7977,4980,195,2802
20/02/2021,NUSA TENGGARA TIMUR,176,3,351,-178,8153,5331,198,2624
21/02/2021,NUSA TENGGARA TIMUR,100,2,103,-5,8253,5434,200,2619
22/02/2021,NUSA TENGGARA TIMUR,138,17,281,-160,8391,5715,217,2459
23/02/2021,NUSA TENGGARA TIMUR,195,6,149,40,8586,5864,223,2499
24/02/2021,NUSA TENGGARA TIMUR,95,21,280,-206,8681,6144,244,2293
25/02/2021,NUSA TENGGARA TIMUR,202,1,97,104,8883,6241,245,2397
26/02/2021,NUSA TENGGARA TIMUR,116,4,104,8,8999,6345,249,2405
27/02/2021,NUSA TENGGARA TIMUR,140,7,97,36,9139,6442,256,2441
28/02/2021,NUSA TENGGARA TIMUR,108,1,61,46,9247,6503,257,2487
01/03/2021,NUSA TENGGARA TIMUR,40,5,180,-145,9287,6683,262,2342
02/03/2021,NUSA TENGGARA TIMUR,117,3,171,-57,9404,6854,265,2285
03/03/2021,NUSA TENGGARA TIMUR,141,2,188,-49,9545,7042,267,2236
04/03/2021,NUSA TENGGARA TIMUR,103,2,116,-15,9648,7158,269,2221
05/03/2021,NUSA TENGGARA TIMUR,150,3,167,-20,9798,7325,272,2201
06/03/2021,NUSA TENGGARA TIMUR,130,8,211,-89,9928,7536,280,2112
07/03/2021,NUSA TENGGARA TIMUR,43,1,55,-13,9971,7591,281,2099
08/03/2021,NUSA TENGGARA TIMUR,134,4,121,9,10105,7712,285,2108
09/03/2021,NUSA TENGGARA TIMUR,136,3,173,-40,10241,7885,288,2068
10/03/2021,NUSA TENGGARA TIMUR,114,0,75,39,10355,7960,288,2107
11/03/2021,NUSA TENGGARA TIMUR,66,1,126,-61,10421,8086,289,2046
12/03/2021,NUSA TENGGARA TIMUR,128,1,29,98,10549,8115,290,2144
13/03/2021,NUSA TENGGARA TIMUR,141,6,9,126,10690,8124,296,2270
14/03/2021,NUSA TENGGARA TIMUR,23,1,232,-210,10713,8356,297,2060
15/03/2021,NUSA TENGGARA TIMUR,83,0,9,74,10796,8365,297,2134
16/03/2021,NUSA TENGGARA TIMUR,193,0,193,0,10989,8558,297,2134
17/03/2021,NUSA TENGGARA TIMUR,220,7,105,108,11209,8663,304,2242
18/03/2021,NUSA TENGGARA TIMUR,167,0,210,-43,11376,8873,304,2199
19/03/2021,NUSA TENGGARA TIMUR,96,0,0,96,11472,8873,304,2295
20/03/2021,NUSA TENGGARA TIMUR,160,1,34,125,11632,8907,305,2420
21/03/2021,NUSA TENGGARA TIMUR,37,4,90,-57,11669,8997,309,2363
22/03/2021,NUSA TENGGARA TIMUR,76,2,55,19,11745,9052,311,2382
23/03/2021,NUSA TENGGARA TIMUR,169,10,73,86,11914,9125,321,2468
24/03/2021,NUSA TENGGARA TIMUR,98,3,152,-57,12012,9277,324,2411
25/03/2021,NUSA TENGGARA TIMUR,54,1,108,-55,12066,9385,325,2356
26/03/2021,NUSA TENGGARA TIMUR,43,0,37,6,12109,9422,325,2362
27/03/2021,NUSA TENGGARA TIMUR,53,0,56,-3,12162,9478,325,2359
28/03/2021,NUSA TENGGARA TIMUR,20,0,13,7,12182,9491,325,2366
29/03/2021,NUSA TENGGARA TIMUR,27,2,498,-473,12209,9989,327,1893
30/03/2021,NUSA TENGGARA TIMUR,116,4,18,94,12325,10007,331,1987
31/03/2021,NUSA TENGGARA TIMUR,90,3,270,-183,12415,10277,334,1804
01/04/2021,NUSA TENGGARA TIMUR,86,2,154,-70,12501,10431,336,1734
02/04/2021,NUSA TENGGARA TIMUR,79,0,7,72,12580,10438,336,1806
03/04/2021,NUSA TENGGARA TIMUR,30,2,50,-22,12610,10488,338,1784
04/04/2021,NUSA TENGGARA TIMUR,32,3,34,-5,12642,10522,341,1779
05/04/2021,NUSA TENGGARA TIMUR,0,2,20,-22,12642,10542,343,1757
06/04/2021,NUSA TENGGARA TIMUR,27,2,36,-11,12669,10578,345,1746
07/04/2021,NUSA TENGGARA TIMUR,15,1,6,8,12684,10584,346,1754
08/04/2021,NUSA TENGGARA TIMUR,29,3,5,21,12713,10589,349,1775
09/04/2021,NUSA TENGGARA TIMUR,42,1,611,-570,12755,11200,350,1205
10/04/2021,NUSA TENGGARA TIMUR,45,0,3,42,12800,11203,350,1247
11/04/2021,NUSA TENGGARA TIMUR,0,0,2,-2,12800,11205,350,1245
12/04/2021,NUSA TENGGARA TIMUR,42,0,158,-116,12842,11363,350,1129
13/04/2021,NUSA TENGGARA TIMUR,116,0,9,107,12958,11372,350,1236
14/04/2021,NUSA TENGGARA TIMUR,55,1,5,49,13013,11377,351,1285
15/04/2021,NUSA TENGGARA TIMUR,52,5,120,-73,13065,11497,356,1212
16/04/2021,NUSA TENGGARA TIMUR,131,0,45,86,13196,11542,356,1298
17/04/2021,NUSA TENGGARA TIMUR,24,2,57,-35,13220,11599,358,1263
18/04/2021,NUSA TENGGARA TIMUR,4,1,9,-6,13224,11608,359,1257
19/04/2021,NUSA TENGGARA TIMUR,26,0,47,-21,13250,11655,359,1236
20/04/2021,NUSA TENGGARA TIMUR,248,2,339,-93,13498,11994,361,1143
21/04/2021,NUSA TENGGARA TIMUR,284,0,0,284,13782,11994,361,1427
22/04/2021,NUSA TENGGARA TIMUR,125,1,64,60,13907,12058,362,1487
23/04/2021,NUSA TENGGARA TIMUR,27,0,2,25,13934,12060,362,1512
24/04/2021,NUSA TENGGARA TIMUR,53,1,43,9,13987,12103,363,1521
25/04/2021,NUSA TENGGARA TIMUR,14,0,52,-38,14001,12155,363,1483
26/04/2021,NUSA TENGGARA TIMUR,71,0,29,42,14072,12184,363,1525
27/04/2021,NUSA TENGGARA TIMUR,128,3,284,-159,14200,12468,366,1366
28/04/2021,NUSA TENGGARA TIMUR,31,0,12,19,14231,12480,366,1385
29/04/2021,NUSA TENGGARA TIMUR,32,3,45,-16,14263,12525,369,1369
30/04/2021,NUSA TENGGARA TIMUR,90,5,17,68,14353,12542,374,1437
01/05/2021,NUSA TENGGARA TIMUR,31,0,20,11,14384,12562,374,1448
02/05/2021,NUSA TENGGARA TIMUR,252,3,173,76,14636,12735,377,1524
03/05/2021,NUSA TENGGARA TIMUR,61,1,62,-2,14697,12797,378,1522
04/05/2021,NUSA TENGGARA TIMUR,59,0,25,34,14756,12822,378,1556
05/05/2021,NUSA TENGGARA TIMUR,55,2,133,-80,14811,12955,380,1476
06/05/2021,NUSA TENGGARA TIMUR,273,3,61,209,15084,13016,383,1685
07/05/2021,NUSA TENGGARA TIMUR,89,6,116,-33,15173,13132,389,1652
08/05/2021,NUSA TENGGARA TIMUR,77,4,151,-78,15250,13283,393,1574
09/05/2021,NUSA TENGGARA TIMUR,52,2,13,37,15302,13296,395,1611
10/05/2021,NUSA TENGGARA TIMUR,60,0,68,-8,15362,13364,395,1603
11/05/2021,NUSA TENGGARA TIMUR,125,1,167,-43,15487,13531,396,1560
12/05/2021,NUSA TENGGARA TIMUR,9,1,1,7,15496,13532,397,1567
13/05/2021,NUSA TENGGARA TIMUR,4,6,49,-51,15500,13581,403,1516
14/05/2021,NUSA TENGGARA TIMUR,77,1,75,1,15577,13656,404,1517
15/05/2021,NUSA TENGGARA TIMUR,5,0,32,-27,15582,13688,404,1490
16/05/2021,NUSA TENGGARA TIMUR,0,0,43,-43,15582,13731,404,1447
17/05/2021,NUSA TENGGARA TIMUR,53,2,372,-321,15635,14103,406,1126
18/05/2021,NUSA TENGGARA TIMUR,50,1,92,-43,15685,14195,407,1083
19/05/2021,NUSA TENGGARA TIMUR,10,0,78,-68,15695,14273,407,1015
20/05/2021,NUSA TENGGARA TIMUR,12,1,57,-46,15707,14330,408,969
21/05/2021,NUSA TENGGARA TIMUR,16,2,17,-3,15723,14347,410,966
22/05/2021,NUSA TENGGARA TIMUR,36,0,43,-7,15759,14390,410,959
23/05/2021,NUSA TENGGARA TIMUR,50,2,119,-71,15809,14509,412,888
24/05/2021,NUSA TENGGARA TIMUR,67,1,118,-52,15876,14627,413,836
25/05/2021,NUSA TENGGARA TIMUR,10,0,72,-62,15886,14699,413,774
26/05/2021,NUSA TENGGARA TIMUR,21,1,4,16,15907,14703,414,790
27/05/2021,NUSA TENGGARA TIMUR,1,0,1,0,15908,14704,414,790
28/05/2021,NUSA TENGGARA TIMUR,175,2,170,3,16083,14874,416,793
29/05/2021,NUSA TENGGARA TIMUR,2,0,1,1,16085,14875,416,794
30/05/2021,NUSA TENGGARA TIMUR,25,1,11,13,16110,14886,417,807
31/05/2021,NUSA TENGGARA TIMUR,150,3,123,24,16260,15009,420,831
01/06/2021,NUSA TENGGARA TIMUR,8,0,49,-41,16268,15058,420,790
02/06/2021,NUSA TENGGARA TIMUR,61,0,6,55,16329,15064,420,845
03/06/2021,NUSA TENGGARA TIMUR,33,1,99,-67,16362,15163,421,778
04/06/2021,NUSA TENGGARA TIMUR,233,3,271,-41,16595,15434,424,737
05/06/2021,NUSA TENGGARA TIMUR,29,2,43,-16,16624,15477,426,721
06/06/2021,NUSA TENGGARA TIMUR,70,3,55,12,16694,15532,429,733
07/06/2021,NUSA TENGGARA TIMUR,177,2,181,-6,16871,15713,431,727
08/06/2021,NUSA TENGGARA TIMUR,84,7,128,-51,16955,15841,438,676
09/06/2021,NUSA TENGGARA TIMUR,26,1,24,1,16981,15865,439,677
10/06/2021,NUSA TENGGARA TIMUR,63,2,13,48,17044,15878,441,725
11/06/2021,NUSA TENGGARA TIMUR,10,1,7,2,17054,15885,442,727
12/06/2021,NUSA TENGGARA TIMUR,50,3,43,4,17104,15928,445,731
13/06/2021,NUSA TENGGARA TIMUR,60,2,74,-16,17164,16002,447,715
